
 Log information for the data set datasetJHG2v5nv3out0_2.dat >>

 alpha = 0.05 sepVal = 0.34

 Number of clusters >> 2

 cluster sizes >>
50 50

 Number of data points >> 100

 Number of dimensions >> 8

 Number of noisy dimensions >> 3

 noisy variables >>
3 6 8

 Number of outliers >> 0

 initial eigenvalues for each cluster >> 
 (rows correspond to clusters)
6.061 5.037 9.905 5.838 3.006
2.774 7.916 3.422 1.576 5.728

 Mean vectors and covariance matrices before rotation --- 1th cluster >>

 mean vector (mu'=Q*mu)>>
-8.139 0 0 0 0 0 0 0

 covariance matrix (Sigma'=Q*Sigma*t(Q))>>

5.659 0.345 -1.083 -0.012 1.04 0 0 0
0.345 5.258 -0.224 0.128 0.392 0 0 0
-1.083 -0.224 9.561 -0.295 -0.063 0 0 0
-0.012 0.128 -0.295 5.865 0.323 0 0 0
1.04 0.392 -0.063 0.323 3.504 0 0 0
0 0 0 0 0 22.064 -3.468 -2.026
0 0 0 0 0 -3.468 11.159 -2.542
0 0 0 0 0 -2.026 -2.542 37.752

 Mean vectors and covariance matrices before rotation --- 2th cluster >>

 mean vector (mu'=Q*mu)>>
8.139 0 0 0 0 0 0 0

 covariance matrix (Sigma'=Q*Sigma*t(Q))>>

3.129 -0.519 -0.324 0.415 -0.166 0 0 0
-0.519 7.843 -0.294 -0.074 -0.033 0 0 0
-0.324 -0.294 3.009 0.113 -0.103 0 0 0
0.415 -0.074 0.113 1.72 -0.018 0 0 0
-0.166 -0.033 -0.103 -0.018 5.714 0 0 0
0 0 0 0 0 22.064 -3.468 -2.026
0 0 0 0 0 -3.468 11.159 -2.542
0 0 0 0 0 -2.026 -2.542 37.752

 Final eigenvalues for each cluster >> 
 (rows correspond to clusters)
38.176 22.975 9.905 9.825 6.061 5.838 5.037 3.006
38.176 22.975 9.825 7.916 5.728 3.422 2.774 1.576

 *************************************************

 ********************* rotation ******************

 *************************************************


 The orthogonal matrix Q >>
0.053 0.487 0.427 0.75 0.12
0.487 -0.774 0.198 0.347 0.056
0.427 0.198 -0.826 0.305 0.049
0.75 0.347 0.305 -0.466 0.086
0.12 0.056 0.049 0.086 -0.986

 Mean vectors and covariance matrices after rotation --- 1th cluster >>

 mean vector (mu'=Q*mu)>>
-3.478 -0.98 0 -3.967 -0.429 0 -6.104 0

 covariance matrix (Sigma'=Q*Sigma*t(Q))>>

9.446 -0.578 0 -0.355 -1.105 0 -0.409 0
-0.578 3.223 0 -0.196 -0.155 0 -0.556 0
0 0 11.159 0 0 -3.468 0 -2.542
-0.355 -0.196 0 5.109 0.321 0 -0.002 0
-1.105 -0.155 0 0.321 6.251 0 0.166 0
0 0 -3.468 0 0 22.064 0 -2.026
-0.409 -0.556 0 -0.002 0.166 0 5.818 0
0 0 -2.542 0 0 -2.026 0 37.752

 Mean vectors and covariance matrices after rotation --- 2th cluster >>

 mean vector (mu'=Q*mu)>>
3.478 0.98 0 3.967 0.429 0 6.104 0

 covariance matrix (Sigma'=Q*Sigma*t(Q))>>

3.387 -0.075 0 -0.713 0.184 0 0.694 0
-0.075 5.7 0 -0.24 -0.217 0 0.008 0
0 0 11.159 0 0 -3.468 0 -2.542
-0.713 -0.24 0 6.395 -2.034 0 -0.904 0
0.184 -0.217 0 -2.034 3.34 0 1.103 0
0 0 -3.468 0 0 22.064 0 -2.026
0.694 0.008 0 -0.904 1.103 0 2.594 0
0 0 -2.542 0 0 -2.026 0 37.752

 Final eigenvalues for each cluster >> 
 (rows correspond to clusters)
38.176 22.975 9.905 9.825 6.061 5.838 5.037 3.006
38.176 22.975 9.825 7.916 5.728 3.422 2.774 1.576

 theoretical Separation index matrix >>

-1 0.34
0.34 -1

 theoretical projection directions >>

**** cluster 1 and 2
0.315 0.19 0 0.457 0.058 0 0.808 0

 empirical Separation index matrix (alpha= 0.05 )>>

-1 0.411
0.411 -1

 empirical projection directions >>

**** cluster 1 and 2
0.192 0.151 -0.12 0.313 -0.21 0.009 0.883 0.058
