
 Log information for the data set datasetJHG5v5nv3out0_2.dat >>

 alpha = 0.05 sepVal = 0.34

 Number of clusters >> 5

 cluster sizes >>
50 50 50 50 50

 Number of data points >> 250

 Number of dimensions >> 8

 Number of noisy dimensions >> 3

 noisy variables >>
1 3 4

 Number of outliers >> 0

 initial eigenvalues for each cluster >> 
 (rows correspond to clusters)
8.766 7.027 2.695 9.07 9.067
7.759 1.888 1.296 5.906 6.226
6.832 6.026 3.165 8.505 3.759
5.029 1.119 4.491 1.368 2.638
2.724 1.193 8.162 9.825 2.66

 Mean vectors and covariance matrices before rotation --- 1th cluster >>

 mean vector (mu'=Q*mu)>>
-10.368 0 0 0 0 3.83 3.931 3.536

 covariance matrix (Sigma'=Q*Sigma*t(Q))>>

8.047 0.612 1.25 -0.366 -0.672 0 0 0
0.612 7.901 0.897 0.153 0.284 0 0 0
1.25 0.897 3.276 0.414 0.764 0 0 0
-0.366 0.153 0.414 8.902 -0.309 0 0 0
-0.672 0.284 0.764 -0.309 8.498 0 0 0
0 0 0 0 0 37.903 0.362 -0.763
0 0 0 0 0 0.362 34.79 -0.011
0 0 0 0 0 -0.763 -0.011 41.728

 Mean vectors and covariance matrices before rotation --- 2th cluster >>

 mean vector (mu'=Q*mu)>>
10.368 0 0 0 0 3.83 3.931 3.536

 covariance matrix (Sigma'=Q*Sigma*t(Q))>>

5.233 2.626 0.485 -0.91 -1.067 0 0 0
2.626 7.901 0.85 1.714 1.525 0 0 0
0.485 0.85 1.924 0.292 0.262 0 0 0
-0.91 1.714 0.292 8.25 0.02 0 0 0
-1.067 1.525 0.262 0.02 8.544 0 0 0
0 0 0 0 0 37.903 0.362 -0.763
0 0 0 0 0 0.362 34.79 -0.011
0 0 0 0 0 -0.763 -0.011 41.728

 Mean vectors and covariance matrices before rotation --- 3th cluster >>

 mean vector (mu'=Q*mu)>>
0 17.958 0 0 0 3.83 3.931 3.536

 covariance matrix (Sigma'=Q*Sigma*t(Q))>>

5.834 0.088 1.431 -0.824 0.601 0 0 0
0.088 6.187 0.586 -0.173 0.259 0 0 0
1.431 0.586 4.112 0.146 0.451 0 0 0
-0.824 -0.173 0.146 8.182 0.043 0 0 0
0.601 0.259 0.451 0.043 3.972 0 0 0
0 0 0 0 0 37.903 0.362 -0.763
0 0 0 0 0 0.362 34.79 -0.011
0 0 0 0 0 -0.763 -0.011 41.728

 Mean vectors and covariance matrices before rotation --- 4th cluster >>

 mean vector (mu'=Q*mu)>>
0 5.986 16.931 0 0 3.83 3.931 3.536

 covariance matrix (Sigma'=Q*Sigma*t(Q))>>

6.167 2.978 -1.027 1.096 0.442 0 0 0
2.978 5.436 1.61 1.263 0.911 0 0 0
-1.027 1.61 8.725 0.604 0.301 0 0 0
1.096 1.263 0.604 3.203 0.353 0 0 0
0.442 0.911 0.301 0.353 5.453 0 0 0
0 0 0 0 0 37.903 0.362 -0.763
0 0 0 0 0 0.362 34.79 -0.011
0 0 0 0 0 -0.763 -0.011 41.728

 Mean vectors and covariance matrices before rotation --- 5th cluster >>

 mean vector (mu'=Q*mu)>>
0 5.986 4.233 16.393 0 3.83 3.931 3.536

 covariance matrix (Sigma'=Q*Sigma*t(Q))>>

5.29 1.645 -1.808 -2.404 0.809 0 0 0
1.645 2.038 -0.364 -0.602 0.511 0 0 0
-1.808 -0.364 6.435 -1.852 -0.541 0 0 0
-2.404 -0.602 -1.852 7.887 -0.724 0 0 0
0.809 0.511 -0.541 -0.724 2.915 0 0 0
0 0 0 0 0 37.903 0.362 -0.763
0 0 0 0 0 0.362 34.79 -0.011
0 0 0 0 0 -0.763 -0.011 41.728

 Final eigenvalues for each cluster >> 
 (rows correspond to clusters)
41.876 37.798 34.748 9.07 9.067 8.766 7.027 2.695
41.876 37.798 34.748 10.712 8.594 8.153 2.606 1.788
41.876 37.798 34.748 8.505 6.832 6.026 3.759 3.165
41.876 37.798 34.748 9.952 8.888 5.22 2.708 2.215
41.876 37.798 34.748 9.825 8.162 2.724 2.66 1.193

 *************************************************

 ********************* rotation ******************

 *************************************************


 The orthogonal matrix Q >>
0.601 0.594 0.481 0.217 0.086
0.594 -0.78 0.178 0.08 0.032
0.481 0.178 -0.855 0.065 0.026
0.217 0.08 0.065 -0.971 0.012
0.086 0.032 0.026 0.012 -0.995

 Mean vectors and covariance matrices after rotation --- 1th cluster >>

 mean vector (mu'=Q*mu)>>
3.536 -4.99 3.931 3.83 -6.156 -0.894 -6.234 -2.245

 covariance matrix (Sigma'=Q*Sigma*t(Q))>>

41.728 0 -0.011 -0.763 0 0 0 0
0 3.243 0 0 0.587 0.95 1.286 0.494
-0.011 0 34.79 0.362 0 0 0 0
-0.763 0 0.362 37.903 0 0 0 0
0 0.587 0 0 7.187 0.465 -0.24 0.13
0 0.95 0 0 0.465 8.566 -0.027 -0.209
0 1.286 0 0 -0.24 -0.027 8.649 -0.036
0 0.494 0 0 0.13 -0.209 -0.036 8.98

 Mean vectors and covariance matrices after rotation --- 2th cluster >>

 mean vector (mu'=Q*mu)>>
3.536 4.99 3.931 3.83 6.156 0.894 6.234 2.245

 covariance matrix (Sigma'=Q*Sigma*t(Q))>>

41.728 0 -0.011 -0.763 0 0 0 0
0 2.631 0 0 -0.375 0.493 2.158 0.472
-0.011 0 34.79 0.362 0 0 0 0
-0.763 0 0.362 37.903 0 0 0 0
0 -0.375 0 0 3.801 1.434 -2.288 0.993
0 0.493 0 0 1.434 8.603 -0.421 0.1
0 2.158 0 0 -2.288 -0.421 8.548 -0.614
0 0.472 0 0 0.993 0.1 -0.614 8.27

 Mean vectors and covariance matrices after rotation --- 3th cluster >>

 mean vector (mu'=Q*mu)>>
3.536 3.205 3.931 3.83 -14.004 0.574 10.663 1.442

 covariance matrix (Sigma'=Q*Sigma*t(Q))>>

41.728 0 -0.011 -0.763 0 0 0 0
0 3.178 0 0 -0.055 0.03 0.019 0.232
-0.011 0 34.79 0.362 0 0 0 0
-0.763 0 0.362 37.903 0 0 0 0
0 -0.055 0 0 6.028 -0.169 0.049 0.164
0 0.03 0 0 -0.169 3.851 -0.497 -0.056
0 0.019 0 0 0.049 -0.497 6.78 0.227
0 0.232 0 0 0.164 -0.056 0.227 8.449

 Mean vectors and covariance matrices after rotation --- 4th cluster >>

 mean vector (mu'=Q*mu)>>
3.536 -13.413 3.931 3.83 -1.646 0.63 11.703 1.583

 covariance matrix (Sigma'=Q*Sigma*t(Q))>>

41.728 0 -0.011 -0.763 0 0 0 0
0 8.906 0 0 0.45 -0.052 -0.192 0.123
-0.011 0 34.79 0.362 0 0 0 0
-0.763 0 0.362 37.903 0 0 0 0
0 0.45 0 0 2.3 0.227 -0.59 0.049
0 -0.052 0 0 0.227 5.321 -0.692 0.093
0 -0.192 0 0 -0.59 -0.692 9.723 -0.398
0 0.123 0 0 0.049 0.093 -0.398 2.734

 Mean vectors and covariance matrices after rotation --- 5th cluster >>

 mean vector (mu'=Q*mu)>>
3.536 -1.485 3.931 3.83 -2.596 0.492 9.141 -15.157

 covariance matrix (Sigma'=Q*Sigma*t(Q))>>

41.728 0 -0.011 -0.763 0 0 0 0
0 8.004 0 0 0.323 -0.716 0.507 -0.171
-0.011 0 34.79 0.362 0 0 0 0
-0.763 0 0.362 37.903 0 0 0 0
0 0.323 0 0 1.346 0.072 0.349 0.911
0 -0.716 0 0 0.072 2.802 -0.292 -0.628
0 0.507 0 0 0.349 -0.292 3.33 1.883
0 -0.171 0 0 0.911 -0.628 1.883 9.082

 Final eigenvalues for each cluster >> 
 (rows correspond to clusters)
41.876 37.798 34.748 9.07 9.067 8.766 7.027 2.695
41.876 37.798 34.748 10.712 8.594 8.153 2.606 1.788
41.876 37.798 34.748 8.505 6.832 6.026 3.759 3.165
41.876 37.798 34.748 9.952 8.888 5.22 2.708 2.215
41.876 37.798 34.748 9.825 8.162 2.724 2.66 1.193

 theoretical Separation index matrix >>

-1 0.378 0.34 0.34 0.377
0.378 -1 0.412 0.414 0.34
0.34 0.412 -1 0.406 0.398
0.34 0.414 0.406 -1 0.353
0.377 0.34 0.398 0.353 -1

 theoretical projection directions >>

**** cluster 1 and 2
0 0.645 0 0 0.68 -0.071 0.337 0.057

**** cluster 1 and 3
0 0.673 0 0 -0.386 0.063 0.619 0.102

**** cluster 1 and 4
0 -0.576 0 0 0.382 0.121 0.671 0.24

**** cluster 1 and 5
0 0.021 0 0 0.303 0.043 0.821 -0.481

**** cluster 2 and 3
0 -0.241 0 0 -0.962 0.111 0.012 0.063

**** cluster 2 and 4
0 -0.855 0 0 -0.469 0.102 0.176 0.088

**** cluster 2 and 5
0 -0.364 0 0 -0.769 0.053 0.171 -0.494

**** cluster 3 and 4
0 -0.676 0 0 0.736 0.003 0.047 0.014

**** cluster 3 and 5
0 -0.19 0 0 0.865 -0.084 0.019 -0.457

**** cluster 4 and 5
0 0.4 0 0 -0.046 -0.024 -0.047 -0.914

 empirical Separation index matrix (alpha= 0.05 )>>

-1 0.377 0.412 0.427 0.336
0.377 -1 0.348 0.376 0.371
0.412 0.348 -1 0.438 0.413
0.427 0.376 0.438 -1 0.407
0.336 0.371 0.413 0.407 -1

 empirical projection directions >>

**** cluster 1 and 2
-0.003 -0.724 0.004 -0.006 -0.629 0.202 -0.196 -0.031

**** cluster 1 and 3
0.022 -0.153 -0.011 -0.004 -0.966 0.149 0.07 0.123

**** cluster 1 and 4
0.013 -0.89 0.059 -0.031 -0.342 0.157 0.173 0.177

**** cluster 1 and 5
0.058 -0.264 -0.008 -0.039 -0.671 -0.006 0.285 -0.628

**** cluster 2 and 3
-0.023 0.756 -0.079 -0.121 -0.379 0.047 0.487 0.155

**** cluster 2 and 4
-0.087 -0.698 0.039 -0.06 0.372 -0.004 0.577 0.169

**** cluster 2 and 5
0.052 0.045 0.038 -0.053 0.309 0.102 0.739 -0.583

**** cluster 3 and 4
-0.043 -0.75 0.017 -0.012 0.656 -0.068 0.021 -0.005

**** cluster 3 and 5
0.035 -0.169 -0.052 0.037 0.803 -0.058 -0.111 -0.553

**** cluster 4 and 5
0.037 0.409 0.011 -0.038 0.048 0.117 -0.035 -0.901
