
 Log information for the data set datasetJMG2v10nv0out0_3.dat >>

 alpha = 0.05 sepVal = 0.21

 Number of clusters >> 2

 cluster sizes >>
50 50

 Number of data points >> 100

 Number of dimensions >> 10

 Number of noisy dimensions >> 0

 noisy variables >>
0

 Number of outliers >> 0

 initial eigenvalues for each cluster >> 
 (rows correspond to clusters)
3.192 3.182 8.503 4.057 7.371 6.599 3.291 2.813 3.849 5.159
1.067 9.442 2.074 1.398 1.026 2.056 1.011 3.998 6.489 5.312

 Mean vectors and covariance matrices before rotation --- 1th cluster >>

 mean vector (mu'=Q*mu)>>
-5.45 0 0 0 0 0 0 0 0 0

 covariance matrix (Sigma'=Q*Sigma*t(Q))>>

4.959 0.387 -1.562 0.066 -0.693 -0.873 0.385 0.718 0.276 -0.006
0.387 3.267 -0.339 0.015 -0.15 -0.189 0.085 0.157 0.061 -0.001
-1.562 -0.339 7.383 -0.195 -0.611 -0.96 -0.377 -0.449 -0.549 -0.019
0.066 0.015 -0.195 4.053 -0.093 -0.127 0.012 0.037 -0.006 -0.002
-0.693 -0.15 -0.611 -0.093 7.044 -0.505 -0.169 -0.191 -0.257 -0.009
-0.873 -0.189 -0.96 -0.127 -0.505 5.831 -0.215 -0.226 -0.347 -0.014
0.385 0.085 -0.377 0.012 -0.169 -0.215 3.375 0.159 0.056 -0.002
0.718 0.157 -0.449 0.037 -0.191 -0.226 0.159 3.092 0.135 -0.001
0.276 0.061 -0.549 -0.006 -0.257 -0.347 0.056 0.135 3.855 -0.004
-0.006 -0.001 -0.019 -0.002 -0.009 -0.014 -0.002 -0.001 -0.004 5.159

 Mean vectors and covariance matrices before rotation --- 2th cluster >>

 mean vector (mu'=Q*mu)>>
5.45 0 0 0 0 0 0 0 0 0

 covariance matrix (Sigma'=Q*Sigma*t(Q))>>

3.028 -1.596 0.082 0.477 0.187 0.041 0.47 -0.243 -1.418 -1.151
-1.596 8.901 -0.309 -0.54 -0.147 -0.144 -0.364 -0.236 -0.67 -0.692
0.082 -0.309 2.046 0 0.009 -0.013 0.022 -0.067 -0.299 -0.262
0.477 -0.54 0 1.502 0.046 0.001 0.116 -0.095 -0.496 -0.415
0.187 -0.147 0.009 0.046 1.043 0.004 0.045 -0.022 -0.13 -0.105
0.041 -0.144 -0.013 0.001 0.004 2.05 0.011 -0.031 -0.139 -0.122
0.47 -0.364 0.022 0.116 0.045 0.011 1.124 -0.054 -0.322 -0.26
-0.243 -0.236 -0.067 -0.095 -0.022 -0.031 -0.054 3.926 -0.254 -0.241
-1.418 -0.67 -0.299 -0.496 -0.13 -0.139 -0.322 -0.254 5.706 -0.782
-1.151 -0.692 -0.262 -0.415 -0.105 -0.122 -0.26 -0.241 -0.782 4.547

 Final eigenvalues for each cluster >> 
 (rows correspond to clusters)
8.503 7.371 6.599 5.159 4.057 3.849 3.291 3.192 3.182 2.813
9.442 6.489 5.312 3.998 2.074 2.056 1.398 1.067 1.026 1.011

 *************************************************

 ********************* rotation ******************

 *************************************************


 The orthogonal matrix Q >>
0.391 0.249 0.259 0.466 0.272 0.035 0.452 0.292 0.358 0.087
0.249 -0.956 0.046 0.083 0.049 0.006 0.081 0.052 0.064 0.016
0.259 0.046 -0.952 0.087 0.051 0.007 0.084 0.054 0.067 0.016
0.466 0.083 0.087 -0.844 0.091 0.012 0.151 0.098 0.12 0.029
0.272 0.049 0.051 0.091 -0.947 0.007 0.088 0.057 0.07 0.017
0.035 0.006 0.007 0.012 0.007 -0.999 0.011 0.007 0.009 0.002
0.452 0.081 0.084 0.151 0.088 0.011 -0.853 0.095 0.116 0.028
0.292 0.052 0.054 0.098 0.057 0.007 0.095 -0.939 0.075 0.018
0.358 0.064 0.067 0.12 0.07 0.009 0.116 0.075 -0.908 0.022
0.087 0.016 0.016 0.029 0.017 0.002 0.028 0.018 0.022 -0.995

 Mean vectors and covariance matrices after rotation --- 1th cluster >>

 mean vector (mu'=Q*mu)>>
-2.462 -1.412 -2.541 -0.193 -1.482 -1.954 -2.133 -1.59 -0.473 -1.356

 covariance matrix (Sigma'=Q*Sigma*t(Q))>>

3.408 0.384 0.095 0.419 0.09 0.073 0.255 -0.017 -0.009 0.029
0.384 8.245 0.618 -0.538 -0.016 0.05 0.648 -0.071 0.12 0.038
0.095 0.618 4.187 0.532 0.204 0.05 0.08 -0.114 0 -0.016
0.419 -0.538 0.532 5.93 -0.104 0.155 1.063 0.168 0.107 0.155
0.09 -0.016 0.204 -0.104 7.344 -0.057 -0.035 -0.143 0.032 -0.052
0.073 0.05 0.05 0.155 -0.057 3.861 0.144 -0.011 -0.012 0.012
0.255 0.648 0.08 1.063 -0.035 0.144 3.841 0.026 -0.074 0.089
-0.017 -0.071 -0.114 0.168 -0.143 -0.011 0.026 2.85 -0.044 0.013
-0.009 0.12 0 0.107 0.032 -0.012 -0.074 -0.044 5.155 -0.02
0.029 0.038 -0.016 0.155 -0.052 0.012 0.089 0.013 -0.02 3.196

 Mean vectors and covariance matrices after rotation --- 2th cluster >>

 mean vector (mu'=Q*mu)>>
2.462 1.412 2.541 0.193 1.482 1.954 2.133 1.59 0.473 1.356

 covariance matrix (Sigma'=Q*Sigma*t(Q))>>

1.086 0.045 0.067 0.024 0.057 0.14 0.16 -0.047 0.49 0.09
0.045 2.085 0.018 -0.002 0.042 0.001 0.042 -0.034 0.176 -0.024
0.067 0.018 1.44 0.014 0.052 -0.027 0.125 -0.095 0.357 -0.077
0.024 -0.002 0.014 2.052 0.015 -0.09 0.067 -0.02 -0.06 -0.099
0.057 0.042 0.052 0.015 1.071 0.176 0.107 0.005 0.353 0.146
0.14 0.001 -0.027 -0.09 0.176 6.463 -0.149 0.069 -0.092 -0.039
0.16 0.042 0.125 0.067 0.107 -0.149 1.475 -0.347 1.12 -0.304
-0.047 -0.034 -0.095 -0.02 0.005 0.069 -0.347 3.951 0.249 0.075
0.49 0.176 0.357 -0.06 0.353 -0.092 1.12 0.249 4.836 -0.188
0.09 -0.024 -0.077 -0.099 0.146 -0.039 -0.304 0.075 -0.188 9.412

 Final eigenvalues for each cluster >> 
 (rows correspond to clusters)
8.503 7.371 6.599 5.159 4.057 3.849 3.291 3.192 3.182 2.813
9.442 6.489 5.312 3.998 2.074 2.056 1.398 1.067 1.026 1.011

 theoretical Separation index matrix >>

-1 0.21
0.21 -1

 theoretical projection directions >>

**** cluster 1 and 2
0.587 0.086 0.51 -0.088 0.191 0.175 0.459 0.292 -0.081 0.106

 empirical Separation index matrix (alpha= 0.05 )>>

-1 0.165
0.165 -1

 empirical projection directions >>

**** cluster 1 and 2
-0.593 -0.185 -0.504 0.271 -0.118 -0.146 -0.426 -0.221 0.087 -0.121
