
 Log information for the data set datasetJMG3v10nv1out0_1.dat >>

 alpha = 0.05 sepVal = 0.21

 Number of clusters >> 3

 cluster sizes >>
50 50 50

 Number of data points >> 150

 Number of dimensions >> 11

 Number of noisy dimensions >> 1

 noisy variables >>
7

 Number of outliers >> 0

 initial eigenvalues for each cluster >> 
 (rows correspond to clusters)
1.185 8.295 9.093 7.938 4.691 2.954 4.136 5.82 9.409 8.857
9.76 8.523 3.242 5.632 8.347 5.474 7.014 4.357 6.761 4.277
8.523 6.894 9.548 4.531 2.757 6.046 6.69 3.944 1.105 9.15

 Mean vectors and covariance matrices before rotation --- 1th cluster >>

 mean vector (mu'=Q*mu)>>
-8.175 0 0 0 0 0 0 0 0 0 4.023

 covariance matrix (Sigma'=Q*Sigma*t(Q))>>

9.723 -1.331 -0.714 -1.304 0.503 0.513 1.159 0.024 -2.293 -0.505 0
-1.331 10.044 -0.756 -1.925 -0.798 -0.237 -1.144 -0.635 -2.278 -0.564 0
-0.714 -0.756 12.586 -0.841 -0.364 -0.113 -0.528 -0.284 -0.984 -0.245 0
-1.304 -1.925 -0.841 9.142 -0.864 -0.249 -1.229 -0.694 -2.536 -0.627 0
0.503 -0.798 -0.364 -0.864 6.432 -0.023 -0.275 -0.229 -1.114 -0.268 0
0.513 -0.237 -0.113 -0.249 -0.023 4.216 0 -0.047 -0.352 -0.082 0
1.159 -1.144 -0.528 -1.229 -0.275 0 5.577 -0.303 -1.623 -0.388 0
0.024 -0.635 -0.284 -0.694 -0.229 -0.047 -0.303 8.062 -0.863 -0.21 0
-2.293 -2.278 -0.984 -2.536 -1.114 -0.352 -1.623 -0.863 10.406 -0.736 0
-0.505 -0.564 -0.245 -0.627 -0.268 -0.082 -0.388 -0.21 -0.736 12.395 0
0 0 0 0 0 0 0 0 0 0 43.634

 Mean vectors and covariance matrices before rotation --- 2th cluster >>

 mean vector (mu'=Q*mu)>>
8.175 0 0 0 0 0 0 0 0 0 4.023

 covariance matrix (Sigma'=Q*Sigma*t(Q))>>

5.852 -0.573 1.431 0.097 -0.554 0.361 -0.202 0.364 -0.066 0.974 0
-0.573 8.471 0.467 0.055 -0.042 0.187 0.073 0.136 0.066 0.358 0
1.431 0.467 4.787 0.291 0.515 0.941 0.896 0.527 0.63 1.374 0
0.097 0.055 0.291 5.682 0.063 0.161 0.135 0.095 0.097 0.249 0
-0.554 -0.042 0.515 0.063 8.316 0.213 0.095 0.151 0.082 0.399 0
0.361 0.187 0.941 0.161 0.213 5.998 0.445 0.309 0.321 0.808 0
-0.202 0.073 0.896 0.135 0.095 0.445 7.33 0.281 0.237 0.738 0
0.364 0.136 0.527 0.095 0.151 0.309 0.281 4.534 0.2 0.462 0
-0.066 0.066 0.63 0.097 0.082 0.321 0.237 0.2 6.937 0.523 0
0.974 0.358 1.374 0.249 0.399 0.808 0.738 0.462 0.523 5.481 0
0 0 0 0 0 0 0 0 0 0 43.634

 Mean vectors and covariance matrices before rotation --- 3th cluster >>

 mean vector (mu'=Q*mu)>>
0 14.159 0 0 0 0 0 0 0 0 4.023

 covariance matrix (Sigma'=Q*Sigma*t(Q))>>

6.029 -0.021 -0.819 1.163 0.425 0.255 0.022 0.126 2.168 -0.544 0
-0.021 6.988 -0.067 0.403 0.121 0.16 0.058 0.04 0.565 -0.033 0
-0.819 -0.067 9.316 0.132 0.065 -0.017 -0.029 0.017 0.365 -0.16 0
1.163 0.403 0.132 5.632 0.291 0.539 0.229 0.104 1.271 0.134 0
0.425 0.121 0.065 0.291 2.83 0.153 0.068 0.027 0.31 0.057 0
0.255 0.16 -0.017 0.539 0.153 6.284 0.094 0.052 0.693 0.008 0
0.022 0.058 -0.029 0.229 0.068 0.094 6.725 0.023 0.313 -0.013 0
0.126 0.04 0.017 0.104 0.027 0.052 0.023 3.953 0.116 0.016 0
2.168 0.565 0.365 1.271 0.31 0.693 0.313 0.116 2.39 0.307 0
-0.544 -0.033 -0.16 0.134 0.057 0.008 -0.013 0.016 0.307 9.041 0
0 0 0 0 0 0 0 0 0 0 43.634

 Final eigenvalues for each cluster >> 
 (rows correspond to clusters)
43.634 13.361 12.913 12.578 11.78 11.273 8.265 6.662 5.873 4.194 1.683
43.634 9.76 8.523 8.347 7.014 6.761 5.632 5.474 4.357 4.277 3.242
43.634 9.548 9.15 8.523 6.894 6.69 6.046 4.531 3.944 2.757 1.105

 *************************************************

 ********************* rotation ******************

 *************************************************


 The orthogonal matrix Q >>
0.308 0.135 0.227 0.488 0.068 0.417 0.115 0.344 0.274 0.46
0.135 -0.986 0.023 0.05 0.007 0.043 0.012 0.036 0.028 0.048
0.227 0.023 -0.961 0.085 0.012 0.072 0.02 0.06 0.048 0.08
0.488 0.05 0.085 -0.818 0.025 0.156 0.043 0.128 0.102 0.172
0.068 0.007 0.012 0.025 -0.996 0.022 0.006 0.018 0.014 0.024
0.417 0.043 0.072 0.156 0.022 -0.867 0.037 0.11 0.087 0.147
0.115 0.012 0.02 0.043 0.006 0.037 -0.99 0.03 0.024 0.041
0.344 0.036 0.06 0.128 0.018 0.11 0.03 -0.909 0.072 0.121
0.274 0.028 0.048 0.102 0.014 0.087 0.024 0.072 -0.943 0.096
0.46 0.048 0.08 0.172 0.024 0.147 0.041 0.121 0.096 -0.838

 Mean vectors and covariance matrices after rotation --- 1th cluster >>

 mean vector (mu'=Q*mu)>>
-1.103 -3.764 -2.514 -3.987 -2.239 -0.941 4.023 -2.815 -3.413 -1.856 -0.555

 covariance matrix (Sigma'=Q*Sigma*t(Q))>>

10.827 0.655 2.209 -0.251 -0.987 -0.785 0 0.406 1.048 -0.022 -0.547
0.655 11.596 -2.501 -0.165 0.72 -0.403 0 -0.366 -0.192 -0.184 -0.143
2.209 -2.501 4.828 0.295 2.002 1.182 0 -0.214 0.448 -0.406 0.9
-0.251 -0.165 0.295 11.017 -0.216 -0.919 0 0.119 0.82 -0.132 -0.538
-0.987 0.72 2.002 -0.216 12.42 -1.15 0 0.488 1.333 0.004 -0.755
-0.785 -0.403 1.182 -0.919 -1.15 5.619 0 -0.205 0.14 -0.422 -0.217
0 0 0 0 0 0 43.634 0 0 0 0
0.406 -0.366 -0.214 0.119 0.488 -0.205 0 8.276 0.271 -0.021 -0.07
1.048 -0.192 0.448 0.82 1.333 0.14 0 0.271 4.672 0.245 0.181
-0.022 -0.184 -0.406 -0.132 0.004 -0.422 0 -0.021 0.245 12.84 -0.235
-0.547 -0.143 0.9 -0.538 -0.755 -0.217 0 -0.07 0.181 -0.235 6.486

 Mean vectors and covariance matrices after rotation --- 2th cluster >>

 mean vector (mu'=Q*mu)>>
1.103 3.764 2.514 3.987 2.239 0.941 4.023 2.815 3.413 1.856 0.555

 covariance matrix (Sigma'=Q*Sigma*t(Q))>>

8.508 0.261 -0.262 0.168 0.06 0.018 0 0.176 0.164 0.192 -0.015
0.261 4.387 -0.13 -0.172 0.049 0.36 0 0.031 0.039 0.059 0.379
-0.262 -0.13 8.409 1.023 -0.22 -0.773 0 0.64 -0.004 -1.314 -0.316
0.168 -0.172 1.023 6.017 0.034 -0.08 0 0.191 0.016 -0.737 0.151
0.06 0.049 -0.22 0.034 6.761 0.057 0 0.076 0.024 -0.064 0.096
0.018 0.36 -0.773 -0.08 0.057 7.209 0 0.096 0.159 0.516 0.075
0 0 0 0 0 0 43.634 0 0 0 0
0.176 0.031 0.64 0.191 0.076 0.096 0 4.502 0.086 -0.265 0.194
0.164 0.039 -0.004 0.016 0.024 0.159 0 0.086 5.504 -0.14 0.228
0.192 0.059 -1.314 -0.737 -0.064 0.516 0 -0.265 -0.14 3.757 0.391
-0.015 0.379 -0.316 0.151 0.096 0.075 0 0.194 0.228 0.391 8.334

 Mean vectors and covariance matrices after rotation --- 3th cluster >>

 mean vector (mu'=Q*mu)>>
-13.962 0.673 1.91 0.712 0.4 0.168 4.023 0.503 0.61 0.332 0.099

 covariance matrix (Sigma'=Q*Sigma*t(Q))>>

6.921 -0.16 -0.241 0.137 0.214 0.01 0 0.05 0.021 -0.064 0.042
-0.16 8.951 -0.319 -0.413 -0.687 -0.089 0 0.308 -0.155 0.02 -0.162
-0.241 -0.319 8.024 0.116 -0.37 -0.076 0 1.314 0.227 -0.072 -0.128
0.137 -0.413 0.116 4.573 -0.051 0.035 0 0.075 -0.043 0.099 -0.008
0.214 -0.687 -0.37 -0.051 1.239 0.033 0 -0.413 -0.257 0.008 0.041
0.01 -0.089 -0.076 0.035 0.033 6.692 0 0.055 0.004 -0.011 0.005
0 0 0 0 0 0 43.634 0 0 0 0
0.05 0.308 1.314 0.075 -0.413 0.055 0 4.441 0.256 0.328 -0.084
0.021 -0.155 0.227 -0.043 -0.257 0.004 0 0.256 6.063 0.106 -0.059
-0.064 0.02 -0.072 0.099 0.008 -0.011 0 0.328 0.106 9.516 -0.01
0.042 -0.162 -0.128 -0.008 0.041 0.005 0 -0.084 -0.059 -0.01 2.767

 Final eigenvalues for each cluster >> 
 (rows correspond to clusters)
43.634 13.361 12.913 12.578 11.78 11.273 8.265 6.662 5.873 4.194 1.683
43.634 9.76 8.523 8.347 7.014 6.761 5.632 5.474 4.357 4.277 3.242
43.634 9.548 9.15 8.523 6.894 6.69 6.046 4.531 3.944 2.757 1.105

 theoretical Separation index matrix >>

-1 0.215 0.21
0.215 -1 0.21
0.21 0.21 -1

 theoretical projection directions >>

**** cluster 1 and 2
0.015 0.49 0.35 0.387 0.128 0.141 0 0.362 0.495 0.272 0.036

**** cluster 1 and 3
-0.711 0.282 0.43 0.24 0.052 0.03 0 0.2 0.348 0.087 0.015

**** cluster 2 and 3
-0.863 -0.218 -0.042 -0.264 -0.22 -0.038 0 -0.183 -0.204 -0.105 -0.019

 empirical Separation index matrix (alpha= 0.05 )>>

-1 0.328 0.231
0.328 -1 0.258
0.231 0.258 -1

 empirical projection directions >>

**** cluster 1 and 2
0.648 -0.289 -0.399 -0.066 -0.149 0.014 0.054 -0.339 -0.389 -0.15 -0.138

**** cluster 1 and 3
0.815 0.159 -0.003 0.336 0.331 -0.002 0.023 0.065 0.137 0.006 -0.255

**** cluster 2 and 3
-0.193 0.442 0.355 0.258 0.129 0.233 -0.048 0.387 0.479 0.349 0.034
