
 Log information for the data set datasetJLG2v10nv3out0_2.dat >>

 alpha = 0.05 sepVal = 0.01

 Number of clusters >> 2

 cluster sizes >>
50 50

 Number of data points >> 100

 Number of dimensions >> 13

 Number of noisy dimensions >> 3

 noisy variables >>
4 5 9

 Number of outliers >> 0

 initial eigenvalues for each cluster >> 
 (rows correspond to clusters)
9.665 5.073 3.807 4.998 2.5 8.934 6.177 2.292 6.446 8.055
5.136 7.703 9.444 3.259 5.382 1.345 4.611 9.464 3.84 6.928

 Mean vectors and covariance matrices before rotation --- 1th cluster >>

 mean vector (mu'=Q*mu)>>
-5.008 0 0 0 0 0 0 0 0 0 0 0 0

 covariance matrix (Sigma'=Q*Sigma*t(Q))>>

7.468 0.634 1.187 0.423 1.854 -0.614 0.488 0.362 0.086 0.003 0 0 0
0.634 5.317 0.374 0.16 0.514 0.409 0.253 0.099 0.05 0.072 0 0 0
1.187 0.374 4.37 0.246 0.761 0.721 0.399 0.146 0.079 0.122 0 0 0
0.423 0.16 0.246 5.103 0.337 0.271 0.167 0.065 0.033 0.048 0 0 0
1.854 0.514 0.761 0.337 3.515 1.088 0.558 0.194 0.112 0.178 0 0 0
-0.614 0.409 0.721 0.271 1.088 8.888 0.351 0.212 0.065 0.04 0 0 0
0.488 0.253 0.399 0.167 0.558 0.351 6.434 0.107 0.05 0.067 0 0 0
0.362 0.099 0.146 0.065 0.194 0.212 0.107 2.329 0.022 0.034 0 0 0
0.086 0.05 0.079 0.033 0.112 0.065 0.05 0.022 6.456 0.013 0 0 0
0.003 0.072 0.122 0.048 0.178 0.04 0.067 0.034 0.013 8.068 0 0 0
0 0 0 0 0 0 0 0 0 0 25.362 -4.983 0.176
0 0 0 0 0 0 0 0 0 0 -4.983 14.04 -1.695
0 0 0 0 0 0 0 0 0 0 0.176 -1.695 20.741

 Mean vectors and covariance matrices before rotation --- 2th cluster >>

 mean vector (mu'=Q*mu)>>
5.008 0 0 0 0 0 0 0 0 0 0 0 0

 covariance matrix (Sigma'=Q*Sigma*t(Q))>>

5.892 -0.122 -1.074 0.042 0.061 1.811 0.376 -1.682 0.126 -0.507 0 0 0
-0.122 7.692 -0.074 0 -0.021 0.03 -0.022 -0.116 -0.002 -0.063 0 0 0
-1.074 -0.074 8.994 -0.007 -0.175 0 -0.23 -0.702 -0.034 -0.436 0 0 0
0.042 0 -0.007 3.26 0.006 0.031 0.013 -0.01 0.003 0.003 0 0 0
0.061 -0.021 -0.175 0.006 5.383 0.261 0.044 -0.273 0.017 -0.092 0 0 0
1.811 0.03 0 0.031 0.261 2.332 0.504 -0.002 0.112 0.292 0 0 0
0.376 -0.022 -0.23 0.013 0.044 0.504 4.752 -0.36 0.04 -0.074 0 0 0
-1.682 -0.116 -0.702 -0.01 -0.273 -0.002 -0.36 8.367 -0.053 -0.682 0 0 0
0.126 -0.002 -0.034 0.003 0.017 0.112 0.04 -0.053 3.85 0 0 0 0
-0.507 -0.063 -0.436 0.003 -0.092 0.292 -0.074 -0.682 0 6.59 0 0 0
0 0 0 0 0 0 0 0 0 0 25.362 -4.983 0.176
0 0 0 0 0 0 0 0 0 0 -4.983 14.04 -1.695
0 0 0 0 0 0 0 0 0 0 0.176 -1.695 20.741

 Final eigenvalues for each cluster >> 
 (rows correspond to clusters)
27.333 20.915 11.896 9.665 8.934 8.055 6.446 6.177 5.073 4.998 3.807 2.5 2.292
27.333 20.915 11.896 9.464 9.444 7.703 6.928 5.382 5.136 4.611 3.84 3.259 1.345

 *************************************************

 ********************* rotation ******************

 *************************************************


 The orthogonal matrix Q >>
0.427 0.337 0.301 0.048 0.4 0.401 0.434 0.208 0.181 0.158
0.337 -0.92 0.071 0.011 0.095 0.095 0.102 0.049 0.043 0.037
0.301 0.071 -0.936 0.01 0.085 0.085 0.092 0.044 0.038 0.033
0.048 0.011 0.01 -0.998 0.013 0.013 0.015 0.007 0.006 0.005
0.4 0.095 0.085 0.013 -0.888 0.113 0.122 0.058 0.051 0.044
0.401 0.095 0.085 0.013 0.113 -0.887 0.122 0.059 0.051 0.044
0.434 0.102 0.092 0.015 0.122 0.122 -0.868 0.063 0.055 0.048
0.208 0.049 0.044 0.007 0.058 0.059 0.063 -0.97 0.026 0.023
0.181 0.043 0.038 0.006 0.051 0.051 0.055 0.026 -0.977 0.02
0.158 0.037 0.033 0.005 0.044 0.044 0.048 0.023 0.02 -0.982

 Mean vectors and covariance matrices after rotation --- 1th cluster >>

 mean vector (mu'=Q*mu)>>
-2.005 -0.906 -0.793 0 0 -2.14 -0.239 -2.009 0 -1.043 -2.174 -1.687 -1.51

 covariance matrix (Sigma'=Q*Sigma*t(Q))>>

2.599 -0.04 -0.016 0 0 0.448 0.033 0.603 0 0.117 0.005 0.044 0.062
-0.04 6.506 0.029 0 0 0.386 -0.073 0.108 0 0.123 0.085 0.058 -0.039
-0.016 0.029 8.058 0 0 0.048 -0.052 0.018 0 0.092 0.032 0.029 -0.028
0 0 0 25.362 0.176 0 0 0 -4.983 0 0 0 0
0 0 0 0.176 20.741 0 0 0 -1.695 0 0 0 0
0.448 0.386 0.048 0 0 9.085 -0.439 -0.48 0 1.055 0.536 0.523 0.093
0.033 -0.073 -0.052 0 0 -0.439 5.044 0.019 0 -0.046 -0.11 -0.06 0.016
0.603 0.108 0.018 0 0 -0.48 0.019 8.836 0 0.36 0.266 0.302 0.346
0 0 0 -4.983 -1.695 0 0 0 14.04 0 0 0 0
0.117 0.123 0.092 0 0 1.055 -0.046 0.36 0 2.497 0.253 0.19 0.083
0.005 0.085 0.032 0 0 0.536 -0.11 0.266 0 0.253 6.313 0.115 -0.028
0.044 0.058 0.029 0 0 0.523 -0.06 0.302 0 0.19 0.115 5.174 0.012
0.062 -0.039 -0.028 0 0 0.093 0.016 0.346 0 0.083 -0.028 0.012 3.836

 Mean vectors and covariance matrices after rotation --- 2th cluster >>

 mean vector (mu'=Q*mu)>>
2.005 0.906 0.793 0 0 2.14 0.239 2.009 0 1.043 2.174 1.687 1.51

 covariance matrix (Sigma'=Q*Sigma*t(Q))>>

5.447 0.07 0.161 0 0 0.13 0.023 -0.146 0 0.45 0.047 -0.099 0.133
0.07 3.886 0.125 0 0 0.245 0.014 -0.047 0 0.287 0.068 -0.017 0.124
0.161 0.125 6.781 0 0 0.332 0.037 0.36 0 -0.278 0.174 0.098 -0.143
0 0 0 25.362 0.176 0 0 0 -4.983 0 0 0 0
0 0 0 0.176 20.741 0 0 0 -1.695 0 0 0 0
0.13 0.245 0.332 0 0 5.562 0.084 0.201 0 0.811 0.213 -0.536 -0.099
0.023 0.014 0.037 0 0 0.084 3.263 -0.007 0 0.081 0.023 -0.001 0.037
-0.146 -0.047 0.36 0 0 0.201 -0.007 1.453 0 0.478 -0.003 -0.445 -0.046
0 0 0 -4.983 -1.695 0 0 0 14.04 0 0 0 0
0.45 0.287 -0.278 0 0 0.811 0.081 0.478 0 9.101 0.389 0.424 -0.023
0.047 0.068 0.174 0 0 0.213 0.023 -0.003 0 0.389 4.683 -0.163 0.054
-0.099 -0.017 0.098 0 0 -0.536 -0.001 -0.445 0 0.424 -0.163 7.514 0.085
0.133 0.124 -0.143 0 0 -0.099 0.037 -0.046 0 -0.023 0.054 0.085 9.421

 Final eigenvalues for each cluster >> 
 (rows correspond to clusters)
27.333 20.915 11.896 9.665 8.934 8.055 6.446 6.177 5.073 4.998 3.807 2.5 2.292
27.333 20.915 11.896 9.464 9.444 7.703 6.928 5.382 5.136 4.611 3.84 3.259 1.345

 theoretical Separation index matrix >>

-1 0.01
0.01 -1

 theoretical projection directions >>

**** cluster 1 and 2
0.526 0.178 0.095 0 0 0.31 0.084 0.464 0 0.055 0.442 0.324 0.245

 empirical Separation index matrix (alpha= 0.05 )>>

-1 0.064
0.064 -1

 empirical projection directions >>

**** cluster 1 and 2
0.547 0.106 -0.051 0.005 0.066 0.452 0.08 0.279 -0.014 0.129 0.38 0.433 0.211
