
 Log information for the data set datasetJLG2v5nv3out0_1.dat >>

 alpha = 0.05 sepVal = 0.01

 Number of clusters >> 2

 cluster sizes >>
50 50

 Number of data points >> 100

 Number of dimensions >> 8

 Number of noisy dimensions >> 3

 noisy variables >>
2 5 8

 Number of outliers >> 0

 initial eigenvalues for each cluster >> 
 (rows correspond to clusters)
9.594 3.65 1.644 5.767 2.415
3.749 6.151 4.07 4.793 1.332

 Mean vectors and covariance matrices before rotation --- 1th cluster >>

 mean vector (mu'=Q*mu)>>
-3.716 0 0 0 0 0 0 0

 covariance matrix (Sigma'=Q*Sigma*t(Q))>>

3.925 0.766 1.484 -0.424 0.926 0 0 0
0.766 5.733 2.019 1.28 1.507 0 0 0
1.484 2.019 3.51 1.353 1.415 0 0 0
-0.424 1.28 1.353 6.42 0.982 0 0 0
0.926 1.507 1.415 0.982 3.482 0 0 0
0 0 0 0 0 7.603 2.667 -0.238
0 0 0 0 0 2.667 8.466 4.394
0 0 0 0 0 -0.238 4.394 12.5

 Mean vectors and covariance matrices before rotation --- 2th cluster >>

 mean vector (mu'=Q*mu)>>
3.716 0 0 0 0 0 0 0

 covariance matrix (Sigma'=Q*Sigma*t(Q))>>

3.943 -0.974 -0.122 -0.131 1.112 0 0 0
-0.974 5.457 -0.648 -0.167 0.025 0 0 0
-0.122 -0.648 3.862 -0.104 0.566 0 0 0
-0.131 -0.167 -0.104 4.76 0.077 0 0 0
1.112 0.025 0.566 0.077 2.073 0 0 0
0 0 0 0 0 7.603 2.667 -0.238
0 0 0 0 0 2.667 8.466 4.394
0 0 0 0 0 -0.238 4.394 12.5

 Final eigenvalues for each cluster >> 
 (rows correspond to clusters)
15.527 9.594 9.026 5.767 4.016 3.65 2.415 1.644
15.527 9.026 6.151 4.793 4.07 4.016 3.749 1.332

 *************************************************

 ********************* rotation ******************

 *************************************************


 The orthogonal matrix Q >>
0.83 0.355 0.154 0.402 0.014
0.355 -0.931 0.03 0.078 0.003
0.154 0.03 -0.987 0.034 0.001
0.402 0.078 0.034 -0.912 0.003
0.014 0.003 0.001 0.003 -1

 Mean vectors and covariance matrices after rotation --- 1th cluster >>

 mean vector (mu'=Q*mu)>>
-1.493 0 -0.571 -1.318 0 -0.052 -3.084 0

 covariance matrix (Sigma'=Q*Sigma*t(Q))>>

6.152 0 0.463 0.584 0 0.358 -0.818 0
0 12.5 0 0 -0.238 0 0 4.394
0.463 0 2.869 1.058 0 1.149 -2.253 0
0.584 0 1.058 4.713 0 0.939 -1.674 0
0 -0.238 0 0 7.603 0 0 2.667
0.358 0 1.149 0.939 0 3.439 -1.891 0
-0.818 0 -2.253 -1.674 0 -1.891 5.898 0
0 4.394 0 0 2.667 0 0 8.466

 Mean vectors and covariance matrices after rotation --- 2th cluster >>

 mean vector (mu'=Q*mu)>>
1.493 0 0.571 1.318 0 0.052 3.084 0

 covariance matrix (Sigma'=Q*Sigma*t(Q))>>

4.692 0 -0.019 0.086 0 -0.394 -0.337 0
0 12.5 0 0 -0.238 0 0 4.394
-0.019 0 3.937 -0.454 0 0.39 0.304 0
0.086 0 -0.454 5.956 0 -0.38 0.268 0
0 -0.238 0 0 7.603 0 0 2.667
-0.394 0 0.39 -0.38 0 2.04 -1.03 0
-0.337 0 0.304 0.268 0 -1.03 3.469 0
0 4.394 0 0 2.667 0 0 8.466

 Final eigenvalues for each cluster >> 
 (rows correspond to clusters)
15.527 9.594 9.026 5.767 4.016 3.65 2.415 1.644
15.527 9.026 6.151 4.793 4.07 4.016 3.749 1.332

 theoretical Separation index matrix >>

-1 0.01
0.01 -1

 theoretical projection directions >>

**** cluster 1 and 2
0.298 0 0.253 0.268 0 0.351 0.808 0

 empirical Separation index matrix (alpha= 0.05 )>>

-1 0.045
0.045 -1

 empirical projection directions >>

**** cluster 1 and 2
0.303 -0.016 0.145 0.283 -0.002 0.492 0.751 -0.04
