
 Log information for the data set datasetJHG5v5nv10out0_2.dat >>

 alpha = 0.05 sepVal = 0.34

 Number of clusters >> 5

 cluster sizes >>
50 50 50 50 50

 Number of data points >> 250

 Number of dimensions >> 15

 Number of noisy dimensions >> 10

 noisy variables >>
1 2 5 7 9 10 12 13 14 15

 Number of outliers >> 0

 initial eigenvalues for each cluster >> 
 (rows correspond to clusters)
8.06 7.343 6.016 9.039 4.3
4.021 8.407 7.757 6.882 6.712
4.625 7.11 4.764 5.469 3.528
9.124 8.736 5.524 9.921 1.966
7.775 8.787 9.561 4.514 9.748

 Mean vectors and covariance matrices before rotation --- 1th cluster >>

 mean vector (mu'=Q*mu)>>
-11.218 0 0 0 0 6.299 1.345 3.019 4.003 1.3 0.105 3.834 5.157 2.068 2.554

 covariance matrix (Sigma'=Q*Sigma*t(Q))>>

7.756 0.015 1.056 -0.984 0.671 0 0 0 0 0 0 0 0 0 0
0.015 7.344 0.053 -0.015 0.029 0 0 0 0 0 0 0 0 0 0
1.056 0.053 7.363 0.349 0.627 0 0 0 0 0 0 0 0 0 0
-0.984 -0.015 0.349 7.732 0.362 0 0 0 0 0 0 0 0 0 0
0.671 0.029 0.627 0.362 4.564 0 0 0 0 0 0 0 0 0 0
0 0 0 0 0 28.766 2.648 -1.592 2.411 7.281 -0.905 4.903 2.29 -8.798 -5.717
0 0 0 0 0 2.648 26.541 1.92 1.856 5.892 3.467 4.605 1.887 -0.316 -0.091
0 0 0 0 0 -1.592 1.92 35.821 1.121 3.503 1.28 2.619 1.115 -1.455 -0.898
0 0 0 0 0 2.411 1.856 1.121 12.992 2.764 1.915 2.204 0.887 0.319 0.269
0 0 0 0 0 7.281 5.892 3.503 2.764 22.461 6.017 7.03 2.836 0.849 0.747
0 0 0 0 0 -0.905 3.467 1.28 1.915 6.017 34.698 4.567 1.919 -1.767 -1.055
0 0 0 0 0 4.903 4.605 2.619 2.204 7.03 4.567 22.729 2.255 0.32 0.357
0 0 0 0 0 2.29 1.887 1.115 0.887 2.836 1.919 2.255 15.035 0.254 0.227
0 0 0 0 0 -8.798 -0.316 -1.455 0.319 0.849 -1.767 0.32 0.254 53.005 -2.461
0 0 0 0 0 -5.717 -0.091 -0.898 0.269 0.747 -1.055 0.357 0.227 -2.461 53.409

 Mean vectors and covariance matrices before rotation --- 2th cluster >>

 mean vector (mu'=Q*mu)>>
11.218 0 0 0 0 6.299 1.345 3.019 4.003 1.3 0.105 3.834 5.157 2.068 2.554

 covariance matrix (Sigma'=Q*Sigma*t(Q))>>

7.339 -0.744 -0.418 0.002 0.083 0 0 0 0 0 0 0 0 0 0
-0.744 7.187 -1.067 -0.972 -0.851 0 0 0 0 0 0 0 0 0 0
-0.418 -1.067 6.838 -0.813 -0.707 0 0 0 0 0 0 0 0 0 0
0.002 -0.972 -0.813 6.202 -0.583 0 0 0 0 0 0 0 0 0 0
0.083 -0.851 -0.707 -0.583 6.214 0 0 0 0 0 0 0 0 0 0
0 0 0 0 0 28.766 2.648 -1.592 2.411 7.281 -0.905 4.903 2.29 -8.798 -5.717
0 0 0 0 0 2.648 26.541 1.92 1.856 5.892 3.467 4.605 1.887 -0.316 -0.091
0 0 0 0 0 -1.592 1.92 35.821 1.121 3.503 1.28 2.619 1.115 -1.455 -0.898
0 0 0 0 0 2.411 1.856 1.121 12.992 2.764 1.915 2.204 0.887 0.319 0.269
0 0 0 0 0 7.281 5.892 3.503 2.764 22.461 6.017 7.03 2.836 0.849 0.747
0 0 0 0 0 -0.905 3.467 1.28 1.915 6.017 34.698 4.567 1.919 -1.767 -1.055
0 0 0 0 0 4.903 4.605 2.619 2.204 7.03 4.567 22.729 2.255 0.32 0.357
0 0 0 0 0 2.29 1.887 1.115 0.887 2.836 1.919 2.255 15.035 0.254 0.227
0 0 0 0 0 -8.798 -0.316 -1.455 0.319 0.849 -1.767 0.32 0.254 53.005 -2.461
0 0 0 0 0 -5.717 -0.091 -0.898 0.269 0.747 -1.055 0.357 0.227 -2.461 53.409

 Mean vectors and covariance matrices before rotation --- 3th cluster >>

 mean vector (mu'=Q*mu)>>
0 19.431 0 0 0 6.299 1.345 3.019 4.003 1.3 0.105 3.834 5.157 2.068 2.554

 covariance matrix (Sigma'=Q*Sigma*t(Q))>>

5.542 -0.697 -0.128 -0.266 0.662 0 0 0 0 0 0 0 0 0 0
-0.697 8.448 -0.271 -0.148 -0.132 0 0 0 0 0 0 0 0 0 0
-0.128 -0.271 5.714 -0.113 0.211 0 0 0 0 0 0 0 0 0 0
-0.266 -0.148 -0.113 6.572 0.021 0 0 0 0 0 0 0 0 0 0
0.662 -0.132 0.211 0.021 4.745 0 0 0 0 0 0 0 0 0 0
0 0 0 0 0 28.766 2.648 -1.592 2.411 7.281 -0.905 4.903 2.29 -8.798 -5.717
0 0 0 0 0 2.648 26.541 1.92 1.856 5.892 3.467 4.605 1.887 -0.316 -0.091
0 0 0 0 0 -1.592 1.92 35.821 1.121 3.503 1.28 2.619 1.115 -1.455 -0.898
0 0 0 0 0 2.411 1.856 1.121 12.992 2.764 1.915 2.204 0.887 0.319 0.269
0 0 0 0 0 7.281 5.892 3.503 2.764 22.461 6.017 7.03 2.836 0.849 0.747
0 0 0 0 0 -0.905 3.467 1.28 1.915 6.017 34.698 4.567 1.919 -1.767 -1.055
0 0 0 0 0 4.903 4.605 2.619 2.204 7.03 4.567 22.729 2.255 0.32 0.357
0 0 0 0 0 2.29 1.887 1.115 0.887 2.836 1.919 2.255 15.035 0.254 0.227
0 0 0 0 0 -8.798 -0.316 -1.455 0.319 0.849 -1.767 0.32 0.254 53.005 -2.461
0 0 0 0 0 -5.717 -0.091 -0.898 0.269 0.747 -1.055 0.357 0.227 -2.461 53.409

 Mean vectors and covariance matrices before rotation --- 4th cluster >>

 mean vector (mu'=Q*mu)>>
0 6.477 18.32 0 0 6.299 1.345 3.019 4.003 1.3 0.105 3.834 5.157 2.068 2.554

 covariance matrix (Sigma'=Q*Sigma*t(Q))>>

7.418 -0.619 1.323 -0.47 1.347 0 0 0 0 0 0 0 0 0 0
-0.619 8.552 0.802 -0.198 0.745 0 0 0 0 0 0 0 0 0 0
1.323 0.802 7.002 0.147 0.948 0 0 0 0 0 0 0 0 0 0
-0.47 -0.198 0.147 9.811 0.198 0 0 0 0 0 0 0 0 0 0
1.347 0.745 0.948 0.198 2.488 0 0 0 0 0 0 0 0 0 0
0 0 0 0 0 28.766 2.648 -1.592 2.411 7.281 -0.905 4.903 2.29 -8.798 -5.717
0 0 0 0 0 2.648 26.541 1.92 1.856 5.892 3.467 4.605 1.887 -0.316 -0.091
0 0 0 0 0 -1.592 1.92 35.821 1.121 3.503 1.28 2.619 1.115 -1.455 -0.898
0 0 0 0 0 2.411 1.856 1.121 12.992 2.764 1.915 2.204 0.887 0.319 0.269
0 0 0 0 0 7.281 5.892 3.503 2.764 22.461 6.017 7.03 2.836 0.849 0.747
0 0 0 0 0 -0.905 3.467 1.28 1.915 6.017 34.698 4.567 1.919 -1.767 -1.055
0 0 0 0 0 4.903 4.605 2.619 2.204 7.03 4.567 22.729 2.255 0.32 0.357
0 0 0 0 0 2.29 1.887 1.115 0.887 2.836 1.919 2.255 15.035 0.254 0.227
0 0 0 0 0 -8.798 -0.316 -1.455 0.319 0.849 -1.767 0.32 0.254 53.005 -2.461
0 0 0 0 0 -5.717 -0.091 -0.898 0.269 0.747 -1.055 0.357 0.227 -2.461 53.409

 Mean vectors and covariance matrices before rotation --- 5th cluster >>

 mean vector (mu'=Q*mu)>>
0 6.477 4.58 17.738 0 6.299 1.345 3.019 4.003 1.3 0.105 3.834 5.157 2.068 2.554

 covariance matrix (Sigma'=Q*Sigma*t(Q))>>

9.783 -0.093 -0.8 1.115 -0.851 0 0 0 0 0 0 0 0 0 0
-0.093 10.315 -0.09 0.053 -0.091 0 0 0 0 0 0 0 0 0 0
-0.8 -0.09 10.76 0.151 -0.479 0 0 0 0 0 0 0 0 0 0
1.115 0.053 0.151 5.636 0.128 0 0 0 0 0 0 0 0 0 0
-0.851 -0.091 -0.479 0.128 10.984 0 0 0 0 0 0 0 0 0 0
0 0 0 0 0 28.766 2.648 -1.592 2.411 7.281 -0.905 4.903 2.29 -8.798 -5.717
0 0 0 0 0 2.648 26.541 1.92 1.856 5.892 3.467 4.605 1.887 -0.316 -0.091
0 0 0 0 0 -1.592 1.92 35.821 1.121 3.503 1.28 2.619 1.115 -1.455 -0.898
0 0 0 0 0 2.411 1.856 1.121 12.992 2.764 1.915 2.204 0.887 0.319 0.269
0 0 0 0 0 7.281 5.892 3.503 2.764 22.461 6.017 7.03 2.836 0.849 0.747
0 0 0 0 0 -0.905 3.467 1.28 1.915 6.017 34.698 4.567 1.919 -1.767 -1.055
0 0 0 0 0 4.903 4.605 2.619 2.204 7.03 4.567 22.729 2.255 0.32 0.357
0 0 0 0 0 2.29 1.887 1.115 0.887 2.836 1.919 2.255 15.035 0.254 0.227
0 0 0 0 0 -8.798 -0.316 -1.455 0.319 0.849 -1.767 0.32 0.254 53.005 -2.461
0 0 0 0 0 -5.717 -0.091 -0.898 0.269 0.747 -1.055 0.357 0.227 -2.461 53.409

 Final eigenvalues for each cluster >> 
 (rows correspond to clusters)
56.723 55.034 46.51 35.277 32.049 22.817 17.169 14.125 13.625 12.128 9.039 8.06 7.343 6.016 4.3
56.723 55.034 46.51 35.277 32.049 22.817 17.169 14.125 13.625 12.128 8.407 7.757 6.882 6.712 4.021
56.723 55.034 46.51 35.277 32.049 22.817 17.169 14.125 13.625 12.128 8.65 6.654 5.797 5.628 4.293
56.723 55.034 46.51 35.277 32.049 22.817 17.169 14.125 13.625 12.128 9.921 9.124 8.736 5.524 1.966
56.723 55.034 46.51 35.277 32.049 22.817 17.169 14.125 13.625 12.128 11.46 11.24 10.331 9.141 5.307

 *************************************************

 ********************* rotation ******************

 *************************************************


 The orthogonal matrix Q >>
0.483 0.099 0.612 0.393 0.478
0.099 -0.993 0.041 0.026 0.032
0.612 0.041 -0.748 0.162 0.197
0.393 0.026 0.162 -0.896 0.127
0.478 0.032 0.197 0.127 -0.846

 Mean vectors and covariance matrices after rotation --- 1th cluster >>

 mean vector (mu'=Q*mu)>>
6.299 3.019 -4.408 -5.416 0.105 -6.863 4.003 -5.363 2.068 1.345 -1.111 5.157 3.834 1.3 2.554

 covariance matrix (Sigma'=Q*Sigma*t(Q))>>

28.766 -1.592 0 0 -0.905 0 2.411 0 -8.798 2.648 0 2.29 4.903 7.281 -5.717
-1.592 35.821 0 0 1.28 0 1.121 0 -1.455 1.92 0 1.115 2.619 3.503 -0.898
0 0 8.413 0.348 0 0.494 0 0.841 0 0 0.078 0 0 0 0
0 0 0.348 8.111 0 -0.325 0 0.975 0 0 0.056 0 0 0 0
-0.905 1.28 0 0 34.698 0 1.915 0 -1.767 3.467 0 1.919 4.567 6.017 -1.055
0 0 0.494 -0.325 0 6.163 0 0.261 0 0 -0.032 0 0 0 0
2.411 1.121 0 0 1.915 0 12.992 0 0.319 1.856 0 0.887 2.204 2.764 0.269
0 0 0.841 0.975 0 0.261 0 4.724 0 0 0.054 0 0 0 0
-8.798 -1.455 0 0 -1.767 0 0.319 0 53.005 -0.316 0 0.254 0.32 0.849 -2.461
2.648 1.92 0 0 3.467 0 1.856 0 -0.316 26.541 0 1.887 4.605 5.892 -0.091
0 0 0.078 0.056 0 -0.032 0 0.054 0 0 7.348 0 0 0 0
2.29 1.115 0 0 1.919 0 0.887 0 0.254 1.887 0 15.035 2.255 2.836 0.227
4.903 2.619 0 0 4.567 0 2.204 0 0.32 4.605 0 2.255 22.729 7.03 0.357
7.281 3.503 0 0 6.017 0 2.764 0 0.849 5.892 0 2.836 7.03 22.461 0.747
-5.717 -0.898 0 0 -1.055 0 0.269 0 -2.461 -0.091 0 0.227 0.357 0.747 53.409

 Mean vectors and covariance matrices after rotation --- 2th cluster >>

 mean vector (mu'=Q*mu)>>
6.299 3.019 4.408 5.416 0.105 6.863 4.003 5.363 2.068 1.345 1.111 5.157 3.834 1.3 2.554

 covariance matrix (Sigma'=Q*Sigma*t(Q))>>

28.766 -1.592 0 0 -0.905 0 2.411 0 -8.798 2.648 0 2.29 4.903 7.281 -5.717
-1.592 35.821 0 0 1.28 0 1.121 0 -1.455 1.92 0 1.115 2.619 3.503 -0.898
0 0 6.704 0.656 0 -0.127 0 -0.089 0 0 -0.255 0 0 0 0
0 0 0.656 5.129 0 0.241 0 0.438 0 0 1.649 0 0 0 0
-0.905 1.28 0 0 34.698 0 1.915 0 -1.767 3.467 0 1.919 4.567 6.017 -1.055
0 0 -0.127 0.241 0 7.758 0 -0.055 0 0 0.025 0 0 0 0
2.411 1.121 0 0 1.915 0 12.992 0 0.319 1.856 0 0.887 2.204 2.764 0.269
0 0 -0.089 0.438 0 -0.055 0 6.673 0 0 -0.008 0 0 0 0
-8.798 -1.455 0 0 -1.767 0 0.319 0 53.005 -0.316 0 0.254 0.32 0.849 -2.461
2.648 1.92 0 0 3.467 0 1.856 0 -0.316 26.541 0 1.887 4.605 5.892 -0.091
0 0 -0.255 1.649 0 0.025 0 -0.008 0 0 7.516 0 0 0 0
2.29 1.115 0 0 1.919 0 0.887 0 0.254 1.887 0 15.035 2.255 2.836 0.227
4.903 2.619 0 0 4.567 0 2.204 0 0.32 4.605 0 2.255 22.729 7.03 0.357
7.281 3.503 0 0 6.017 0 2.764 0 0.849 5.892 0 2.836 7.03 22.461 0.747
-5.717 -0.898 0 0 -1.055 0 0.269 0 -2.461 -0.091 0 0.227 0.357 0.747 53.409

 Mean vectors and covariance matrices after rotation --- 3th cluster >>

 mean vector (mu'=Q*mu)>>
6.299 3.019 0.51 1.925 0.105 0.794 4.003 0.621 2.068 1.345 -19.302 5.157 3.834 1.3 2.554

 covariance matrix (Sigma'=Q*Sigma*t(Q))>>

28.766 -1.592 0 0 -0.905 0 2.411 0 -8.798 2.648 0 2.29 4.903 7.281 -5.717
-1.592 35.821 0 0 1.28 0 1.121 0 -1.455 1.92 0 1.115 2.619 3.503 -0.898
0 0 6.626 -0.145 0 -0.042 0 -0.127 0 0 0.135 0 0 0 0
0 0 -0.145 5.695 0 0.016 0 0.007 0 0 0.35 0 0 0 0
-0.905 1.28 0 0 34.698 0 1.915 0 -1.767 3.467 0 1.919 4.567 6.017 -1.055
0 0 -0.042 0.016 0 5.807 0 -0.033 0 0 0.167 0 0 0 0
2.411 1.121 0 0 1.915 0 12.992 0 0.319 1.856 0 0.887 2.204 2.764 0.269
0 0 -0.127 0.007 0 -0.033 0 4.307 0 0 0.159 0 0 0 0
-8.798 -1.455 0 0 -1.767 0 0.319 0 53.005 -0.316 0 0.254 0.32 0.849 -2.461
2.648 1.92 0 0 3.467 0 1.856 0 -0.316 26.541 0 1.887 4.605 5.892 -0.091
0 0 0.135 0.35 0 0.167 0 0.159 0 0 8.587 0 0 0 0
2.29 1.115 0 0 1.919 0 0.887 0 0.254 1.887 0 15.035 2.255 2.836 0.227
4.903 2.619 0 0 4.567 0 2.204 0 0.32 4.605 0 2.255 22.729 7.03 0.357
7.281 3.503 0 0 6.017 0 2.764 0 0.849 5.892 0 2.836 7.03 22.461 0.747
-5.717 -0.898 0 0 -1.055 0 0.269 0 -2.461 -0.091 0 0.227 0.357 0.747 53.409

 Mean vectors and covariance matrices after rotation --- 4th cluster >>

 mean vector (mu'=Q*mu)>>
6.299 3.019 3.14 11.849 0.105 -13.431 4.003 3.82 2.068 1.345 -5.685 5.157 3.834 1.3 2.554

 covariance matrix (Sigma'=Q*Sigma*t(Q))>>

28.766 -1.592 0 0 -0.905 0 2.411 0 -8.798 2.648 0 2.29 4.903 7.281 -5.717
-1.592 35.821 0 0 1.28 0 1.121 0 -1.455 1.92 0 1.115 2.619 3.503 -0.898
0 0 9.842 -0.263 0 -0.244 0 0.269 0 0 -0.153 0 0 0 0
0 0 -0.263 8.534 0 -0.016 0 1.724 0 0 -0.427 0 0 0 0
-0.905 1.28 0 0 34.698 0 1.915 0 -1.767 3.467 0 1.919 4.567 6.017 -1.055
0 0 -0.244 -0.016 0 5.707 0 0.523 0 0 0.761 0 0 0 0
2.411 1.121 0 0 1.915 0 12.992 0 0.319 1.856 0 0.887 2.204 2.764 0.269
0 0 0.269 1.724 0 0.523 0 2.615 0 0 0.808 0 0 0 0
-8.798 -1.455 0 0 -1.767 0 0.319 0 53.005 -0.316 0 0.254 0.32 0.849 -2.461
2.648 1.92 0 0 3.467 0 1.856 0 -0.316 26.541 0 1.887 4.605 5.892 -0.091
0 0 -0.153 -0.427 0 0.761 0 0.808 0 0 8.573 0 0 0 0
2.29 1.115 0 0 1.919 0 0.887 0 0.254 1.887 0 15.035 2.255 2.836 0.227
4.903 2.619 0 0 4.567 0 2.204 0 0.32 4.605 0 2.255 22.729 7.03 0.357
7.281 3.503 0 0 6.017 0 2.764 0 0.849 5.892 0 2.836 7.03 22.461 0.747
-5.717 -0.898 0 0 -1.055 0 0.269 0 -2.461 -0.091 0 0.227 0.357 0.747 53.409

 Mean vectors and covariance matrices after rotation --- 5th cluster >>

 mean vector (mu'=Q*mu)>>
6.299 3.019 -14.979 10.413 0.105 -0.284 4.003 3.357 2.068 1.345 -5.781 5.157 3.834 1.3 2.554

 covariance matrix (Sigma'=Q*Sigma*t(Q))>>

28.766 -1.592 0 0 -0.905 0 2.411 0 -8.798 2.648 0 2.29 4.903 7.281 -5.717
-1.592 35.821 0 0 1.28 0 1.121 0 -1.455 1.92 0 1.115 2.619 3.503 -0.898
0 0 5.43 0.644 0 0.109 0 0.185 0 0 0.057 0 0 0 0
0 0 0.644 9.162 0 -0.482 0 -0.263 0 0 -0.003 0 0 0 0
-0.905 1.28 0 0 34.698 0 1.915 0 -1.767 3.467 0 1.919 4.567 6.017 -1.055
0 0 0.109 -0.482 0 11.129 0 -0.051 0 0 -0.014 0 0 0 0
2.411 1.121 0 0 1.915 0 12.992 0 0.319 1.856 0 0.887 2.204 2.764 0.269
0 0 0.185 -0.263 0 -0.051 0 11.428 0 0 -0.009 0 0 0 0
-8.798 -1.455 0 0 -1.767 0 0.319 0 53.005 -0.316 0 0.254 0.32 0.849 -2.461
2.648 1.92 0 0 3.467 0 1.856 0 -0.316 26.541 0 1.887 4.605 5.892 -0.091
0 0 0.057 -0.003 0 -0.014 0 -0.009 0 0 10.33 0 0 0 0
2.29 1.115 0 0 1.919 0 0.887 0 0.254 1.887 0 15.035 2.255 2.836 0.227
4.903 2.619 0 0 4.567 0 2.204 0 0.32 4.605 0 2.255 22.729 7.03 0.357
7.281 3.503 0 0 6.017 0 2.764 0 0.849 5.892 0 2.836 7.03 22.461 0.747
-5.717 -0.898 0 0 -1.055 0 0.269 0 -2.461 -0.091 0 0.227 0.357 0.747 53.409

 Final eigenvalues for each cluster >> 
 (rows correspond to clusters)
56.723 55.034 46.51 35.277 32.049 22.817 17.169 14.125 13.625 12.128 9.039 8.06 7.343 6.016 4.3
56.723 55.034 46.51 35.277 32.049 22.817 17.169 14.125 13.625 12.128 8.407 7.757 6.882 6.712 4.021
56.723 55.034 46.51 35.277 32.049 22.817 17.169 14.125 13.625 12.128 8.65 6.654 5.797 5.628 4.293
56.723 55.034 46.51 35.277 32.049 22.817 17.169 14.125 13.625 12.128 9.921 9.124 8.736 5.524 1.966
56.723 55.034 46.51 35.277 32.049 22.817 17.169 14.125 13.625 12.128 11.46 11.24 10.331 9.141 5.307

 theoretical Separation index matrix >>

-1 0.354 0.363 0.34 0.354
0.354 -1 0.34 0.374 0.396
0.363 0.34 -1 0.381 0.367
0.34 0.374 0.381 -1 0.34
0.354 0.396 0.367 0.34 -1

 theoretical projection directions >>

**** cluster 1 and 2
0 0 0.314 0.458 0 0.637 0 0.532 0 0 0.048 0 0 0 0

**** cluster 1 and 3
0 0 0.184 0.339 0 0.407 0 0.376 0 0 -0.738 0 0 0 0

**** cluster 1 and 4
0 0 0.237 0.57 0 -0.389 0 0.656 0 0 -0.194 0 0 0 0

**** cluster 1 and 5
0 0 -0.586 0.637 0 0.297 0 0.363 0 0 -0.172 0 0 0 0

**** cluster 2 and 3
0 0 -0.22 -0.03 0 -0.303 0 -0.294 0 0 -0.879 0 0 0 0

**** cluster 2 and 4
0 0 -0.079 0.338 0 -0.902 0 -0.112 0 0 -0.232 0 0 0 0

**** cluster 2 and 5
0 0 -0.898 0.298 0 -0.202 0 -0.06 0 0 -0.247 0 0 0 0

**** cluster 3 and 4
0 0 0.088 0.389 0 -0.758 0 0.152 0 0 0.493 0 0 0 0

**** cluster 3 and 5
0 0 -0.812 0.368 0 -0.028 0 0.111 0 0 0.438 0 0 0 0

**** cluster 4 and 5
0 0 -0.844 -0.02 0 0.535 0 -0.009 0 0 -0.027 0 0 0 0

 empirical Separation index matrix (alpha= 0.05 )>>

-1 0.332 0.405 0.41 0.399
0.332 -1 0.438 0.296 0.385
0.405 0.438 -1 0.44 0.368
0.41 0.296 0.44 -1 0.442
0.399 0.385 0.368 0.442 -1

 empirical projection directions >>

**** cluster 1 and 2
0.012 0.025 0.713 0.129 -0.007 -0.649 -0.153 -0.123 -0.028 0.011 0.084 -0.054 -0.016 -0.048 -0.018

**** cluster 1 and 3
-0.064 0.01 0.88 -0.287 -0.023 0.311 -0.061 0.012 -0.009 0.004 0.174 0.032 -0.083 -0.001 -0.026

**** cluster 1 and 4
-0.072 0.042 0.428 -0.595 -0.087 -0.378 -0.114 -0.435 -0.107 0.065 0.252 0.072 0.134 -0.02 0.02

**** cluster 1 and 5
-0.121 0.03 0.712 -0.399 0.045 0.007 0.058 -0.163 -0.125 -0.02 -0.479 -0.117 0.16 -0.022 -0.028

**** cluster 2 and 3
-0.012 -0.106 0.016 -0.12 0.057 0.951 0.074 0.116 -0.003 0.076 0.182 0.084 -0.037 0.022 0.009

**** cluster 2 and 4
-0.084 0.016 -0.312 -0.757 -0.08 0.065 -0.038 -0.449 -0.018 0.09 0.244 0.118 0.15 -0.059 -0.016

**** cluster 2 and 5
-0.005 -0.002 -0.173 -0.224 0.008 0.77 0.028 0.054 -0.013 0.044 -0.565 0.005 0.041 -0.009 -0.018

**** cluster 3 and 4
-0.037 0.051 -0.203 -0.385 -0.017 -0.679 -0.038 -0.578 -0.027 0.021 0.024 0.068 0.057 -0.013 0.026

**** cluster 3 and 5
-0.054 0.067 -0.201 -0.135 0.003 -0.463 0.031 -0.275 -0.063 -0.117 -0.787 -0.025 0.07 0.021 -0.001

**** cluster 4 and 5
0.06 -0.012 -0.023 0.287 0.004 0.503 0.012 0.414 -0.011 -0.087 -0.691 -0.05 -0.012 0.035 -0.004
