
 Log information for the data set datasetJHG5v10nv10out0_3.dat >>

 alpha = 0.05 sepVal = 0.34

 Number of clusters >> 5

 cluster sizes >>
50 50 50 50 50

 Number of data points >> 250

 Number of dimensions >> 20

 Number of noisy dimensions >> 10

 noisy variables >>
1 4 5 6 7 8 15 17 19 20

 Number of outliers >> 0

 initial eigenvalues for each cluster >> 
 (rows correspond to clusters)
3.36 6.32 2.002 5.817 4.073 1.599 4.125 3.327 7.807 7.76
6.997 7.766 2.547 6.218 4.019 2.413 6.526 9.498 1.425 6.952
1.073 2.04 6.656 6.463 3.025 2.938 7.229 7.781 3.958 2.871
4.983 2.781 7.826 7.004 3.614 3.128 4.567 5.446 5.595 3.045
9.548 8.072 3.522 6.586 8.551 9.856 2.181 5.938 1.363 5.231

 Mean vectors and covariance matrices before rotation --- 1th cluster >>

 mean vector (mu'=Q*mu)>>
-9.963 0 0 0 0 0 0 0 0 0 5.494 4.236 1.715 2.36 1.158 2.024 3.411 2.749 1.849 4.654

 covariance matrix (Sigma'=Q*Sigma*t(Q))>>

5.015 -0.131 0.498 -0.638 0.028 0.858 0.017 0.352 -0.6 -1.566 0 0 0 0 0 0 0 0 0 0
-0.131 7.152 -0.007 -0.071 -0.039 -0.005 -0.066 -0.036 -0.044 -0.114 0 0 0 0 0 0 0 0 0 0
0.498 -0.007 2.393 -0.018 0.074 0.2 0.118 0.142 -0.057 -0.149 0 0 0 0 0 0 0 0 0 0
-0.638 -0.071 -0.018 6.194 -0.203 0.008 -0.344 -0.175 -0.254 -0.667 0 0 0 0 0 0 0 0 0 0
0.028 -0.039 0.074 -0.203 4.57 0.137 -0.085 0.011 -0.159 -0.417 0 0 0 0 0 0 0 0 0 0
0.858 -0.005 0.2 0.008 0.137 2.133 0.222 0.243 -0.069 -0.177 0 0 0 0 0 0 0 0 0 0
0.017 -0.066 0.118 -0.344 -0.085 0.222 4.525 0.01 -0.268 -0.7 0 0 0 0 0 0 0 0 0 0
0.352 -0.036 0.142 -0.175 0.011 0.243 0.01 3.874 -0.167 -0.435 0 0 0 0 0 0 0 0 0 0
-0.6 -0.044 -0.057 -0.254 -0.159 -0.069 -0.268 -0.167 8.705 -0.379 0 0 0 0 0 0 0 0 0 0
-1.566 -0.114 -0.149 -0.667 -0.417 -0.177 -0.7 -0.435 -0.379 7.8 0 0 0 0 0 0 0 0 0 0
0 0 0 0 0 0 0 0 0 0 25.924 -0.003 7.321 0.303 -0.862 -3.939 -7.415 0.846 5.415 -0.171
0 0 0 0 0 0 0 0 0 0 -0.003 26.479 0.064 0.007 -0.006 -0.027 -0.054 0.013 0.048 0.002
0 0 0 0 0 0 0 0 0 0 7.321 0.064 12.103 2.624 0.08 1.26 0.632 3.693 4.131 1.9
0 0 0 0 0 0 0 0 0 0 0.303 0.007 2.624 25.687 -0.224 -0.915 -1.935 0.68 1.973 0.185
0 0 0 0 0 0 0 0 0 0 -0.862 -0.006 0.08 -0.224 42.768 -0.428 -0.641 -0.283 0.034 -0.193
0 0 0 0 0 0 0 0 0 0 -3.939 -0.027 1.26 -0.915 -0.428 34.774 -3.658 -1.095 0.827 -0.842
0 0 0 0 0 0 0 0 0 0 -7.415 -0.054 0.632 -1.935 -0.641 -3.658 37.655 -2.442 0.254 -1.662
0 0 0 0 0 0 0 0 0 0 0.846 0.013 3.693 0.68 -0.283 -1.095 -2.442 25.461 2.789 0.357
0 0 0 0 0 0 0 0 0 0 5.415 0.048 4.131 1.973 0.034 0.827 0.254 2.789 12.334 1.417
0 0 0 0 0 0 0 0 0 0 -0.171 0.002 1.9 0.185 -0.193 -0.842 -1.662 0.357 1.417 26.827

 Mean vectors and covariance matrices before rotation --- 2th cluster >>

 mean vector (mu'=Q*mu)>>
9.963 0 0 0 0 0 0 0 0 0 5.494 4.236 1.715 2.36 1.158 2.024 3.411 2.749 1.849 4.654

 covariance matrix (Sigma'=Q*Sigma*t(Q))>>

5.041 -0.391 0.951 -0.387 0.31 1.268 -0.652 -0.299 0.271 -0.715 0 0 0 0 0 0 0 0 0 0
-0.391 7.695 0.094 -0.095 0.015 0.128 -0.144 -0.049 0.03 -0.144 0 0 0 0 0 0 0 0 0 0
0.951 0.094 3.384 0.43 0.485 1.081 0.506 0.004 0.194 0.363 0 0 0 0 0 0 0 0 0 0
-0.387 -0.095 0.43 6.186 0.18 0.567 -0.094 -0.086 0.114 -0.139 0 0 0 0 0 0 0 0 0 0
0.31 0.015 0.485 0.18 4.281 0.63 0.196 -0.022 0.117 0.121 0 0 0 0 0 0 0 0 0 0
1.268 0.128 1.081 0.567 0.63 3.81 0.67 0.008 0.25 0.483 0 0 0 0 0 0 0 0 0 0
-0.652 -0.144 0.506 -0.094 0.196 0.67 6.336 -0.12 0.138 -0.237 0 0 0 0 0 0 0 0 0 0
-0.299 -0.049 0.004 -0.086 -0.022 0.008 -0.12 9.468 0.006 -0.111 0 0 0 0 0 0 0 0 0 0
0.271 0.03 0.194 0.114 0.117 0.25 0.138 0.006 1.469 0.103 0 0 0 0 0 0 0 0 0 0
-0.715 -0.144 0.363 -0.139 0.121 0.483 -0.237 -0.111 0.103 6.69 0 0 0 0 0 0 0 0 0 0
0 0 0 0 0 0 0 0 0 0 25.924 -0.003 7.321 0.303 -0.862 -3.939 -7.415 0.846 5.415 -0.171
0 0 0 0 0 0 0 0 0 0 -0.003 26.479 0.064 0.007 -0.006 -0.027 -0.054 0.013 0.048 0.002
0 0 0 0 0 0 0 0 0 0 7.321 0.064 12.103 2.624 0.08 1.26 0.632 3.693 4.131 1.9
0 0 0 0 0 0 0 0 0 0 0.303 0.007 2.624 25.687 -0.224 -0.915 -1.935 0.68 1.973 0.185
0 0 0 0 0 0 0 0 0 0 -0.862 -0.006 0.08 -0.224 42.768 -0.428 -0.641 -0.283 0.034 -0.193
0 0 0 0 0 0 0 0 0 0 -3.939 -0.027 1.26 -0.915 -0.428 34.774 -3.658 -1.095 0.827 -0.842
0 0 0 0 0 0 0 0 0 0 -7.415 -0.054 0.632 -1.935 -0.641 -3.658 37.655 -2.442 0.254 -1.662
0 0 0 0 0 0 0 0 0 0 0.846 0.013 3.693 0.68 -0.283 -1.095 -2.442 25.461 2.789 0.357
0 0 0 0 0 0 0 0 0 0 5.415 0.048 4.131 1.973 0.034 0.827 0.254 2.789 12.334 1.417
0 0 0 0 0 0 0 0 0 0 -0.171 0.002 1.9 0.185 -0.193 -0.842 -1.662 0.357 1.417 26.827

 Mean vectors and covariance matrices before rotation --- 3th cluster >>

 mean vector (mu'=Q*mu)>>
0 17.257 0 0 0 0 0 0 0 0 5.494 4.236 1.715 2.36 1.158 2.024 3.411 2.749 1.849 4.654

 covariance matrix (Sigma'=Q*Sigma*t(Q))>>

3.468 0.25 -1.34 -0.188 -0.122 -0.176 -1.503 -0.675 -0.358 -0.149 0 0 0 0 0 0 0 0 0 0
0.25 2.154 -0.551 -0.078 -0.117 -0.192 -0.604 -0.266 -0.199 -0.183 0 0 0 0 0 0 0 0 0 0
-1.34 -0.551 6.674 -0.092 -0.294 -0.505 -0.667 -0.282 -0.353 -0.499 0 0 0 0 0 0 0 0 0 0
-0.188 -0.078 -0.092 7.087 -0.042 -0.072 -0.096 -0.041 -0.051 -0.071 0 0 0 0 0 0 0 0 0 0
-0.122 -0.117 -0.294 -0.042 3.236 -0.146 -0.317 -0.138 -0.125 -0.142 0 0 0 0 0 0 0 0 0 0
-0.176 -0.192 -0.505 -0.072 -0.146 2.982 -0.545 -0.237 -0.213 -0.239 0 0 0 0 0 0 0 0 0 0
-1.503 -0.604 -0.667 -0.096 -0.317 -0.545 7.248 -0.293 -0.377 -0.54 0 0 0 0 0 0 0 0 0 0
-0.675 -0.266 -0.282 -0.041 -0.138 -0.237 -0.293 8.425 -0.162 -0.235 0 0 0 0 0 0 0 0 0 0
-0.358 -0.199 -0.353 -0.051 -0.125 -0.213 -0.377 -0.162 4.181 -0.208 0 0 0 0 0 0 0 0 0 0
-0.149 -0.183 -0.499 -0.071 -0.142 -0.239 -0.54 -0.235 -0.208 2.923 0 0 0 0 0 0 0 0 0 0
0 0 0 0 0 0 0 0 0 0 25.924 -0.003 7.321 0.303 -0.862 -3.939 -7.415 0.846 5.415 -0.171
0 0 0 0 0 0 0 0 0 0 -0.003 26.479 0.064 0.007 -0.006 -0.027 -0.054 0.013 0.048 0.002
0 0 0 0 0 0 0 0 0 0 7.321 0.064 12.103 2.624 0.08 1.26 0.632 3.693 4.131 1.9
0 0 0 0 0 0 0 0 0 0 0.303 0.007 2.624 25.687 -0.224 -0.915 -1.935 0.68 1.973 0.185
0 0 0 0 0 0 0 0 0 0 -0.862 -0.006 0.08 -0.224 42.768 -0.428 -0.641 -0.283 0.034 -0.193
0 0 0 0 0 0 0 0 0 0 -3.939 -0.027 1.26 -0.915 -0.428 34.774 -3.658 -1.095 0.827 -0.842
0 0 0 0 0 0 0 0 0 0 -7.415 -0.054 0.632 -1.935 -0.641 -3.658 37.655 -2.442 0.254 -1.662
0 0 0 0 0 0 0 0 0 0 0.846 0.013 3.693 0.68 -0.283 -1.095 -2.442 25.461 2.789 0.357
0 0 0 0 0 0 0 0 0 0 5.415 0.048 4.131 1.973 0.034 0.827 0.254 2.789 12.334 1.417
0 0 0 0 0 0 0 0 0 0 -0.171 0.002 1.9 0.185 -0.193 -0.842 -1.662 0.357 1.417 26.827

 Mean vectors and covariance matrices before rotation --- 4th cluster >>

 mean vector (mu'=Q*mu)>>
0 5.752 16.27 0 0 0 0 0 0 0 5.494 4.236 1.715 2.36 1.158 2.024 3.411 2.749 1.849 4.654

 covariance matrix (Sigma'=Q*Sigma*t(Q))>>

5.292 0.521 -1.047 -0.987 0.312 1.139 0.151 -0.009 -0.114 0.293 0 0 0 0 0 0 0 0 0 0
0.521 3.03 -0.034 0.03 0.135 0.422 0.132 0.01 0.075 0.106 0 0 0 0 0 0 0 0 0 0
-1.047 -0.034 7.362 -0.765 -0.085 -0.148 -0.19 -0.028 -0.25 -0.033 0 0 0 0 0 0 0 0 0 0
-0.987 0.03 -0.765 6.326 -0.044 -0.005 -0.165 -0.028 -0.255 0.004 0 0 0 0 0 0 0 0 0 0
0.312 0.135 -0.085 -0.044 3.803 0.314 0.085 0.005 0.036 0.079 0 0 0 0 0 0 0 0 0 0
1.139 0.422 -0.148 -0.005 0.314 4.201 0.295 0.02 0.154 0.25 0 0 0 0 0 0 0 0 0 0
0.151 0.132 -0.19 -0.165 0.085 0.295 4.74 0.001 -0.003 0.075 0 0 0 0 0 0 0 0 0 0
-0.009 0.01 -0.028 -0.028 0.005 0.02 0.001 5.584 -0.005 0.005 0 0 0 0 0 0 0 0 0 0
-0.114 0.075 -0.25 -0.255 0.036 0.154 -0.003 -0.005 5.686 0.04 0 0 0 0 0 0 0 0 0 0
0.293 0.106 -0.033 0.004 0.079 0.25 0.075 0.005 0.04 3.185 0 0 0 0 0 0 0 0 0 0
0 0 0 0 0 0 0 0 0 0 25.924 -0.003 7.321 0.303 -0.862 -3.939 -7.415 0.846 5.415 -0.171
0 0 0 0 0 0 0 0 0 0 -0.003 26.479 0.064 0.007 -0.006 -0.027 -0.054 0.013 0.048 0.002
0 0 0 0 0 0 0 0 0 0 7.321 0.064 12.103 2.624 0.08 1.26 0.632 3.693 4.131 1.9
0 0 0 0 0 0 0 0 0 0 0.303 0.007 2.624 25.687 -0.224 -0.915 -1.935 0.68 1.973 0.185
0 0 0 0 0 0 0 0 0 0 -0.862 -0.006 0.08 -0.224 42.768 -0.428 -0.641 -0.283 0.034 -0.193
0 0 0 0 0 0 0 0 0 0 -3.939 -0.027 1.26 -0.915 -0.428 34.774 -3.658 -1.095 0.827 -0.842
0 0 0 0 0 0 0 0 0 0 -7.415 -0.054 0.632 -1.935 -0.641 -3.658 37.655 -2.442 0.254 -1.662
0 0 0 0 0 0 0 0 0 0 0.846 0.013 3.693 0.68 -0.283 -1.095 -2.442 25.461 2.789 0.357
0 0 0 0 0 0 0 0 0 0 5.415 0.048 4.131 1.973 0.034 0.827 0.254 2.789 12.334 1.417
0 0 0 0 0 0 0 0 0 0 -0.171 0.002 1.9 0.185 -0.193 -0.842 -1.662 0.357 1.417 26.827

 Mean vectors and covariance matrices before rotation --- 5th cluster >>

 mean vector (mu'=Q*mu)>>
0 5.752 4.068 15.754 0 0 0 0 0 0 5.494 4.236 1.715 2.36 1.158 2.024 3.411 2.749 1.849 4.654

 covariance matrix (Sigma'=Q*Sigma*t(Q))>>

6.146 -0.123 1.384 0.124 -0.586 -0.775 0.997 0.186 0.233 0.796 0 0 0 0 0 0 0 0 0 0
-0.123 8.074 0.159 0.066 -0.006 -0.031 0.104 0.039 0.024 0.121 0 0 0 0 0 0 0 0 0 0
1.384 0.159 4.811 1.003 0.491 0.257 0.757 0.472 0.162 1.248 0 0 0 0 0 0 0 0 0 0
0.124 0.066 1.003 7.181 0.165 -0.005 0.625 0.305 0.138 0.865 0 0 0 0 0 0 0 0 0 0
-0.586 -0.006 0.491 0.165 8.484 -0.142 0.331 0.107 0.075 0.352 0 0 0 0 0 0 0 0 0 0
-0.775 -0.031 0.257 -0.005 -0.142 9.681 0.191 0.025 0.045 0.132 0 0 0 0 0 0 0 0 0 0
0.997 0.104 0.757 0.625 0.331 0.191 2.619 0.289 0.093 0.753 0 0 0 0 0 0 0 0 0 0
0.186 0.039 0.472 0.305 0.107 0.025 0.289 6.09 0.063 0.421 0 0 0 0 0 0 0 0 0 0
0.233 0.024 0.162 0.138 0.075 0.045 0.093 0.063 1.382 0.164 0 0 0 0 0 0 0 0 0 0
0.796 0.121 1.248 0.865 0.352 0.132 0.753 0.421 0.164 6.379 0 0 0 0 0 0 0 0 0 0
0 0 0 0 0 0 0 0 0 0 25.924 -0.003 7.321 0.303 -0.862 -3.939 -7.415 0.846 5.415 -0.171
0 0 0 0 0 0 0 0 0 0 -0.003 26.479 0.064 0.007 -0.006 -0.027 -0.054 0.013 0.048 0.002
0 0 0 0 0 0 0 0 0 0 7.321 0.064 12.103 2.624 0.08 1.26 0.632 3.693 4.131 1.9
0 0 0 0 0 0 0 0 0 0 0.303 0.007 2.624 25.687 -0.224 -0.915 -1.935 0.68 1.973 0.185
0 0 0 0 0 0 0 0 0 0 -0.862 -0.006 0.08 -0.224 42.768 -0.428 -0.641 -0.283 0.034 -0.193
0 0 0 0 0 0 0 0 0 0 -3.939 -0.027 1.26 -0.915 -0.428 34.774 -3.658 -1.095 0.827 -0.842
0 0 0 0 0 0 0 0 0 0 -7.415 -0.054 0.632 -1.935 -0.641 -3.658 37.655 -2.442 0.254 -1.662
0 0 0 0 0 0 0 0 0 0 0.846 0.013 3.693 0.68 -0.283 -1.095 -2.442 25.461 2.789 0.357
0 0 0 0 0 0 0 0 0 0 5.415 0.048 4.131 1.973 0.034 0.827 0.254 2.789 12.334 1.417
0 0 0 0 0 0 0 0 0 0 -0.171 0.002 1.9 0.185 -0.193 -0.842 -1.662 0.357 1.417 26.827

 Final eigenvalues for each cluster >> 
 (rows correspond to clusters)
43.124 42.843 37.089 28.099 26.782 26.479 25.285 24.358 9.082 8.85 8.797 7.164 6.873 6.594 4.676 4.617 3.809 3.772 2.269 1.813
43.124 42.843 37.089 28.099 26.782 26.479 25.285 24.358 9.498 9.082 7.766 6.997 6.952 6.873 6.526 6.218 4.019 2.547 2.413 1.425
43.124 42.843 37.089 28.099 26.782 26.479 25.285 24.358 9.082 8.548 7.942 7.312 7.1 6.873 4.348 3.323 3.227 3.154 2.242 1.179
43.124 42.843 37.089 28.099 26.782 26.479 25.285 24.358 9.082 8.025 7.182 6.873 5.737 5.585 5.109 4.684 3.705 3.208 3.122 2.852
43.124 42.843 37.089 28.099 26.782 26.479 25.285 24.358 9.856 9.548 9.082 8.551 8.072 6.873 6.586 5.938 5.231 3.522 2.181 1.363

 *************************************************

 ********************* rotation ******************

 *************************************************


 The orthogonal matrix Q >>
0.314 0.377 0.165 0.375 0.073 0.288 0.537 0.329 0.095 0.313
0.377 -0.892 0.047 0.108 0.021 0.082 0.154 0.094 0.027 0.09
0.165 0.047 -0.979 0.047 0.009 0.036 0.067 0.041 0.012 0.039
0.375 0.108 0.047 -0.893 0.021 0.082 0.153 0.094 0.027 0.089
0.073 0.021 0.009 0.021 -0.996 0.016 0.03 0.018 0.005 0.017
0.288 0.082 0.036 0.082 0.016 -0.937 0.117 0.072 0.021 0.068
0.537 0.154 0.067 0.153 0.03 0.117 -0.781 0.134 0.039 0.128
0.329 0.094 0.041 0.094 0.018 0.072 0.134 -0.918 0.024 0.078
0.095 0.027 0.012 0.027 0.005 0.021 0.039 0.024 -0.993 0.023
0.313 0.09 0.039 0.089 0.017 0.068 0.128 0.078 0.023 -0.926

 Mean vectors and covariance matrices after rotation --- 1th cluster >>

 mean vector (mu'=Q*mu)>>
2.749 -3.116 -3.278 5.494 4.236 4.654 1.158 1.849 -3.738 -5.346 -3.132 -2.866 -1.645 -0.95 2.024 -3.754 2.36 -0.731 1.715 3.411

 covariance matrix (Sigma'=Q*Sigma*t(Q))>>

25.461 0 0 0.846 0.013 0.357 -0.283 2.789 0 0 0 0 0 0 -1.095 0 0.68 0 3.693 -2.442
0 8.732 0.02 0 0 0 0 0 0.057 0.157 0.299 0.097 -0.005 -0.035 0 0.273 0 -0.265 0 0
0 0.02 3.8 0 0 0 0 0 -0.044 0.01 0.105 0.049 0.015 0.035 0 -0.263 0 0.047 0 0
0.846 0 0 25.924 -0.003 -0.171 -0.862 5.415 0 0 0 0 0 0 -3.939 0 0.303 0 7.321 -7.415
0.013 0 0 -0.003 26.479 0.002 -0.006 0.048 0 0 0 0 0 0 -0.027 0 0.007 0 0.064 -0.054
0.357 0 0 -0.171 0.002 26.827 -0.193 1.417 0 0 0 0 0 0 -0.842 0 0.185 0 1.9 -1.662
-0.283 0 0 -0.862 -0.006 -0.193 42.768 0.034 0 0 0 0 0 0 -0.428 0 -0.224 0 0.08 -0.641
2.789 0 0 5.415 0.048 1.417 0.034 12.334 0 0 0 0 0 0 0.827 0 1.973 0 4.131 0.254
0 0.057 -0.044 0 0 0 0 0 6.589 0.009 -0.057 -0.025 -0.054 0.039 0 -0.082 0 -0.113 0 0
0 0.157 0.01 0 0 0 0 0 0.009 4.723 0.101 0.01 -0.027 0.097 0 -0.296 0 0.002 0 0
0 0.299 0.105 0 0 0 0 0 -0.057 0.101 4.232 0.123 0.019 0.222 0 -0.978 0 0.185 0 0
0 0.097 0.049 0 0 0 0 0 -0.025 0.01 0.123 1.849 0.025 0.07 0 -0.352 0 0.14 0 0
0 -0.005 0.015 0 0 0 0 0 -0.054 -0.027 0.019 0.025 2.285 0.018 0 -0.223 0 0.073 0 0
0 -0.035 0.035 0 0 0 0 0 0.039 0.097 0.222 0.07 0.018 8.829 0 0.147 0 -0.099 0 0
-1.095 0 0 -3.939 -0.027 -0.842 -0.428 0.827 0 0 0 0 0 0 34.774 0 -0.915 0 1.26 -3.658
0 0.273 -0.263 0 0 0 0 0 -0.082 -0.296 -0.978 -0.352 -0.223 0.147 0 6.731 0 -0.028 0 0
0.68 0 0 0.303 0.007 0.185 -0.224 1.973 0 0 0 0 0 0 -0.915 0 25.687 0 2.624 -1.935
0 -0.265 0.047 0 0 0 0 0 -0.113 0.002 0.185 0.14 0.073 -0.099 0 -0.028 0 4.59 0 0
3.693 0 0 7.321 0.064 1.9 0.08 4.131 0 0 0 0 0 0 1.26 0 2.624 0 12.103 0.632
-2.442 0 0 -7.415 -0.054 -1.662 -0.641 0.254 0 0 0 0 0 0 -3.658 0 -1.935 0 0.632 37.655

 Mean vectors and covariance matrices after rotation --- 2th cluster >>

 mean vector (mu'=Q*mu)>>
2.749 3.116 3.278 5.494 4.236 4.654 1.158 1.849 3.738 5.346 3.132 2.866 1.645 0.95 2.024 3.754 2.36 0.731 1.715 3.411

 covariance matrix (Sigma'=Q*Sigma*t(Q))>>

25.461 0 0 0.846 0.013 0.357 -0.283 2.789 0 0 0 0 0 0 -1.095 0 0.68 0 3.693 -2.442
0 6.964 -0.16 0 0 0 0 0 0.048 0.053 0.052 0.075 -0.011 0.083 0 -0.039 0 -0.04 0 0
0 -0.16 9.062 0 0 0 0 0 -0.293 -0.394 -0.909 -0.731 -0.567 -0.118 0 -0.345 0 -0.27 0 0
0.846 0 0 25.924 -0.003 -0.171 -0.862 5.415 0 0 0 0 0 0 -3.939 0 0.303 0 7.321 -7.415
0.013 0 0 -0.003 26.479 0.002 -0.006 0.048 0 0 0 0 0 0 -0.027 0 0.007 0 0.064 -0.054
0.357 0 0 -0.171 0.002 26.827 -0.193 1.417 0 0 0 0 0 0 -0.842 0 0.185 0 1.9 -1.662
-0.283 0 0 -0.862 -0.006 -0.193 42.768 0.034 0 0 0 0 0 0 -0.428 0 -0.224 0 0.08 -0.641
2.789 0 0 5.415 0.048 1.417 0.034 12.334 0 0 0 0 0 0 0.827 0 1.973 0 4.131 0.254
0 0.048 -0.293 0 0 0 0 0 6.241 0.011 -0.06 -0.053 -0.093 0.047 0 -0.139 0 -0.046 0 0
0 0.053 -0.394 0 0 0 0 0 0.011 6.524 -0.092 -0.196 -0.229 0.048 0 -0.18 0 -0.122 0 0
0 0.052 -0.909 0 0 0 0 0 -0.06 -0.092 6.656 -0.801 -0.82 0.069 0 -0.409 0 -0.455 0 0
0 0.075 -0.731 0 0 0 0 0 -0.053 -0.196 -0.801 2.828 0.389 0.03 0 -0.57 0 0.327 0 0
0 -0.011 -0.567 0 0 0 0 0 -0.093 -0.229 -0.82 0.389 2.913 0.025 0 -0.474 0 0.279 0 0
0 0.083 -0.118 0 0 0 0 0 0.047 0.048 0.069 0.03 0.025 1.432 0 -0.063 0 0.043 0 0
-1.095 0 0 -3.939 -0.027 -0.842 -0.428 0.827 0 0 0 0 0 0 34.774 0 -0.915 0 1.26 -3.658
0 -0.039 -0.345 0 0 0 0 0 -0.139 -0.18 -0.409 -0.57 -0.474 -0.063 0 7.551 0 -0.231 0 0
0.68 0 0 0.303 0.007 0.185 -0.224 1.973 0 0 0 0 0 0 -0.915 0 25.687 0 2.624 -1.935
0 -0.04 -0.27 0 0 0 0 0 -0.046 -0.122 -0.455 0.327 0.279 0.043 0 -0.231 0 4.19 0 0
3.693 0 0 7.321 0.064 1.9 0.08 4.131 0 0 0 0 0 0 1.26 0 2.624 0 12.103 0.632
-2.442 0 0 -7.415 -0.054 -1.662 -0.641 0.254 0 0 0 0 0 0 -3.658 0 -1.935 0 0.632 37.655

 Mean vectors and covariance matrices after rotation --- 3th cluster >>

 mean vector (mu'=Q*mu)>>
2.749 1.547 1.628 5.494 4.236 4.654 1.158 1.849 1.856 2.654 6.502 1.423 0.817 0.472 2.024 -15.394 2.36 0.363 1.715 3.411

 covariance matrix (Sigma'=Q*Sigma*t(Q))>>

25.461 0 0 0.846 0.013 0.357 -0.283 2.789 0 0 0 0 0 0 -1.095 0 0.68 0 3.693 -2.442
0 3.22 -0.236 0 0 0 0 0 -0.228 -0.25 0.419 0.059 0.074 0.034 0 0.086 0 0.014 0 0
0 -0.236 8.094 0 0 0 0 0 -0.582 -0.527 -1.397 -0.212 0.155 -0.003 0 -0.361 0 -0.047 0 0
0.846 0 0 25.924 -0.003 -0.171 -0.862 5.415 0 0 0 0 0 0 -3.939 0 0.303 0 7.321 -7.415
0.013 0 0 -0.003 26.479 0.002 -0.006 0.048 0 0 0 0 0 0 -0.027 0 0.007 0 0.064 -0.054
0.357 0 0 -0.171 0.002 26.827 -0.193 1.417 0 0 0 0 0 0 -0.842 0 0.185 0 1.9 -1.662
-0.283 0 0 -0.862 -0.006 -0.193 42.768 0.034 0 0 0 0 0 0 -0.428 0 -0.224 0 0.08 -0.641
2.789 0 0 5.415 0.048 1.417 0.034 12.334 0 0 0 0 0 0 0.827 0 1.973 0 4.131 0.254
0 -0.228 -0.582 0 0 0 0 0 6.282 -0.631 -1.668 -0.187 0.324 0.083 0 -0.375 0 0.025 0 0
0 -0.25 -0.527 0 0 0 0 0 -0.631 7.366 -1.46 -0.237 0.199 -0.028 0 -0.409 0 -0.101 0 0
0 0.419 -1.397 0 0 0 0 0 -1.668 -1.46 2.977 0.448 0.708 0.453 0 0.556 0 0.374 0 0
0 0.059 -0.212 0 0 0 0 0 -0.187 -0.237 0.448 3.278 0.035 0.018 0 0.085 0 0.003 0 0
0 0.074 0.155 0 0 0 0 0 0.324 0.199 0.708 0.035 7.196 -0.098 0 0.092 0 -0.114 0 0
0 0.034 -0.003 0 0 0 0 0 0.083 -0.028 0.453 0.018 -0.098 4.302 0 0.066 0 -0.042 0 0
-1.095 0 0 -3.939 -0.027 -0.842 -0.428 0.827 0 0 0 0 0 0 34.774 0 -0.915 0 1.26 -3.658
0 0.086 -0.361 0 0 0 0 0 -0.375 -0.409 0.556 0.085 0.092 0.066 0 2.37 0 0.05 0 0
0.68 0 0 0.303 0.007 0.185 -0.224 1.973 0 0 0 0 0 0 -0.915 0 25.687 0 2.624 -1.935
0 0.014 -0.047 0 0 0 0 0 0.025 -0.101 0.374 0.003 -0.114 -0.042 0 0.05 0 3.293 0 0
3.693 0 0 7.321 0.064 1.9 0.08 4.131 0 0 0 0 0 0 1.26 0 2.624 0 12.103 0.632
-2.442 0 0 -7.415 -0.054 -1.662 -0.641 0.254 0 0 0 0 0 0 -3.658 0 -1.935 0 0.632 37.655

 Mean vectors and covariance matrices after rotation --- 4th cluster >>

 mean vector (mu'=Q*mu)>>
2.749 1.155 1.215 5.494 4.236 4.654 1.158 1.849 1.386 1.982 4.854 1.062 -15.66 0.352 2.024 -4.361 2.36 0.271 1.715 3.411

 covariance matrix (Sigma'=Q*Sigma*t(Q))>>

25.461 0 0 0.846 0.013 0.357 -0.283 2.789 0 0 0 0 0 0 -1.095 0 0.68 0 3.693 -2.442
0 3.241 0.016 0 0 0 0 0 0.311 0.13 0.372 -0.104 0.346 0.088 0 0.12 0 -0.03 0 0
0 0.016 5.545 0 0 0 0 0 0.238 -0.024 -0.126 -0.396 0.345 0.031 0 -0.033 0 -0.121 0 0
0.846 0 0 25.924 -0.003 -0.171 -0.862 5.415 0 0 0 0 0 0 -3.939 0 0.303 0 7.321 -7.415
0.013 0 0 -0.003 26.479 0.002 -0.006 0.048 0 0 0 0 0 0 -0.027 0 0.007 0 0.064 -0.054
0.357 0 0 -0.171 0.002 26.827 -0.193 1.417 0 0 0 0 0 0 -0.842 0 0.185 0 1.9 -1.662
-0.283 0 0 -0.862 -0.006 -0.193 42.768 0.034 0 0 0 0 0 0 -0.428 0 -0.224 0 0.08 -0.641
2.789 0 0 5.415 0.048 1.417 0.034 12.334 0 0 0 0 0 0 0.827 0 1.973 0 4.131 0.254
0 0.311 0.238 0 0 0 0 0 6.983 0.314 0.122 -0.208 -0.184 -0.124 0 0.337 0 -0.119 0 0
0 0.13 -0.024 0 0 0 0 0 0.314 4.764 0.118 -0.349 0.438 0.067 0 0.107 0 -0.112 0 0
0 0.372 -0.126 0 0 0 0 0 0.122 0.118 4.984 -0.49 0.463 0.04 0 0.395 0 -0.184 0 0
0 -0.104 -0.396 0 0 0 0 0 -0.208 -0.349 -0.49 3.503 -0.014 0.074 0 -0.053 0 0.119 0 0
0 0.346 0.345 0 0 0 0 0 -0.184 0.438 0.463 -0.014 7.746 -0.118 0 0.394 0 -0.06 0 0
0 0.088 0.031 0 0 0 0 0 -0.124 0.067 0.04 0.074 -0.118 5.71 0 0.117 0 0.01 0 0
-1.095 0 0 -3.939 -0.027 -0.842 -0.428 0.827 0 0 0 0 0 0 34.774 0 -0.915 0 1.26 -3.658
0 0.12 -0.033 0 0 0 0 0 0.337 0.107 0.395 -0.053 0.394 0.117 0 2.984 0 -0.009 0 0
0.68 0 0 0.303 0.007 0.185 -0.224 1.973 0 0 0 0 0 0 -0.915 0 25.687 0 2.624 -1.935
0 -0.03 -0.121 0 0 0 0 0 -0.119 -0.112 -0.184 0.119 -0.06 0.01 0 -0.009 0 3.748 0 0
3.693 0 0 7.321 0.064 1.9 0.08 4.131 0 0 0 0 0 0 1.26 0 2.624 0 12.103 0.632
-2.442 0 0 -7.415 -0.054 -1.662 -0.641 0.254 0 0 0 0 0 0 -3.658 0 -1.935 0 0.632 37.655

 Mean vectors and covariance matrices after rotation --- 5th cluster >>

 mean vector (mu'=Q*mu)>>
2.749 2.082 2.19 5.494 4.236 4.654 1.158 1.849 -13.256 3.572 8.749 1.915 -2.968 0.635 2.024 -3.245 2.36 0.488 1.715 3.411

 covariance matrix (Sigma'=Q*Sigma*t(Q))>>

25.461 0 0 0.846 0.013 0.357 -0.283 2.789 0 0 0 0 0 0 -1.095 0 0.68 0 3.693 -2.442
0 5.478 -0.123 0 0 0 0 0 0.096 0.098 -0.871 -0.231 0.323 0.038 0 -0.47 0 0.31 0 0
0 -0.123 5.943 0 0 0 0 0 -0.021 0.292 0.13 0.015 -0.288 0.054 0 -0.097 0 0.158 0 0
0.846 0 0 25.924 -0.003 -0.171 -0.862 5.415 0 0 0 0 0 0 -3.939 0 0.303 0 7.321 -7.415
0.013 0 0 -0.003 26.479 0.002 -0.006 0.048 0 0 0 0 0 0 -0.027 0 0.007 0 0.064 -0.054
0.357 0 0 -0.171 0.002 26.827 -0.193 1.417 0 0 0 0 0 0 -0.842 0 0.185 0 1.9 -1.662
-0.283 0 0 -0.862 -0.006 -0.193 42.768 0.034 0 0 0 0 0 0 -0.428 0 -0.224 0 0.08 -0.641
2.789 0 0 5.415 0.048 1.417 0.034 12.334 0 0 0 0 0 0 0.827 0 1.973 0 4.131 0.254
0 0.096 -0.021 0 0 0 0 0 6.631 0.372 -0.567 -0.153 0.058 0.082 0 -0.268 0 0.188 0 0
0 0.098 0.292 0 0 0 0 0 0.372 3.021 1.879 0.388 -0.36 0.149 0 0.162 0 0.468 0 0
0 -0.871 0.13 0 0 0 0 0 -0.567 1.879 8.052 -0.349 -1.384 0.352 0 -0.054 0 -0.264 0 0
0 -0.231 0.015 0 0 0 0 0 -0.153 0.388 -0.349 9.777 -0.348 0.072 0 -0.014 0 -0.071 0 0
0 0.323 -0.288 0 0 0 0 0 0.058 -0.36 -1.384 -0.348 4.086 -0.041 0 -0.694 0 0.364 0 0
0 0.038 0.054 0 0 0 0 0 0.082 0.149 0.352 0.072 -0.041 1.39 0 0.023 0 0.098 0 0
-1.095 0 0 -3.939 -0.027 -0.842 -0.428 0.827 0 0 0 0 0 0 34.774 0 -0.915 0 1.26 -3.658
0 -0.47 -0.097 0 0 0 0 0 -0.268 0.162 -0.054 -0.014 -0.694 0.023 0 7.957 0 0.059 0 0
0.68 0 0 0.303 0.007 0.185 -0.224 1.973 0 0 0 0 0 0 -0.915 0 25.687 0 2.624 -1.935
0 0.31 0.158 0 0 0 0 0 0.188 0.468 -0.264 -0.071 0.364 0.098 0 0.059 0 8.514 0 0
3.693 0 0 7.321 0.064 1.9 0.08 4.131 0 0 0 0 0 0 1.26 0 2.624 0 12.103 0.632
-2.442 0 0 -7.415 -0.054 -1.662 -0.641 0.254 0 0 0 0 0 0 -3.658 0 -1.935 0 0.632 37.655

 Final eigenvalues for each cluster >> 
 (rows correspond to clusters)
43.124 42.843 37.089 28.099 26.782 26.479 25.285 24.358 9.082 8.85 8.797 7.164 6.873 6.594 4.676 4.617 3.809 3.772 2.269 1.813
43.124 42.843 37.089 28.099 26.782 26.479 25.285 24.358 9.498 9.082 7.766 6.997 6.952 6.873 6.526 6.218 4.019 2.547 2.413 1.425
43.124 42.843 37.089 28.099 26.782 26.479 25.285 24.358 9.082 8.548 7.942 7.312 7.1 6.873 4.348 3.323 3.227 3.154 2.242 1.179
43.124 42.843 37.089 28.099 26.782 26.479 25.285 24.358 9.082 8.025 7.182 6.873 5.737 5.585 5.109 4.684 3.705 3.208 3.122 2.852
43.124 42.843 37.089 28.099 26.782 26.479 25.285 24.358 9.856 9.548 9.082 8.551 8.072 6.873 6.586 5.938 5.231 3.522 2.181 1.363

 theoretical Separation index matrix >>

-1 0.427 0.436 0.413 0.34
0.427 -1 0.415 0.384 0.34
0.436 0.415 -1 0.411 0.34
0.413 0.384 0.411 -1 0.34
0.34 0.34 0.34 0.34 -1

 theoretical projection directions >>

**** cluster 1 and 2
0 0.128 0.294 0 0 0 0 0 0.241 0.395 0.338 0.592 0.338 0.045 0 0.313 0 0.059 0 0

**** cluster 1 and 3
0 0.137 0.24 0 0 0 0 0 0.295 0.327 0.696 0.212 -0.006 -0.001 0 -0.448 0 0.005 0 0

**** cluster 1 and 4
0 0.127 0.245 0 0 0 0 0 0.142 0.352 0.402 0.39 -0.68 0.017 0 0.035 0 0.053 0 0

**** cluster 1 and 5
0 0.236 0.321 0 0 0 0 0 -0.43 0.562 0.516 0.253 0.028 0.048 0 0.075 0 0.035 0 0

**** cluster 2 and 3
0 -0.077 -0.083 0 0 0 0 0 -0.099 -0.121 0.14 -0.159 -0.045 -0.035 0 -0.956 0 -0.038 0 0

**** cluster 2 and 4
0 -0.06 -0.121 0 0 0 0 0 -0.102 -0.149 -0.01 -0.161 -0.881 -0.05 0 -0.381 0 -0.014 0 0

**** cluster 2 and 5
0 -0.037 -0.094 0 0 0 0 0 -0.803 -0.13 0.127 -0.066 -0.443 -0.048 0 -0.33 0 0.027 0 0

**** cluster 3 and 4
0 -0.007 0.016 0 0 0 0 0 -0.019 0.01 -0.117 -0.023 -0.456 -0.025 0 0.881 0 -0.018 0 0

**** cluster 3 and 5
0 0.056 0.011 0 0 0 0 0 -0.677 0.047 -0.069 -0.001 -0.144 0.028 0 0.714 0 0.012 0 0

**** cluster 4 and 5
0 0.057 0.063 0 0 0 0 0 -0.662 0.125 0.196 0.055 0.7 0.019 0 0.081 0 -0.003 0 0

 empirical Separation index matrix (alpha= 0.05 )>>

-1 0.454 0.476 0.486 0.351
0.454 -1 0.493 0.394 0.408
0.476 0.493 -1 0.477 0.372
0.486 0.394 0.477 -1 0.403
0.351 0.408 0.372 0.403 -1

 empirical projection directions >>

**** cluster 1 and 2
-0.021 0.057 0.061 -0.025 -0.09 0.02 0.016 -0.064 0.182 -0.001 -0.1 0.083 0.868 -0.065 -0.03 0.348 -0.015 -0.194 -0.1 0.04

**** cluster 1 and 3
-0.014 -0.304 -0.26 -0.02 -0.047 -0.042 -0.009 0.106 -0.248 -0.295 -0.374 -0.411 0.557 -0.045 0.056 -0.132 0.02 -0.177 -0.039 0.024

**** cluster 1 and 4
-0.002 0.161 0.069 -0.039 -0.04 0.101 -0.013 -0.102 0.053 -0.051 0.013 0.21 0.484 0.027 -0.016 -0.804 0.03 -0.116 -0.022 -0.01

**** cluster 1 and 5
-0.008 0.02 -0.057 0.022 -0.057 0.004 0.038 0.03 -0.635 0.164 0.225 0.047 0.7 0.023 -0.021 -0.051 -0.001 -0.099 -0.058 0.03

**** cluster 2 and 3
-0.025 -0.15 -0.294 -0.053 -0.017 -0.038 -0.011 0.059 -0.173 -0.355 -0.311 -0.633 -0.334 -0.112 -0.015 -0.281 0.03 -0.139 0.069 -0.016

**** cluster 2 and 4
-0.008 -0.115 -0.066 0.05 -0.012 0.006 -0.031 -0.117 -0.119 -0.138 0.057 -0.175 -0.241 -0.021 -0.001 -0.892 0.027 -0.208 -0.016 0.001

**** cluster 2 and 5
-0.059 0.128 -0.169 0.031 0.079 0.086 0.024 0.049 -0.813 -0.146 0.107 -0.119 -0.426 -0.037 0.017 -0.183 0.021 0.08 -0.044 -0.03

**** cluster 3 and 4
0.046 0.246 0.285 0.025 0.077 0.044 -0.017 -0.101 0.324 0.327 0.581 0.438 0.201 0.101 -0.017 -0.184 0.009 0.09 0 -0.049

**** cluster 3 and 5
0.001 0.268 0.318 0.016 0.054 0.01 0.034 -0.007 -0.367 0.372 0.459 0.411 0.32 0.135 0.03 0.182 0.004 0.087 -0.082 0.027

**** cluster 4 and 5
-0.024 0.042 -0.127 0.021 -0.032 -0.004 0.057 0.159 -0.69 -0.039 -0.1 -0.114 -0.26 -0.006 0.063 0.579 -0.076 0.179 -0.071 -0.04
