
 Log information for the data set datasetJHG5v10nv1out0_2.dat >>

 alpha = 0.05 sepVal = 0.34

 Number of clusters >> 5

 cluster sizes >>
50 50 50 50 50

 Number of data points >> 250

 Number of dimensions >> 11

 Number of noisy dimensions >> 1

 noisy variables >>
9

 Number of outliers >> 0

 initial eigenvalues for each cluster >> 
 (rows correspond to clusters)
7.369 1.156 2.402 3.501 4.799 6.943 6.17 9.438 7.15 2.662
6.496 5.342 4.399 2.624 6.595 7.395 4.888 1.12 6.765 9.714
5.115 8.812 2.118 7.002 5.234 9.917 4.419 2.04 1.027 6.818
8.924 4.459 5.346 6.596 4.024 3.051 4.354 3.789 5.976 6.573
4.726 4.931 9.277 4.451 6.721 1.987 3.976 7.077 9.474 1.595

 Mean vectors and covariance matrices before rotation --- 1th cluster >>

 mean vector (mu'=Q*mu)>>
-10.033 0 0 0 0 0 0 0 0 0 3.96

 covariance matrix (Sigma'=Q*Sigma*t(Q))>>

8.856 0.017 2.133 1.432 0.032 -1.974 -0.474 -1.478 -0.61 1.75 0
0.017 2.204 0.014 0.014 0.002 0.009 0.004 0.001 0.002 0.012 0
2.133 0.014 6.881 2.283 0.292 1.15 0.577 0.067 0.299 2.024 0
1.432 0.014 2.283 8.877 0.267 0.851 0.476 -0.081 0.212 1.996 0
0.032 0.002 0.292 0.267 9.182 0.045 0.04 -0.043 0.008 0.253 0
-1.974 0.009 1.15 0.851 0.045 12.529 -0.139 -0.619 -0.227 0.958 0
-0.474 0.004 0.577 0.476 0.04 -0.139 11.771 -0.2 -0.05 0.489 0
-1.478 0.001 0.067 -0.081 -0.043 -0.619 -0.2 17.674 -0.182 0.031 0
-0.61 0.002 0.299 0.212 0.008 -0.227 -0.05 -0.182 13.567 0.247 0
1.75 0.012 2.024 1.996 0.253 0.958 0.489 0.031 0.247 6.856 0
0 0 0 0 0 0 0 0 0 0 8.732

 Mean vectors and covariance matrices before rotation --- 2th cluster >>

 mean vector (mu'=Q*mu)>>
10.033 0 0 0 0 0 0 0 0 0 3.96

 covariance matrix (Sigma'=Q*Sigma*t(Q))>>

5.182 0.063 0.346 0.829 -0.488 -0.627 0.115 1.851 -0.018 -0.773 0
0.063 5.417 0.135 0.226 0.012 -0.045 0.061 0.456 0 -0.109 0
0.346 0.135 4.601 0.296 0.107 0.02 0.098 0.568 0.003 -0.08 0
0.829 0.226 0.296 3.004 0.269 0.14 0.152 0.686 0.008 -0.01 0
-0.488 0.012 0.107 0.269 6.415 -0.222 0.033 0.607 -0.006 -0.265 0
-0.627 -0.045 0.02 0.14 -0.222 7.168 -0.009 0.358 -0.007 -0.228 0
0.115 0.061 0.098 0.152 0.033 -0.009 4.934 0.299 0.001 -0.056 0
1.851 0.456 0.568 0.686 0.607 0.358 0.299 2.318 0.018 0.067 0
-0.018 0 0.003 0.008 -0.006 -0.007 0.001 0.018 6.765 -0.009 0
-0.773 -0.109 -0.08 -0.01 -0.265 -0.228 -0.056 0.067 -0.009 9.534 0
0 0 0 0 0 0 0 0 0 0 8.732

 Mean vectors and covariance matrices before rotation --- 3th cluster >>

 mean vector (mu'=Q*mu)>>
0 17.378 0 0 0 0 0 0 0 0 3.96

 covariance matrix (Sigma'=Q*Sigma*t(Q))>>

4.451 -1.292 0.042 -0.004 -0.235 -1.504 0.089 1.195 1.351 -0.16 0
-1.292 8.234 -0.005 -0.003 -0.383 -0.607 -0.408 -0.126 -0.011 -0.102 0
0.042 -0.005 2.119 0 0.012 -0.009 0.021 0.034 0.033 0.001 0
-0.004 -0.003 0 7.002 -0.001 -0.003 -0.001 0 0.001 0 0
-0.235 -0.383 0.012 -0.001 5.153 -0.443 0.009 0.328 0.376 -0.049 0
-1.504 -0.607 -0.009 -0.003 -0.443 9.289 -0.495 -0.23 -0.102 -0.111 0
0.089 -0.408 0.021 -0.001 0.009 -0.495 4.581 0.576 0.611 -0.042 0
1.195 -0.126 0.034 0 0.328 -0.23 0.576 2.993 0.91 0.022 0
1.351 -0.011 0.033 0.001 0.376 -0.102 0.611 0.91 1.877 0.04 0
-0.16 -0.102 0.001 0 -0.049 -0.111 -0.042 0.022 0.04 6.802 0
0 0 0 0 0 0 0 0 0 0 8.732

 Mean vectors and covariance matrices before rotation --- 4th cluster >>

 mean vector (mu'=Q*mu)>>
0 5.793 16.384 0 0 0 0 0 0 0 3.96

 covariance matrix (Sigma'=Q*Sigma*t(Q))>>

4.75 0.095 -0.119 -0.625 0.469 0.915 0.104 0.345 -0.365 -0.172 0
0.095 4.64 0.23 0.179 0.41 0.474 0.128 0.254 0.209 0.05 0
-0.119 0.23 5.769 0.254 0.704 0.838 0.217 0.44 0.32 0.072 0
-0.625 0.179 0.254 6.766 0.57 0.724 0.171 0.363 0.186 0.03 0
0.469 0.41 0.704 0.57 5.288 1.4 0.384 0.757 0.65 0.16 0
0.915 0.474 0.838 0.724 1.4 4.649 0.443 0.861 0.795 0.203 0
0.104 0.128 0.217 0.171 0.384 0.443 4.517 0.238 0.198 0.048 0
0.345 0.254 0.44 0.363 0.757 0.861 0.238 4.294 0.409 0.102 0
-0.365 0.209 0.32 0.186 0.65 0.795 0.198 0.409 6.294 0.053 0
-0.172 0.05 0.072 0.03 0.16 0.203 0.048 0.102 0.053 6.646 0
0 0 0 0 0 0 0 0 0 0 8.732

 Mean vectors and covariance matrices before rotation --- 5th cluster >>

 mean vector (mu'=Q*mu)>>
0 5.793 4.096 15.864 0 0 0 0 0 0 3.96

 covariance matrix (Sigma'=Q*Sigma*t(Q))>>

5.82 0.315 -1.338 0.559 -0.258 0.979 0.226 -0.391 -1.422 1.61 0
0.315 5.016 -0.503 0.168 -0.112 0.329 0.071 -0.161 -0.533 0.544 0
-1.338 -0.503 8.107 -0.501 -0.581 -0.071 -0.127 -0.677 -1.205 -0.05 0
0.559 0.168 -0.501 4.725 -0.074 0.427 0.106 -0.125 -0.535 0.698 0
-0.258 -0.112 -0.581 -0.074 6.495 0.129 -0.006 -0.277 -0.606 0.234 0
0.979 0.329 -0.071 0.427 0.129 2.411 0.142 0.113 -0.091 0.671 0
0.226 0.071 -0.127 0.106 -0.006 0.142 4.014 -0.02 -0.137 0.23 0
-0.391 -0.161 -0.677 -0.125 -0.277 0.113 -0.02 6.742 -0.704 0.214 0
-1.422 -0.533 -1.205 -0.535 -0.606 -0.091 -0.137 -0.704 8.233 -0.079 0
1.61 0.544 -0.05 0.698 0.234 0.671 0.23 0.214 -0.079 2.652 0
0 0 0 0 0 0 0 0 0 0 8.732

 Final eigenvalues for each cluster >> 
 (rows correspond to clusters)
18.002 14.055 13.638 13.242 11.768 9.153 8.732 6.677 5.077 4.581 2.204
9.714 8.732 7.395 6.765 6.595 6.496 5.342 4.888 4.399 2.624 1.12
9.917 8.812 8.732 7.002 6.818 5.234 5.115 4.419 2.118 2.04 1.027
9.011 8.732 6.661 6.637 6.035 5.398 4.503 4.397 4.063 3.827 3.081
9.474 9.277 8.732 7.077 6.721 4.931 4.726 4.451 3.976 1.987 1.595

 *************************************************

 ********************* rotation ******************

 *************************************************


 The orthogonal matrix Q >>
0.493 0.224 0.215 0.142 0.144 0.135 0.521 0.354 0.446 0.071
0.224 -0.966 0.032 0.021 0.022 0.02 0.078 0.053 0.067 0.011
0.215 0.032 -0.969 0.02 0.021 0.019 0.075 0.051 0.064 0.01
0.142 0.021 0.02 -0.987 0.014 0.013 0.049 0.034 0.042 0.007
0.144 0.022 0.021 0.014 -0.986 0.013 0.05 0.034 0.043 0.007
0.135 0.02 0.019 0.013 0.013 -0.988 0.047 0.032 0.04 0.006
0.521 0.078 0.075 0.049 0.05 0.047 -0.818 0.124 0.156 0.025
0.354 0.053 0.051 0.034 0.034 0.032 0.124 -0.916 0.106 0.017
0.446 0.067 0.064 0.042 0.043 0.04 0.156 0.106 -0.867 0.021
0.071 0.011 0.01 0.007 0.007 0.006 0.025 0.017 0.021 -0.997

 Mean vectors and covariance matrices after rotation --- 1th cluster >>

 mean vector (mu'=Q*mu)>>
-1.422 -3.552 -1.448 -0.716 -4.947 -1.352 -4.476 -2.153 3.96 -5.231 -2.252

 covariance matrix (Sigma'=Q*Sigma*t(Q))>>

8.274 -0.879 -0.055 1.493 -1.629 0.798 -0.829 1.467 0 -0.699 -0.315
-0.879 17.447 -0.127 -0.868 -1.665 -0.078 -0.555 -0.899 0 -0.529 0.3
-0.055 -0.127 9.151 -0.112 -0.01 0.269 -0.133 -0.097 0 -0.083 0.129
1.493 -0.868 -0.112 6.502 -1.89 0.742 -0.904 1.312 0 -0.835 -0.469
-1.629 -1.665 -0.01 -1.89 11.303 0.601 -1.216 -1.476 0 -0.733 1.765
0.798 -0.078 0.269 0.742 0.601 12.974 0.422 1.162 0 0.66 0.52
-0.829 -0.555 -0.133 -0.904 -1.216 0.422 12.986 -0.971 0 -0.594 0.324
1.467 -0.899 -0.097 1.312 -1.476 1.162 -0.971 5.793 0 -0.844 -0.33
0 0 0 0 0 0 0 0 8.732 0 0
-0.699 -0.529 -0.083 -0.835 -0.733 0.66 -0.594 -0.844 0 11.292 0.447
-0.315 0.3 0.129 -0.469 1.765 0.52 0.324 -0.33 0 0.447 2.674

 Mean vectors and covariance matrices after rotation --- 2th cluster >>

 mean vector (mu'=Q*mu)>>
1.422 3.552 1.448 0.716 4.947 1.352 4.476 2.153 3.96 5.231 2.252

 covariance matrix (Sigma'=Q*Sigma*t(Q))>>

2.757 0.18 0.184 0.025 -0.421 0.088 -0.411 0.057 0 -0.28 0.011
0.18 1.335 0.509 0.211 -0.085 0.337 -0.673 0.141 0 -0.367 0.098
0.184 0.509 6.498 -0.146 -0.002 -0.115 0.093 0.115 0 0.207 0.058
0.025 0.211 -0.146 9.632 0.28 -0.102 0.283 0.042 0 0.314 0.036
-0.421 -0.085 -0.002 0.28 6.333 0.125 -0.149 -0.117 0 0.558 -0.047
0.088 0.337 -0.115 -0.102 0.125 7.295 0.174 0.071 0 0.257 0.042
-0.411 -0.673 0.093 0.283 -0.149 0.174 6.583 -0.204 0 -0.033 -0.105
0.057 0.141 0.115 0.042 -0.117 0.071 -0.204 4.443 0 -0.058 0.024
0 0 0 0 0 0 0 0 8.732 0 0
-0.28 -0.367 0.207 0.314 0.558 0.257 -0.033 -0.058 0 5.103 0.028
0.011 0.098 0.058 0.036 -0.047 0.042 -0.105 0.024 0 0.028 5.358

 Mean vectors and covariance matrices after rotation --- 3th cluster >>

 mean vector (mu'=Q*mu)>>
0.37 0.925 0.377 0.186 3.901 0.352 1.166 0.561 3.96 1.362 -16.791

 covariance matrix (Sigma'=Q*Sigma*t(Q))>>

6.951 -0.231 -0.009 0.001 -0.24 0.188 -0.202 0.011 0 -0.115 0.111
-0.231 2.159 0.204 -0.025 -0.482 0.15 0.079 -0.093 0 -0.088 -0.006
-0.009 0.204 5.191 -0.024 -0.007 -0.206 0.31 0.091 0 0.057 -0.197
0.001 -0.025 -0.024 6.817 0.012 0.011 0.024 0.048 0 0.003 -0.001
-0.24 -0.482 -0.007 0.012 5.152 0.797 0.165 0.621 0 0.002 0.383
0.188 0.15 -0.206 0.011 0.797 9.698 0.46 0.365 0 0.279 -0.119
-0.202 0.079 0.31 0.024 0.165 0.46 1.106 0.005 0 0.098 0.28
0.011 -0.093 0.091 0.048 0.621 0.365 0.005 2.271 0 0.175 0.308
0 0 0 0 0 0 0 0 8.732 0 0
-0.115 -0.088 0.057 0.003 0.002 0.279 0.098 0.175 0 4.435 0.127
0.111 -0.006 -0.197 -0.001 0.383 -0.119 0.28 0.308 0 0.127 8.722

 Mean vectors and covariance matrices after rotation --- 4th cluster >>

 mean vector (mu'=Q*mu)>>
0.457 1.142 0.466 0.23 4.816 0.435 1.439 -15.692 3.96 1.682 -5.069

 covariance matrix (Sigma'=Q*Sigma*t(Q))>>

6.798 0.322 0.4 0.039 -0.37 0.477 0.195 0.22 0 0.223 0.165
0.322 3.889 0.21 0.062 -0.288 0.13 0.052 0.172 0 -0.075 0.028
0.4 0.21 4.909 0.067 -1.403 0.957 0.022 0.363 0 -0.307 0.075
0.039 0.062 0.067 6.646 -0.124 0.072 0.033 0.043 0 0.046 0.031
-0.37 -0.288 -1.403 -0.124 6.603 -1.757 -0.52 -0.598 0 0.362 -0.18
0.477 0.13 0.957 0.072 -1.757 4.152 -0.067 0.386 0 -0.525 0.023
0.195 0.052 0.022 0.033 -0.52 -0.067 6.036 0.074 0 0.027 0.02
0.22 0.172 0.363 0.043 -0.598 0.386 0.074 5.593 0 -0.007 0.079
0 0 0 0 0 0 0 0 8.732 0 0
0.223 -0.075 -0.307 0.046 0.362 -0.525 0.027 -0.007 0 4.471 -0.026
0.165 0.028 0.075 0.031 -0.18 0.023 0.02 0.079 0 -0.026 4.515

 Mean vectors and covariance matrices after rotation --- 5th cluster >>

 mean vector (mu'=Q*mu)>>
-15.443 1.05 0.428 0.212 4.428 0.4 1.323 -3.46 3.96 1.546 -5.127

 covariance matrix (Sigma'=Q*Sigma*t(Q))>>

4.611 -0.221 -0.069 0.409 -0.109 0.242 -0.569 -0.355 0 -0.087 0.058
-0.221 6.971 -0.074 -0.411 -0.076 -0.17 -0.194 -0.027 0 0.193 -0.138
-0.069 -0.074 6.623 0.001 0.333 0.055 -0.259 -0.25 0 0.242 -0.033
0.409 -0.411 0.001 2.391 -1.158 0.358 -0.822 -0.326 0 -0.716 0.123
-0.109 -0.076 0.333 -1.158 4.399 -0.463 -0.094 1.006 0 0.16 -0.001
0.242 -0.17 0.055 0.358 -0.463 2.162 -0.364 -0.049 0 -0.322 0.103
-0.569 -0.194 -0.259 -0.822 -0.094 -0.364 9.153 -0.253 0 0.455 -0.364
-0.355 -0.027 -0.25 -0.326 1.006 -0.049 -0.253 8.81 0 0.753 -0.166
0 0 0 0 0 0 0 0 8.732 0 0
-0.087 0.193 0.242 -0.716 0.16 -0.322 0.455 0.753 0 4.142 0.026
0.058 -0.138 -0.033 0.123 -0.001 0.103 -0.364 -0.166 0 0.026 4.954

 Final eigenvalues for each cluster >> 
 (rows correspond to clusters)
18.002 14.055 13.638 13.242 11.768 9.153 8.732 6.677 5.077 4.581 2.204
9.714 8.732 7.395 6.765 6.595 6.496 5.342 4.888 4.399 2.624 1.12
9.917 8.812 8.732 7.002 6.818 5.234 5.115 4.419 2.118 2.04 1.027
9.011 8.732 6.661 6.637 6.035 5.398 4.503 4.397 4.063 3.827 3.081
9.474 9.277 8.732 7.077 6.721 4.931 4.726 4.451 3.976 1.987 1.595

 theoretical Separation index matrix >>

-1 0.343 0.406 0.34 0.34
0.343 -1 0.34 0.392 0.447
0.406 0.34 -1 0.424 0.358
0.34 0.392 0.424 -1 0.346
0.34 0.447 0.358 0.346 -1

 theoretical projection directions >>

**** cluster 1 and 2
0.298 0.364 0.092 0.078 0.458 -0.013 0.39 0.377 0 0.463 0.212

**** cluster 1 and 3
0.112 0.185 0.055 0.084 0.428 -0.024 0.268 0.241 0 0.266 -0.747

**** cluster 1 and 4
0.189 0.178 0.136 0.168 0.391 0.126 0.226 -0.671 0 0.282 -0.369

**** cluster 1 and 5
-0.597 0.148 0.055 0.443 0.448 0.095 0.171 -0.032 0 0.302 -0.302

**** cluster 2 and 3
-0.087 -0.504 -0.01 0.002 -0.044 0.001 -0.263 -0.093 0 -0.241 -0.775

**** cluster 2 and 4
-0.019 -0.209 0.006 0.003 -0.058 -0.004 -0.145 -0.877 0 -0.193 -0.354

**** cluster 2 and 5
-0.909 -0.141 -0.009 0 -0.047 -0.003 -0.15 -0.177 0 -0.164 -0.266

**** cluster 3 and 4
0.007 0.022 0.049 0.007 0.048 0.052 0.002 -0.925 0 0.03 0.369

**** cluster 3 and 5
-0.822 -0.024 0.002 0.025 0.026 0.039 -0.05 -0.235 0 0.018 0.513

**** cluster 4 and 5
-0.854 -0.005 0.008 0.043 -0.066 0.034 -0.018 0.511 0 -0.03 0.018

 empirical Separation index matrix (alpha= 0.05 )>>

-1 0.344 0.395 0.415 0.446
0.344 -1 0.354 0.456 0.434
0.395 0.354 -1 0.335 0.362
0.415 0.456 0.335 -1 0.425
0.446 0.434 0.362 0.425 -1

 empirical projection directions >>

**** cluster 1 and 2
0.072 0.384 0.22 -0.043 0.154 -0.042 0.279 0.028 -0.034 0.282 0.782

**** cluster 1 and 3
-0.09 -0.062 0.054 -0.046 -0.349 0.047 -0.25 -0.309 -0.037 -0.311 0.777

**** cluster 1 and 4
-0.764 -0.223 0.081 0.014 0.067 0.017 -0.013 -0.307 0.092 -0.064 0.498

**** cluster 1 and 5
-0.014 0.09 0.087 0.026 0.027 0.126 -0.273 -0.823 -0.09 0.09 0.446

**** cluster 2 and 3
-0.169 -0.238 -0.204 0.033 -0.415 0.02 -0.498 -0.463 0.014 -0.486 -0.029

**** cluster 2 and 4
-0.892 -0.281 0.016 0.174 -0.088 -0.08 -0.129 -0.231 -0.019 -0.106 -0.001

**** cluster 2 and 5
0.034 -0.11 -0.183 0.053 -0.221 0.042 -0.277 -0.845 -0.031 -0.229 -0.236

**** cluster 3 and 4
-0.484 0.125 0.088 0.568 0.468 -0.05 0.198 -0.019 0.073 0.338 -0.197

**** cluster 3 and 5
0.274 0.127 0.126 0.272 0.411 0.054 0.159 -0.632 -0.101 0.243 -0.392

**** cluster 4 and 5
0.764 0.109 -0.071 0.013 0.025 0.041 0.033 -0.581 -0.047 0.076 -0.223
