
 Log information for the data set datasetJHG5v10nv10out0_1.dat >>

 alpha = 0.05 sepVal = 0.34

 Number of clusters >> 5

 cluster sizes >>
50 50 50 50 50

 Number of data points >> 250

 Number of dimensions >> 20

 Number of noisy dimensions >> 10

 noisy variables >>
2 3 5 6 7 9 10 12 15 18

 Number of outliers >> 0

 initial eigenvalues for each cluster >> 
 (rows correspond to clusters)
4.307 4.133 9.944 3.633 7.698 8.176 9.196 1.675 1.332 9.123
7.148 1.456 7.268 9.414 9.81 8.543 1.757 2.716 6.799 4.134
6.122 8.907 1.175 3.92 8.987 8.289 3.745 1.404 8.829 8.745
6.137 7.442 1.256 2.06 8.584 5.039 8.829 7.842 8.265 1.33
3.918 9.149 8.476 3.964 2.217 7.535 1.317 5.214 3.17 7.389

 Mean vectors and covariance matrices before rotation --- 1th cluster >>

 mean vector (mu'=Q*mu)>>
-9.869 0 0 0 0 0 0 0 0 0 1.591 1.916 0.577 5.059 3.831 4.205 4.674 5.573 3.837 2.093

 covariance matrix (Sigma'=Q*Sigma*t(Q))>>

6.113 0.534 -0.817 0.399 -0.386 -0.007 -1.659 1.233 1.869 -1.597 0 0 0 0 0 0 0 0 0 0
0.534 4.29 -0.207 0.114 -0.093 -0.002 -0.417 0.34 0.514 -0.401 0 0 0 0 0 0 0 0 0 0
-0.817 -0.207 9.636 -0.104 -0.244 -0.004 -0.705 -0.074 -0.08 -0.688 0 0 0 0 0 0 0 0 0 0
0.399 0.114 -0.104 3.712 -0.038 -0.001 -0.202 0.218 0.326 -0.193 0 0 0 0 0 0 0 0 0 0
-0.386 -0.093 -0.244 -0.038 7.523 -0.003 -0.544 0.035 0.073 -0.53 0 0 0 0 0 0 0 0 0 0
-0.007 -0.002 -0.004 -0.001 -0.003 8.176 -0.009 0 0.001 -0.009 0 0 0 0 0 0 0 0 0 0
-1.659 -0.417 -0.705 -0.202 -0.544 -0.009 7.596 -0.093 -0.073 -1.561 0 0 0 0 0 0 0 0 0 0
1.233 0.34 -0.074 0.218 0.035 0 -0.093 2.171 0.729 -0.083 0 0 0 0 0 0 0 0 0 0
1.869 0.514 -0.08 0.326 0.073 0.001 -0.073 0.729 2.401 -0.06 0 0 0 0 0 0 0 0 0 0
-1.597 -0.401 -0.688 -0.193 -0.53 -0.009 -1.561 -0.083 -0.06 7.601 0 0 0 0 0 0 0 0 0 0
0 0 0 0 0 0 0 0 0 0 20.782 -5.674 4.205 0.399 3.485 0.225 -0.461 -3.534 -2.551 -4.247
0 0 0 0 0 0 0 0 0 0 -5.674 38.094 -0.863 -1.619 -0.61 -0.913 -0.214 -1.363 -1.767 -2.281
0 0 0 0 0 0 0 0 0 0 4.205 -0.863 10.872 1.01 1.586 0.569 -0.052 -0.55 0.022 -0.317
0 0 0 0 0 0 0 0 0 0 0.399 -1.619 1.01 18.709 0.845 -0.012 -0.134 -1.007 -0.786 -1.259
0 0 0 0 0 0 0 0 0 0 3.485 -0.61 1.586 0.845 9.259 0.476 -0.035 -0.391 0.072 -0.179
0 0 0 0 0 0 0 0 0 0 0.225 -0.913 0.569 -0.012 0.476 18.723 -0.076 -0.568 -0.443 -0.71
0 0 0 0 0 0 0 0 0 0 -0.461 -0.214 -0.052 -0.134 -0.035 -0.076 34.95 -0.131 -0.16 -0.212
0 0 0 0 0 0 0 0 0 0 -3.534 -1.363 -0.55 -1.007 -0.391 -0.568 -0.131 40.165 -1.088 -1.402
0 0 0 0 0 0 0 0 0 0 -2.551 -1.767 0.022 -0.786 0.072 -0.443 -0.16 -1.088 26.916 -1.638
0 0 0 0 0 0 0 0 0 0 -4.247 -2.281 -0.317 -1.259 -0.179 -0.71 -0.212 -1.402 -1.638 29.618

 Mean vectors and covariance matrices before rotation --- 2th cluster >>

 mean vector (mu'=Q*mu)>>
9.869 0 0 0 0 0 0 0 0 0 1.591 1.916 0.577 5.059 3.831 4.205 4.674 5.573 3.837 2.093

 covariance matrix (Sigma'=Q*Sigma*t(Q))>>

4.633 1.447 -0.337 -0.603 -2.255 -0.719 1.526 0.66 -0.834 0.006 0 0 0 0 0 0 0 0 0 0
1.447 3.181 0.178 0.054 0.112 0.15 1.939 1.105 0.62 0.027 0 0 0 0 0 0 0 0 0 0
-0.337 0.178 7.224 -0.079 -0.294 -0.095 0.187 0.079 -0.113 0.001 0 0 0 0 0 0 0 0 0 0
-0.603 0.054 -0.079 9.303 -0.405 -0.142 0.044 -0.012 -0.216 -0.002 0 0 0 0 0 0 0 0 0 0
-2.255 0.112 -0.294 -0.405 8.338 -0.523 0.063 -0.096 -0.813 -0.009 0 0 0 0 0 0 0 0 0 0
-0.719 0.15 -0.095 -0.142 -0.523 8.364 0.146 0.036 -0.253 -0.001 0 0 0 0 0 0 0 0 0 0
1.526 1.939 0.187 0.044 0.063 0.146 3.934 1.234 0.66 0.03 0 0 0 0 0 0 0 0 0 0
0.66 1.105 0.079 -0.012 -0.096 0.036 1.234 3.404 0.3 0.016 0 0 0 0 0 0 0 0 0 0
-0.834 0.62 -0.113 -0.216 -0.813 -0.253 0.66 0.3 6.53 0.003 0 0 0 0 0 0 0 0 0 0
0.006 0.027 0.001 -0.002 -0.009 -0.001 0.03 0.016 0.003 4.135 0 0 0 0 0 0 0 0 0 0
0 0 0 0 0 0 0 0 0 0 20.782 -5.674 4.205 0.399 3.485 0.225 -0.461 -3.534 -2.551 -4.247
0 0 0 0 0 0 0 0 0 0 -5.674 38.094 -0.863 -1.619 -0.61 -0.913 -0.214 -1.363 -1.767 -2.281
0 0 0 0 0 0 0 0 0 0 4.205 -0.863 10.872 1.01 1.586 0.569 -0.052 -0.55 0.022 -0.317
0 0 0 0 0 0 0 0 0 0 0.399 -1.619 1.01 18.709 0.845 -0.012 -0.134 -1.007 -0.786 -1.259
0 0 0 0 0 0 0 0 0 0 3.485 -0.61 1.586 0.845 9.259 0.476 -0.035 -0.391 0.072 -0.179
0 0 0 0 0 0 0 0 0 0 0.225 -0.913 0.569 -0.012 0.476 18.723 -0.076 -0.568 -0.443 -0.71
0 0 0 0 0 0 0 0 0 0 -0.461 -0.214 -0.052 -0.134 -0.035 -0.076 34.95 -0.131 -0.16 -0.212
0 0 0 0 0 0 0 0 0 0 -3.534 -1.363 -0.55 -1.007 -0.391 -0.568 -0.131 40.165 -1.088 -1.402
0 0 0 0 0 0 0 0 0 0 -2.551 -1.767 0.022 -0.786 0.072 -0.443 -0.16 -1.088 26.916 -1.638
0 0 0 0 0 0 0 0 0 0 -4.247 -2.281 -0.317 -1.259 -0.179 -0.71 -0.212 -1.402 -1.638 29.618

 Mean vectors and covariance matrices before rotation --- 3th cluster >>

 mean vector (mu'=Q*mu)>>
0 17.093 0 0 0 0 0 0 0 0 1.591 1.916 0.577 5.059 3.831 4.205 4.674 5.573 3.837 2.093

 covariance matrix (Sigma'=Q*Sigma*t(Q))>>

7.906 -1.256 0.886 0.631 -1.001 -0.731 0.382 3.637 -1.525 -2.567 0 0 0 0 0 0 0 0 0 0
-1.256 12.745 0.065 -0.115 -0.38 -0.307 -0.054 0.238 -0.591 -1.005 0 0 0 0 0 0 0 0 0 0
0.886 0.065 1.982 0.334 0.048 0.065 0.186 1.002 0.085 0.155 0 0 0 0 0 0 0 0 0 0
0.631 -0.115 0.334 6.207 -0.095 -0.042 0.22 1.399 -0.134 -0.215 0 0 0 0 0 0 0 0 0 0
-1.001 -0.38 0.048 -0.095 13.045 -0.243 -0.045 0.173 -0.466 -0.794 0 0 0 0 0 0 0 0 0 0
-0.731 -0.307 0.065 -0.042 -0.243 12.115 -0.017 0.252 -0.376 -0.639 0 0 0 0 0 0 0 0 0 0
0.382 -0.054 0.186 0.22 -0.045 -0.017 5.685 0.78 -0.062 -0.098 0 0 0 0 0 0 0 0 0 0
3.637 0.238 1.002 1.399 0.173 0.252 0.78 6.319 0.314 0.576 0 0 0 0 0 0 0 0 0 0
-1.525 -0.591 0.085 -0.134 -0.466 -0.376 -0.062 0.314 12.387 -1.233 0 0 0 0 0 0 0 0 0 0
-2.567 -1.005 0.155 -0.215 -0.794 -0.639 -0.098 0.576 -1.233 10.888 0 0 0 0 0 0 0 0 0 0
0 0 0 0 0 0 0 0 0 0 20.782 -5.674 4.205 0.399 3.485 0.225 -0.461 -3.534 -2.551 -4.247
0 0 0 0 0 0 0 0 0 0 -5.674 38.094 -0.863 -1.619 -0.61 -0.913 -0.214 -1.363 -1.767 -2.281
0 0 0 0 0 0 0 0 0 0 4.205 -0.863 10.872 1.01 1.586 0.569 -0.052 -0.55 0.022 -0.317
0 0 0 0 0 0 0 0 0 0 0.399 -1.619 1.01 18.709 0.845 -0.012 -0.134 -1.007 -0.786 -1.259
0 0 0 0 0 0 0 0 0 0 3.485 -0.61 1.586 0.845 9.259 0.476 -0.035 -0.391 0.072 -0.179
0 0 0 0 0 0 0 0 0 0 0.225 -0.913 0.569 -0.012 0.476 18.723 -0.076 -0.568 -0.443 -0.71
0 0 0 0 0 0 0 0 0 0 -0.461 -0.214 -0.052 -0.134 -0.035 -0.076 34.95 -0.131 -0.16 -0.212
0 0 0 0 0 0 0 0 0 0 -3.534 -1.363 -0.55 -1.007 -0.391 -0.568 -0.131 40.165 -1.088 -1.402
0 0 0 0 0 0 0 0 0 0 -2.551 -1.767 0.022 -0.786 0.072 -0.443 -0.16 -1.088 26.916 -1.638
0 0 0 0 0 0 0 0 0 0 -4.247 -2.281 -0.317 -1.259 -0.179 -0.71 -0.212 -1.402 -1.638 29.618

 Mean vectors and covariance matrices before rotation --- 4th cluster >>

 mean vector (mu'=Q*mu)>>
0 5.698 16.116 0 0 0 0 0 0 0 1.591 1.916 0.577 5.059 3.831 4.205 4.674 5.573 3.837 2.093

 covariance matrix (Sigma'=Q*Sigma*t(Q))>>

8.368 -2.102 1.506 2.308 -1.901 -0.081 -2.535 -0.033 -1.46 3.511 0 0 0 0 0 0 0 0 0 0
-2.102 13.291 0.301 0.376 -0.818 -0.128 -1.074 -0.015 -0.642 0.693 0 0 0 0 0 0 0 0 0 0
1.506 0.301 3.077 1.2 0.09 0.202 0.085 0.003 0.099 1.569 0 0 0 0 0 0 0 0 0 0
2.308 0.376 1.2 6.097 0.036 0.333 -0.01 0.004 0.078 2.831 0 0 0 0 0 0 0 0 0 0
-1.901 -0.818 0.09 0.036 15.846 -0.139 -0.829 -0.012 -0.506 0.198 0 0 0 0 0 0 0 0 0 0
-0.081 -0.128 0.202 0.333 -0.139 9.695 -0.19 -0.002 -0.103 0.474 0 0 0 0 0 0 0 0 0 0
-2.535 -1.074 0.085 -0.01 -0.829 -0.19 15.874 -0.016 -0.661 0.183 0 0 0 0 0 0 0 0 0 0
-0.033 -0.015 0.003 0.004 -0.012 -0.002 -0.016 15.057 -0.01 0.008 0 0 0 0 0 0 0 0 0 0
-1.46 -0.642 0.099 0.078 -0.506 -0.103 -0.661 -0.01 15.47 0.223 0 0 0 0 0 0 0 0 0 0
3.511 0.693 1.569 2.831 0.198 0.474 0.183 0.008 0.223 6.259 0 0 0 0 0 0 0 0 0 0
0 0 0 0 0 0 0 0 0 0 20.782 -5.674 4.205 0.399 3.485 0.225 -0.461 -3.534 -2.551 -4.247
0 0 0 0 0 0 0 0 0 0 -5.674 38.094 -0.863 -1.619 -0.61 -0.913 -0.214 -1.363 -1.767 -2.281
0 0 0 0 0 0 0 0 0 0 4.205 -0.863 10.872 1.01 1.586 0.569 -0.052 -0.55 0.022 -0.317
0 0 0 0 0 0 0 0 0 0 0.399 -1.619 1.01 18.709 0.845 -0.012 -0.134 -1.007 -0.786 -1.259
0 0 0 0 0 0 0 0 0 0 3.485 -0.61 1.586 0.845 9.259 0.476 -0.035 -0.391 0.072 -0.179
0 0 0 0 0 0 0 0 0 0 0.225 -0.913 0.569 -0.012 0.476 18.723 -0.076 -0.568 -0.443 -0.71
0 0 0 0 0 0 0 0 0 0 -0.461 -0.214 -0.052 -0.134 -0.035 -0.076 34.95 -0.131 -0.16 -0.212
0 0 0 0 0 0 0 0 0 0 -3.534 -1.363 -0.55 -1.007 -0.391 -0.568 -0.131 40.165 -1.088 -1.402
0 0 0 0 0 0 0 0 0 0 -2.551 -1.767 0.022 -0.786 0.072 -0.443 -0.16 -1.088 26.916 -1.638
0 0 0 0 0 0 0 0 0 0 -4.247 -2.281 -0.317 -1.259 -0.179 -0.71 -0.212 -1.402 -1.638 29.618

 Mean vectors and covariance matrices before rotation --- 5th cluster >>

 mean vector (mu'=Q*mu)>>
0 5.698 4.029 15.604 0 0 0 0 0 0 1.591 1.916 0.577 5.059 3.831 4.205 4.674 5.573 3.837 2.093

 covariance matrix (Sigma'=Q*Sigma*t(Q))>>

5.465 -1.967 -1.261 0.35 1.115 -0.205 1.022 -0.049 0.441 -0.275 0 0 0 0 0 0 0 0 0 0
-1.967 7.555 -1.135 -0.468 -0.333 -0.227 -0.144 -0.612 -0.277 -0.318 0 0 0 0 0 0 0 0 0 0
-1.261 -1.135 7.673 -0.301 -0.183 -0.159 -0.061 -0.411 -0.17 -0.222 0 0 0 0 0 0 0 0 0 0
0.35 -0.468 -0.301 4.043 0.258 -0.049 0.238 -0.015 0.101 -0.066 0 0 0 0 0 0 0 0 0 0
1.115 -0.333 -0.183 0.258 2.734 -0.019 0.43 0.143 0.243 -0.021 0 0 0 0 0 0 0 0 0 0
-0.205 -0.227 -0.159 -0.049 -0.019 7.504 0.002 -0.074 -0.025 -0.043 0 0 0 0 0 0 0 0 0 0
1.022 -0.144 -0.061 0.238 0.43 0.002 1.666 0.158 0.211 0.007 0 0 0 0 0 0 0 0 0 0
-0.049 -0.612 -0.411 -0.015 0.143 -0.074 0.158 5.105 0.033 -0.101 0 0 0 0 0 0 0 0 0 0
0.441 -0.277 -0.17 0.101 0.243 -0.025 0.211 0.033 3.276 -0.032 0 0 0 0 0 0 0 0 0 0
-0.275 -0.318 -0.222 -0.066 -0.021 -0.043 0.007 -0.101 -0.032 7.329 0 0 0 0 0 0 0 0 0 0
0 0 0 0 0 0 0 0 0 0 20.782 -5.674 4.205 0.399 3.485 0.225 -0.461 -3.534 -2.551 -4.247
0 0 0 0 0 0 0 0 0 0 -5.674 38.094 -0.863 -1.619 -0.61 -0.913 -0.214 -1.363 -1.767 -2.281
0 0 0 0 0 0 0 0 0 0 4.205 -0.863 10.872 1.01 1.586 0.569 -0.052 -0.55 0.022 -0.317
0 0 0 0 0 0 0 0 0 0 0.399 -1.619 1.01 18.709 0.845 -0.012 -0.134 -1.007 -0.786 -1.259
0 0 0 0 0 0 0 0 0 0 3.485 -0.61 1.586 0.845 9.259 0.476 -0.035 -0.391 0.072 -0.179
0 0 0 0 0 0 0 0 0 0 0.225 -0.913 0.569 -0.012 0.476 18.723 -0.076 -0.568 -0.443 -0.71
0 0 0 0 0 0 0 0 0 0 -0.461 -0.214 -0.052 -0.134 -0.035 -0.076 34.95 -0.131 -0.16 -0.212
0 0 0 0 0 0 0 0 0 0 -3.534 -1.363 -0.55 -1.007 -0.391 -0.568 -0.131 40.165 -1.088 -1.402
0 0 0 0 0 0 0 0 0 0 -2.551 -1.767 0.022 -0.786 0.072 -0.443 -0.16 -1.088 26.916 -1.638
0 0 0 0 0 0 0 0 0 0 -4.247 -2.281 -0.317 -1.259 -0.179 -0.71 -0.212 -1.402 -1.638 29.618

 Final eigenvalues for each cluster >> 
 (rows correspond to clusters)
40.999 40.319 34.97 31.817 28.103 18.73 18.729 17.538 9.944 9.197 9.123 8.89 8.176 7.991 7.699 4.307 4.134 3.633 1.675 1.332
40.999 40.319 34.97 31.817 28.103 18.73 18.729 17.538 9.81 9.414 8.89 8.543 7.991 7.269 7.148 6.799 4.134 2.716 1.757 1.456
40.999 40.319 34.97 31.817 28.103 18.73 18.729 17.538 13.345 13.226 13.111 12.986 12.309 9.09 8.89 7.991 5.821 5.561 2.085 1.745
40.999 40.319 34.97 31.817 28.103 18.73 18.729 17.538 16.953 16.482 15.871 15.057 14.29 11.783 9.676 8.89 7.991 3.956 2.553 2.413
40.999 40.319 34.97 31.817 28.103 18.73 18.729 17.538 9.149 8.89 8.476 7.991 7.535 7.389 5.214 3.964 3.918 3.17 2.217 1.317

 *************************************************

 ********************* rotation ******************

 *************************************************


 The orthogonal matrix Q >>
0.448 0.541 0.095 0.167 0.219 0.349 0.154 0.067 0.336 0.398
0.541 -0.798 0.036 0.062 0.082 0.13 0.058 0.025 0.125 0.149
0.095 0.036 -0.994 0.011 0.014 0.023 0.01 0.004 0.022 0.026
0.167 0.062 0.011 -0.981 0.025 0.04 0.018 0.008 0.039 0.046
0.219 0.082 0.014 0.025 -0.967 0.053 0.023 0.01 0.051 0.06
0.349 0.13 0.023 0.04 0.053 -0.916 0.037 0.016 0.081 0.096
0.154 0.058 0.01 0.018 0.023 0.037 -0.984 0.007 0.036 0.042
0.067 0.025 0.004 0.008 0.01 0.016 0.007 -0.997 0.015 0.018
0.336 0.125 0.022 0.039 0.051 0.081 0.036 0.015 -0.922 0.092
0.398 0.149 0.026 0.046 0.06 0.096 0.042 0.018 0.092 -0.89

 Mean vectors and covariance matrices after rotation --- 1th cluster >>

 mean vector (mu'=Q*mu)>>
-3.931 4.674 0.577 -0.659 5.573 1.591 4.205 -3.318 5.059 2.093 -2.157 3.831 -4.426 -3.445 3.837 -0.942 -5.335 1.916 -1.524 -1.647

 covariance matrix (Sigma'=Q*Sigma*t(Q))>>

8.869 0 0 -0.516 0 0 0 -0.051 0 0 -0.034 0 0.589 0.325 0 -0.146 0.488 0 -0.427 -0.006
0 34.95 -0.052 0 -0.131 -0.461 -0.076 0 -0.134 -0.212 0 -0.035 0 0 -0.16 0 0 -0.214 0 0
0 -0.052 10.872 0 -0.55 4.205 0.569 0 1.01 -0.317 0 1.586 0 0 0.022 0 0 -0.863 0 0
-0.516 0 0 1.991 0 0 0 0.186 0 0 -0.236 0 -0.747 -0.509 0 -0.137 -0.387 0 -0.153 -0.021
0 -0.131 -0.55 0 40.165 -3.534 -0.568 0 -1.007 -1.402 0 -0.391 0 0 -1.088 0 0 -1.363 0 0
0 -0.461 4.205 0 -3.534 20.782 0.225 0 0.399 -4.247 0 3.485 0 0 -2.551 0 0 -5.674 0 0
0 -0.076 0.569 0 -0.568 0.225 18.723 0 -0.012 -0.71 0 0.476 0 0 -0.443 0 0 -0.913 0 0
-0.051 0 0 0.186 0 0 0 1.514 0 0 -0.091 0 -0.143 -0.647 0 0.123 -0.175 0 0.473 0.04
0 -0.134 1.01 0 -1.007 0.399 -0.012 0 18.709 -1.259 0 0.845 0 0 -0.786 0 0 -1.619 0 0
0 -0.212 -0.317 0 -1.402 -4.247 -0.71 0 -1.259 29.618 0 -0.179 0 0 -1.638 0 0 -2.281 0 0
-0.034 0 0 -0.236 0 0 0 -0.091 0 0 7.685 0 0.085 0.005 0 0.005 0.123 0 0 -0.019
0 -0.035 1.586 0 -0.391 3.485 0.476 0 0.845 -0.179 0 9.259 0 0 0.072 0 0 -0.61 0 0
0.589 0 0 -0.747 0 0 0 -0.143 0 0 0.085 0 5.252 -0.916 0 0.573 0.478 0 1.525 0.064
0.325 0 0 -0.509 0 0 0 -0.647 0 0 0.005 0 -0.916 7.788 0 0.285 -0.277 0 0.684 -0.162
0 -0.16 0.022 0 -1.088 -2.551 -0.443 0 -0.786 -1.638 0 0.072 0 0 26.916 0 0 -1.767 0 0
-0.146 0 0 -0.137 0 0 0 0.123 0 0 0.005 0 0.573 0.285 0 9.823 0.329 0 -0.341 0.041
0.488 0 0 -0.387 0 0 0 -0.175 0 0 0.123 0 0.478 -0.277 0 0.329 4.368 0 0.8 0.02
0 -0.214 -0.863 0 -1.363 -5.674 -0.913 0 -1.619 -2.281 0 -0.61 0 0 -1.767 0 0 38.094 0 0
-0.427 0 0 -0.153 0 0 0 0.473 0 0 0 0 1.525 0.684 0 -0.341 0.8 0 8.284 0.14
-0.006 0 0 -0.021 0 0 0 0.04 0 0 -0.019 0 0.064 -0.162 0 0.041 0.02 0 0.14 3.646

 Mean vectors and covariance matrices after rotation --- 2th cluster >>

 mean vector (mu'=Q*mu)>>
3.931 4.674 0.577 0.659 5.573 1.591 4.205 3.318 5.059 2.093 2.157 3.831 4.426 3.445 3.837 0.942 5.335 1.916 1.524 1.647

 covariance matrix (Sigma'=Q*Sigma*t(Q))>>

4.285 0 0 -0.452 0 0 0 0.207 0 0 0.858 0 0.406 0.052 0 0.096 -0.385 0 -0.909 0.118
0 34.95 -0.052 0 -0.131 -0.461 -0.076 0 -0.134 -0.212 0 -0.035 0 0 -0.16 0 0 -0.214 0 0
0 -0.052 10.872 0 -0.55 4.205 0.569 0 1.01 -0.317 0 1.586 0 0 0.022 0 0 -0.863 0 0
-0.452 0 0 3.243 0 0 0 -0.083 0 0 -0.222 0 -1.067 -0.388 0 -0.023 0.366 0 0.886 -0.198
0 -0.131 -0.55 0 40.165 -3.534 -0.568 0 -1.007 -1.402 0 -0.391 0 0 -1.088 0 0 -1.363 0 0
0 -0.461 4.205 0 -3.534 20.782 0.225 0 0.399 -4.247 0 3.485 0 0 -2.551 0 0 -5.674 0 0
0 -0.076 0.569 0 -0.568 0.225 18.723 0 -0.012 -0.71 0 0.476 0 0 -0.443 0 0 -0.913 0 0
0.207 0 0 -0.083 0 0 0 6.767 0 0 -0.039 0 -0.217 -0.141 0 -0.013 0.376 0 -0.102 -0.083
0 -0.134 1.01 0 -1.007 0.399 -0.012 0 18.709 -1.259 0 0.845 0 0 -0.786 0 0 -1.619 0 0
0 -0.212 -0.317 0 -1.402 -4.247 -0.71 0 -1.259 29.618 0 -0.179 0 0 -1.638 0 0 -2.281 0 0
0.858 0 0 -0.222 0 0 0 -0.039 0 0 9.244 0 0.818 0.194 0 -0.054 0.951 0 -0.148 -0.011
0 -0.035 1.586 0 -0.391 3.485 0.476 0 0.845 -0.179 0 9.259 0 0 0.072 0 0 -0.61 0 0
0.406 0 0 -1.067 0 0 0 -0.217 0 0 0.818 0 5.556 -0.653 0 -0.024 -0.249 0 -1.942 -0.229
0.052 0 0 -0.388 0 0 0 -0.141 0 0 0.194 0 -0.653 8.342 0 -0.03 -0.317 0 -0.706 -0.07
0 -0.16 0.022 0 -1.088 -2.551 -0.443 0 -0.786 -1.638 0 0.072 0 0 26.916 0 0 -1.767 0 0
0.096 0 0 -0.023 0 0 0 -0.013 0 0 -0.054 0 -0.024 -0.03 0 7.261 0.16 0 -0.015 -0.025
-0.385 0 0 0.366 0 0 0 0.376 0 0 0.951 0 -0.249 -0.317 0 0.16 1.787 0 0.427 -0.041
0 -0.214 -0.863 0 -1.363 -5.674 -0.913 0 -1.619 -2.281 0 -0.61 0 0 -1.767 0 0 38.094 0 0
-0.909 0 0 0.886 0 0 0 -0.102 0 0 -0.148 0 -1.942 -0.706 0 -0.015 0.427 0 3.183 -0.327
0.118 0 0 -0.198 0 0 0 -0.083 0 0 -0.011 0 -0.229 -0.07 0 -0.025 -0.041 0 -0.327 9.377

 Mean vectors and covariance matrices after rotation --- 3th cluster >>

 mean vector (mu'=Q*mu)>>
2.542 4.674 0.577 0.426 5.573 1.591 4.205 2.145 5.059 2.093 1.395 3.831 9.241 2.227 3.837 0.609 -13.644 1.916 0.985 1.064

 covariance matrix (Sigma'=Q*Sigma*t(Q))>>

12.647 0 0 -1.013 0 0 0 -0.168 0 0 -0.113 0 0.551 0.015 0 0.038 -0.068 0 0.111 -0.08
0 34.95 -0.052 0 -0.131 -0.461 -0.076 0 -0.134 -0.212 0 -0.035 0 0 -0.16 0 0 -0.214 0 0
0 -0.052 10.872 0 -0.55 4.205 0.569 0 1.01 -0.317 0 1.586 0 0 0.022 0 0 -0.863 0 0
-1.013 0 0 5.737 0 0 0 -1.098 0 0 -0.747 0 -2.692 -1.289 0 0.53 -2.163 0 0.084 0.633
0 -0.131 -0.55 0 40.165 -3.534 -0.568 0 -1.007 -1.402 0 -0.391 0 0 -1.088 0 0 -1.363 0 0
0 -0.461 4.205 0 -3.534 20.782 0.225 0 0.399 -4.247 0 3.485 0 0 -2.551 0 0 -5.674 0 0
0 -0.076 0.569 0 -0.568 0.225 18.723 0 -0.012 -0.71 0 0.476 0 0 -0.443 0 0 -0.913 0 0
-0.168 0 0 -1.098 0 0 0 12.931 0 0 -0.122 0 -0.422 -0.192 0 -0.115 -0.37 0 -0.048 -0.196
0 -0.134 1.01 0 -1.007 0.399 -0.012 0 18.709 -1.259 0 0.845 0 0 -0.786 0 0 -1.619 0 0
0 -0.212 -0.317 0 -1.402 -4.247 -0.71 0 -1.259 29.618 0 -0.179 0 0 -1.638 0 0 -2.281 0 0
-0.113 0 0 -0.747 0 0 0 -0.122 0 0 13.263 0 -0.324 -0.133 0 -0.085 -0.251 0 -0.04 -0.14
0 -0.035 1.586 0 -0.391 3.485 0.476 0 0.845 -0.179 0 9.259 0 0 0.072 0 0 -0.61 0 0
0.551 0 0 -2.692 0 0 0 -0.422 0 0 -0.324 0 7.321 -1.225 0 -0.325 -2.297 0 -0.126 -0.251
0.015 0 0 -1.289 0 0 0 -0.192 0 0 -0.133 0 -1.225 11.911 0 -0.25 -0.69 0 -0.177 -0.295
0 -0.16 0.022 0 -1.088 -2.551 -0.443 0 -0.786 -1.638 0 0.072 0 0 26.916 0 0 -1.767 0 0
0.038 0 0 0.53 0 0 0 -0.115 0 0 -0.085 0 -0.325 -0.25 0 1.825 -0.441 0 0.028 0.141
-0.068 0 0 -2.163 0 0 0 -0.37 0 0 -0.251 0 -2.297 -0.69 0 -0.441 12.049 0 -0.331 -0.539
0 -0.214 -0.863 0 -1.363 -5.674 -0.913 0 -1.619 -2.281 0 -0.61 0 0 -1.767 0 0 38.094 0 0
0.111 0 0 0.084 0 0 0 -0.048 0 0 -0.04 0 -0.126 -0.177 0 0.028 -0.331 0 5.583 0.074
-0.08 0 0 0.633 0 0 0 -0.196 0 0 -0.14 0 -0.251 -0.295 0 0.141 -0.539 0 0.074 6.012

 Mean vectors and covariance matrices after rotation --- 4th cluster >>

 mean vector (mu'=Q*mu)>>
1.27 4.674 0.577 0.213 5.573 1.591 4.205 1.072 5.059 2.093 0.697 3.831 4.619 1.113 3.837 -15.812 -3.974 1.916 0.492 0.532

 covariance matrix (Sigma'=Q*Sigma*t(Q))>>

3.302 0 0 -0.338 0 0 0 -0.925 0 0 -0.087 0 -1.538 -0.901 0 0.457 -1.076 0 0.587 0.979
0 34.95 -0.052 0 -0.131 -0.461 -0.076 0 -0.134 -0.212 0 -0.035 0 0 -0.16 0 0 -0.214 0 0
0 -0.052 10.872 0 -0.55 4.205 0.569 0 1.01 -0.317 0 1.586 0 0 0.022 0 0 -0.863 0 0
-0.338 0 0 15.024 0 0 0 -0.075 0 0 0.022 0 -0.333 -0.101 0 -0.147 -0.108 0 0.11 -0.244
0 -0.131 -0.55 0 40.165 -3.534 -0.568 0 -1.007 -1.402 0 -0.391 0 0 -1.088 0 0 -1.363 0 0
0 -0.461 4.205 0 -3.534 20.782 0.225 0 0.399 -4.247 0 3.485 0 0 -2.551 0 0 -5.674 0 0
0 -0.076 0.569 0 -0.568 0.225 18.723 0 -0.012 -0.71 0 0.476 0 0 -0.443 0 0 -0.913 0 0
-0.925 0 0 -0.075 0 0 0 15.639 0 0 -0.007 0 -0.821 -0.082 0 -0.517 -0.306 0 0.203 -0.921
0 -0.134 1.01 0 -1.007 0.399 -0.012 0 18.709 -1.259 0 0.845 0 0 -0.786 0 0 -1.619 0 0
0 -0.212 -0.317 0 -1.402 -4.247 -0.71 0 -1.259 29.618 0 -0.179 0 0 -1.638 0 0 -2.281 0 0
-0.087 0 0 0.022 0 0 0 -0.007 0 0 16.423 0 0.192 0.279 0 -0.2 0.027 0 -0.089 -0.421
0 -0.035 1.586 0 -0.391 3.485 0.476 0 0.845 -0.179 0 9.259 0 0 0.072 0 0 -0.61 0 0
-1.538 0 0 -0.333 0 0 0 -0.821 0 0 0.192 0 10.744 -0.084 0 -1.174 -0.794 0 1.145 -2.039
-0.901 0 0 -0.101 0 0 0 -0.082 0 0 0.279 0 -0.084 9.556 0 -0.482 -0.028 0 0.636 -0.781
0 -0.16 0.022 0 -1.088 -2.551 -0.443 0 -0.786 -1.638 0 0.072 0 0 26.916 0 0 -1.767 0 0
0.457 0 0 -0.147 0 0 0 -0.517 0 0 -0.2 0 -1.174 -0.482 0 2.714 -0.671 0 0.025 0.587
-1.076 0 0 -0.108 0 0 0 -0.306 0 0 0.027 0 -0.794 -0.028 0 -0.671 13.936 0 0.345 -1.197
0 -0.214 -0.863 0 -1.363 -5.674 -0.913 0 -1.619 -2.281 0 -0.61 0 0 -1.767 0 0 38.094 0 0
0.587 0 0 0.11 0 0 0 0.203 0 0 -0.089 0 1.145 0.636 0 0.025 0.345 0 16.632 -0.079
0.979 0 0 -0.244 0 0 0 -0.921 0 0 -0.421 0 -2.039 -0.781 0 0.587 -1.197 0 -0.079 5.064

 Mean vectors and covariance matrices after rotation --- 5th cluster >>

 mean vector (mu'=Q*mu)>>
1.669 4.674 0.577 0.28 5.573 1.591 4.205 1.409 5.059 2.093 0.916 3.831 6.068 1.462 3.837 -3.629 -3.433 1.916 0.647 -14.905

 covariance matrix (Sigma'=Q*Sigma*t(Q))>>

7.106 0 0 -0.005 0 0 0 -0.147 0 0 -0.405 0 -0.772 -0.278 0 0.435 0.063 0 -0.351 -0.167
0 34.95 -0.052 0 -0.131 -0.461 -0.076 0 -0.134 -0.212 0 -0.035 0 0 -0.16 0 0 -0.214 0 0
0 -0.052 10.872 0 -0.55 4.205 0.569 0 1.01 -0.317 0 1.586 0 0 0.022 0 0 -0.863 0 0
-0.005 0 0 5.143 0 0 0 0.126 0 0 0.152 0 0.352 0.004 0 -0.269 -0.367 0 0.149 0.024
0 -0.131 -0.55 0 40.165 -3.534 -0.568 0 -1.007 -1.402 0 -0.391 0 0 -1.088 0 0 -1.363 0 0
0 -0.461 4.205 0 -3.534 20.782 0.225 0 0.399 -4.247 0 3.485 0 0 -2.551 0 0 -5.674 0 0
0 -0.076 0.569 0 -0.568 0.225 18.723 0 -0.012 -0.71 0 0.476 0 0 -0.443 0 0 -0.913 0 0
-0.147 0 0 0.126 0 0 0 3.242 0 0 -0.04 0 0.289 -0.158 0 0.402 0.143 0 -0.062 0.047
0 -0.134 1.01 0 -1.007 0.399 -0.012 0 18.709 -1.259 0 0.845 0 0 -0.786 0 0 -1.619 0 0
0 -0.212 -0.317 0 -1.402 -4.247 -0.71 0 -1.259 29.618 0 -0.179 0 0 -1.638 0 0 -2.281 0 0
-0.405 0 0 0.152 0 0 0 -0.04 0 0 2.38 0 -0.107 -0.376 0 0.114 -0.478 0 0.133 0.094
0 -0.035 1.586 0 -0.391 3.485 0.476 0 0.845 -0.179 0 9.259 0 0 0.072 0 0 -0.61 0 0
-0.772 0 0 0.352 0 0 0 0.289 0 0 -0.107 0 4.797 -0.784 0 1.202 -0.159 0 -0.159 0.115
-0.278 0 0 0.004 0 0 0 -0.158 0 0 -0.376 0 -0.784 7.264 0 0.407 0.053 0 -0.327 -0.154
0 -0.16 0.022 0 -1.088 -2.551 -0.443 0 -0.786 -1.638 0 0.072 0 0 26.916 0 0 -1.767 0 0
0.435 0 0 -0.269 0 0 0 0.402 0 0 0.114 0 1.202 0.407 0 8 -0.08 0 0.129 -0.027
0.063 0 0 -0.367 0 0 0 0.143 0 0 -0.478 0 -0.159 0.053 0 -0.08 8.998 0 -0.365 -0.319
0 -0.214 -0.863 0 -1.363 -5.674 -0.913 0 -1.619 -2.281 0 -0.61 0 0 -1.767 0 0 38.094 0 0
-0.351 0 0 0.149 0 0 0 -0.062 0 0 0.133 0 -0.159 -0.327 0 0.129 -0.365 0 1.422 0.085
-0.167 0 0 0.024 0 0 0 0.047 0 0 0.094 0 0.115 -0.154 0 -0.027 -0.319 0 0.085 3.998

 Final eigenvalues for each cluster >> 
 (rows correspond to clusters)
40.999 40.319 34.97 31.817 28.103 18.73 18.729 17.538 9.944 9.197 9.123 8.89 8.176 7.991 7.699 4.307 4.134 3.633 1.675 1.332
40.999 40.319 34.97 31.817 28.103 18.73 18.729 17.538 9.81 9.414 8.89 8.543 7.991 7.269 7.148 6.799 4.134 2.716 1.757 1.456
40.999 40.319 34.97 31.817 28.103 18.73 18.729 17.538 13.345 13.226 13.111 12.986 12.309 9.09 8.89 7.991 5.821 5.561 2.085 1.745
40.999 40.319 34.97 31.817 28.103 18.73 18.729 17.538 16.953 16.482 15.871 15.057 14.29 11.783 9.676 8.89 7.991 3.956 2.553 2.413
40.999 40.319 34.97 31.817 28.103 18.73 18.729 17.538 9.149 8.89 8.476 7.991 7.535 7.389 5.214 3.964 3.918 3.17 2.217 1.317

 theoretical Separation index matrix >>

-1 0.412 0.341 0.34 0.43
0.412 -1 0.347 0.386 0.34
0.341 0.347 -1 0.496 0.34
0.34 0.386 0.496 -1 0.408
0.43 0.34 0.34 0.408 -1

 theoretical projection directions >>

**** cluster 1 and 2
0.231 0 0 0.314 0 0 0 0.32 0 0 0.029 0 0.403 0.265 0 0.012 0.704 0 0.062 0.116

**** cluster 1 and 3
0.151 0 0 0.494 0 0 0 0.287 0 0 0.124 0 0.725 0.281 0 0.027 -0.096 0 -0.003 0.144

**** cluster 1 and 4
0.348 0 0 0.063 0 0 0 0.181 0 0 0.06 0 0.375 0.2 0 -0.743 0.077 0 -0.022 0.316

**** cluster 1 and 5
0.148 0 0 0.084 0 0 0 0.442 0 0 0.148 0 0.475 0.203 0 -0.128 0.038 0 0.015 -0.685

**** cluster 2 and 3
-0.106 0 0 -0.125 0 0 0 -0.019 0 0 0.042 0 0.017 -0.082 0 -0.012 -0.981 0 0.018 -0.037

**** cluster 2 and 4
-0.206 0 0 -0.036 0 0 0 -0.086 0 0 -0.016 0 -0.127 -0.116 0 -0.906 -0.308 0 -0.01 -0.049

**** cluster 2 and 5
-0.148 0 0 -0.038 0 0 0 -0.095 0 0 -0.045 0 0.035 -0.108 0 -0.173 -0.493 0 -0.197 -0.801

**** cluster 3 and 4
-0.004 0 0 -0.008 0 0 0 -0.037 0 0 -0.016 0 -0.146 -0.054 0 -0.986 0.032 0 0.004 0.017

**** cluster 3 and 5
-0.033 0 0 0.073 0 0 0 -0.027 0 0 -0.011 0 -0.096 -0.042 0 -0.209 0.242 0 0.012 -0.938

**** cluster 4 and 5
0.015 0 0 0.002 0 0 0 -0.028 0 0 -0.007 0 -0.063 -0.035 0 0.574 -0.028 0 0.003 -0.815

 empirical Separation index matrix (alpha= 0.05 )>>

-1 0.402 0.395 0.375 0.498
0.402 -1 0.534 0.446 0.469
0.395 0.534 -1 0.446 0.461
0.375 0.446 0.446 -1 0.469
0.498 0.469 0.461 0.469 -1

 empirical projection directions >>

**** cluster 1 and 2
-0.212 0.008 0.077 -0.098 0.039 -0.05 -0.077 -0.149 0.096 -0.034 -0.122 0.006 -0.02 -0.279 -0.025 -0.86 -0.229 0.006 -0.098 0.024

**** cluster 1 and 3
-0.214 -0.006 -0.1 -0.081 0.035 -0.082 0.039 0.005 0.056 -0.053 0.082 0.044 -0.141 -0.1 0.008 -0.039 -0.936 -0.017 -0.056 0.05

**** cluster 1 and 4
-0.335 -0.016 -0.01 -0.049 -0.038 -0.064 -0.011 -0.111 0.001 0.02 -0.193 -0.025 0.042 -0.099 0.053 -0.17 -0.363 -0.06 -0.323 -0.739

**** cluster 1 and 5
-0.321 -0.065 -0.102 -0.351 -0.03 -0.038 0.014 -0.504 0.026 -0.042 -0.044 0.083 -0.501 -0.259 -0.029 0.044 -0.351 -0.064 -0.144 -0.152

**** cluster 2 and 3
-0.012 -0.024 -0.034 -0.017 0.025 -0.024 0.047 0.027 0.044 0.053 0.047 0.002 0.034 0.098 0.023 0.954 -0.092 -0.049 0.102 -0.21

**** cluster 2 and 4
-0.056 0.007 0.027 0.013 -0.008 -0.076 0.047 -0.025 0.001 0.047 -0.029 -0.064 -0.177 -0.029 -0.005 0.518 -0.1 -0.053 0.084 -0.812

**** cluster 2 and 5
-0.34 -0.02 0.013 -0.123 0.038 -0.018 0.114 -0.145 0.062 0.033 -0.12 0.04 -0.535 -0.166 0.006 0.49 -0.131 -0.049 0.105 -0.477

**** cluster 3 and 4
-0.027 0.002 0.112 0.235 0.046 0.095 -0.132 0.015 0.008 0.137 -0.119 0.059 -0.166 0.155 -0.048 -0.233 0.181 -0.04 0.032 -0.85

**** cluster 3 and 5
-0.1 0.002 -0.09 -0.387 -0.027 -0.076 0.033 -0.343 -0.149 -0.037 -0.074 0.076 -0.719 -0.286 -0.107 -0.03 0.065 -0.018 -0.025 -0.236

**** cluster 4 and 5
-0.068 -0.027 -0.048 -0.234 0.073 -0.028 0.047 -0.488 0.002 -0.036 -0.157 0.062 -0.553 -0.259 0.014 0.152 -0.088 -0.039 -0.008 0.506
