
 Log information for the data set datasetJHG2v10nv1out0_1.dat >>

 alpha = 0.05 sepVal = 0.34

 Number of clusters >> 2

 cluster sizes >>
50 50

 Number of data points >> 100

 Number of dimensions >> 11

 Number of noisy dimensions >> 1

 noisy variables >>
6

 Number of outliers >> 0

 initial eigenvalues for each cluster >> 
 (rows correspond to clusters)
8.15 4.347 7.703 6.912 2.915 2.314 6.33 8.936 3.119 6.755
3.729 3.791 8.7 6.388 7.883 1.255 5.186 6.083 5.184 6.249

 Mean vectors and covariance matrices before rotation --- 1th cluster >>

 mean vector (mu'=Q*mu)>>
-8.59 0 0 0 0 0 0 0 0 0 0

 covariance matrix (Sigma'=Q*Sigma*t(Q))>>

4.81 0.456 -1.119 -0.423 0.084 1.371 -0.113 -0.105 0.948 -0.291 0
0.456 5.291 0.267 0.235 0.09 1.287 0.124 0.002 1.075 0.192 0
-1.119 0.267 7.341 -0.121 0.039 0.626 -0.025 -0.036 0.454 -0.08 0
-0.423 0.235 -0.121 6.889 0.028 0.434 0.005 -0.015 0.333 -0.01 0
0.084 0.09 0.039 0.028 2.923 0.114 0.014 0.001 0.097 0.023 0
1.371 1.287 0.626 0.434 0.114 3.91 0.205 0.025 1.376 0.342 0
-0.113 0.124 -0.025 0.005 0.014 0.205 6.338 -0.005 0.162 0.007 0
-0.105 0.002 -0.036 -0.015 0.001 0.025 -0.005 8.933 0.015 -0.011 0
0.948 1.075 0.454 0.333 0.097 1.376 0.162 0.015 4.292 0.265 0
-0.291 0.192 -0.08 -0.01 0.023 0.342 0.007 -0.011 0.265 6.752 0
0 0 0 0 0 0 0 0 0 0 74.051

 Mean vectors and covariance matrices before rotation --- 2th cluster >>

 mean vector (mu'=Q*mu)>>
8.59 0 0 0 0 0 0 0 0 0 0

 covariance matrix (Sigma'=Q*Sigma*t(Q))>>

5.671 0.089 -0.676 -0.703 -0.465 0.345 -0.008 -0.462 -0.043 -0.36 0
0.089 3.795 -0.033 -0.035 -0.023 0.016 -0.001 -0.024 -0.003 -0.018 0
-0.676 -0.033 8.495 -0.429 -0.165 -0.013 -0.044 -0.349 -0.24 -0.24 0
-0.703 -0.035 -0.429 5.612 -0.332 0.038 -0.068 -0.613 -0.374 -0.429 0
-0.465 -0.023 -0.165 -0.332 7.752 -0.004 -0.033 -0.268 -0.179 -0.185 0
0.345 0.016 -0.013 0.038 -0.004 1.29 0.01 0.041 0.054 0.025 0
-0.008 -0.001 -0.044 -0.068 -0.033 0.01 5.181 -0.052 -0.027 -0.037 0
-0.462 -0.024 -0.349 -0.613 -0.268 0.041 -0.052 5.603 -0.285 -0.337 0
-0.043 -0.003 -0.24 -0.374 -0.179 0.054 -0.027 -0.285 5.037 -0.204 0
-0.36 -0.018 -0.24 -0.429 -0.185 0.025 -0.037 -0.337 -0.204 6.013 0
0 0 0 0 0 0 0 0 0 0 74.051

 Final eigenvalues for each cluster >> 
 (rows correspond to clusters)
74.051 8.936 8.151 7.703 6.912 6.755 6.33 4.347 3.119 2.915 2.314
74.051 8.7 7.883 6.388 6.249 6.083 5.186 5.184 3.791 3.729 1.255

 *************************************************

 ********************* rotation ******************

 *************************************************


 The orthogonal matrix Q >>
0.565 0.157 0.177 0.244 0.115 0.474 0.32 0.185 0.018 0.437
0.157 -0.984 0.018 0.024 0.012 0.047 0.032 0.019 0.002 0.044
0.177 0.018 -0.98 0.028 0.013 0.054 0.036 0.021 0.002 0.049
0.244 0.024 0.028 -0.962 0.018 0.074 0.05 0.029 0.003 0.068
0.115 0.012 0.013 0.018 -0.992 0.035 0.024 0.014 0.001 0.032
0.474 0.047 0.054 0.074 0.035 -0.857 0.097 0.056 0.006 0.132
0.32 0.032 0.036 0.05 0.024 0.097 -0.934 0.038 0.004 0.089
0.185 0.019 0.021 0.029 0.014 0.056 0.038 -0.978 0.002 0.052
0.018 0.002 0.002 0.003 0.001 0.006 0.004 0.002 -1 0.005
0.437 0.044 0.049 0.068 0.032 0.132 0.089 0.052 0.005 -0.878

 Mean vectors and covariance matrices after rotation --- 1th cluster >>

 mean vector (mu'=Q*mu)>>
-2.751 -1.345 -4.069 -1.52 -1.591 0 -0.988 -3.751 -4.852 -2.098 -0.158

 covariance matrix (Sigma'=Q*Sigma*t(Q))>>

6.252 -0.214 -0.28 0.187 -0.125 0 0.012 -0.107 -0.151 -0.007 -0.378
-0.214 4.982 0.612 0.207 -0.228 0 -0.017 -0.267 -1.008 0.004 0.794
-0.28 0.612 2.662 0.742 -0.36 0 -0.017 -0.315 -0.441 0.142 0.557
0.187 0.207 0.742 7.603 0.048 0 0.132 0.212 0.131 0.07 0.171
-0.125 -0.228 -0.36 0.048 8.822 0 -0.025 -0.173 -0.472 -0.076 -0.301
0 0 0 0 0 74.051 0 0 0 0 0
0.012 -0.017 -0.017 0.132 -0.025 0 2.934 0.022 0.213 0.046 -0.095
-0.107 -0.267 -0.315 0.212 -0.173 0 0.022 6.601 -0.329 -0.024 -0.471
-0.151 -1.008 -0.441 0.131 -0.472 0 0.213 -0.329 6.474 -0.193 -1.667
-0.007 0.004 0.142 0.07 -0.076 0 0.046 -0.024 -0.193 6.921 -0.076
-0.378 0.794 0.557 0.171 -0.301 0 -0.095 -0.471 -1.667 -0.076 4.231

 Mean vectors and covariance matrices after rotation --- 2th cluster >>

 mean vector (mu'=Q*mu)>>
2.751 1.345 4.069 1.52 1.591 0 0.988 3.751 4.852 2.098 0.158

 covariance matrix (Sigma'=Q*Sigma*t(Q))>>

5.163 0.005 0.224 0.102 0.143 0 0.098 0.01 -0.231 0.2 0.043
0.005 3.804 0.142 0.046 0.08 0 0.046 0.024 0.049 0.107 0.032
0.224 0.142 1.964 0.335 0.469 0 0.276 0.424 1.194 0.619 0.171
0.102 0.046 0.335 8.661 -0.151 0 -0.037 -0.002 -0.04 -0.163 -0.193
0.143 0.08 0.469 -0.151 5.834 0 -0.118 -0.03 0.413 -0.301 -0.233
0 0 0 0 0 74.051 0 0 0 0 0
0.098 0.046 0.276 -0.037 -0.118 0 7.848 0.019 0.124 -0.131 -0.146
0.01 0.024 0.424 -0.002 -0.03 0 0.019 6.176 -0.312 -0.008 -0.104
-0.231 0.049 1.194 -0.04 0.413 0 0.124 -0.312 3.921 0.505 0.29
0.2 0.107 0.619 -0.163 -0.301 0 -0.131 -0.008 0.505 6.031 -0.305
0.043 0.032 0.171 -0.193 -0.233 0 -0.146 -0.104 0.29 -0.305 5.045

 Final eigenvalues for each cluster >> 
 (rows correspond to clusters)
74.051 8.936 8.151 7.703 6.912 6.755 6.33 4.347 3.119 2.915 2.314
74.051 8.7 7.883 6.388 6.249 6.083 5.186 5.184 3.791 3.729 1.255

 theoretical Separation index matrix >>

-1 0.34
0.34 -1

 theoretical projection directions >>

**** cluster 1 and 2
0.265 0.149 0.744 0.029 0.12 0 0.062 0.322 0.463 0.112 0.063

 empirical Separation index matrix (alpha= 0.05 )>>

-1 0.369
0.369 -1

 empirical projection directions >>

**** cluster 1 and 2
0.283 0.163 0.717 0.096 -0.025 0.027 0.186 0.259 0.413 0.264 -0.163
