
 Log information for the data set datasetJHG5v10nv0out0_3.dat >>

 alpha = 0.05 sepVal = 0.34

 Number of clusters >> 5

 cluster sizes >>
50 50 50 50 50

 Number of data points >> 250

 Number of dimensions >> 10

 Number of noisy dimensions >> 0

 noisy variables >>
0

 Number of outliers >> 0

 initial eigenvalues for each cluster >> 
 (rows correspond to clusters)
9.495 3.97 4.282 3.172 4.18 8.8 9.491 4.664 2.306 6.864
9.409 1.642 2.274 5.3 1.266 1.42 5.02 8.941 2.041 6.741
9.943 4.793 8.479 4.111 8.838 9.768 8.998 9.304 7.022 6.773
7.806 3.564 6.992 8.386 7.644 2.35 7.881 5.684 3.07 7.12
9.353 7.324 4.515 5.442 2.677 1.025 5.545 4.261 4.7 1.988

 Mean vectors and covariance matrices before rotation --- 1th cluster >>

 mean vector (mu'=Q*mu)>>
-10.015 0 0 0 0 0 0 0 0 0

 covariance matrix (Sigma'=Q*Sigma*t(Q))>>

5.364 0.09 0.834 1.004 0.716 -0.11 -1.655 0.019 0.78 -0.308
0.09 4.133 0.185 0.144 0.15 0.004 0.033 0.005 0.092 0.051
0.834 0.185 6.432 1.563 1.62 0.038 0.309 0.058 1.005 0.532
1.004 0.144 1.563 4.49 1.269 0.039 0.372 0.046 0.762 0.456
0.716 0.15 1.62 1.269 5.651 0.032 0.265 0.047 0.814 0.437
-0.11 0.004 0.038 0.039 0.032 9.12 -0.041 0.001 0.028 -0.004
-1.655 0.033 0.309 0.372 0.265 -0.041 9.229 0.007 0.289 -0.113
0.019 0.005 0.058 0.046 0.047 0.001 0.007 4.837 0.03 0.015
0.78 0.092 1.005 0.762 0.814 0.028 0.289 0.03 2.871 0.308
-0.308 0.051 0.532 0.456 0.437 -0.004 -0.113 0.015 0.308 7.2

 Mean vectors and covariance matrices before rotation --- 2th cluster >>

 mean vector (mu'=Q*mu)>>
10.015 0 0 0 0 0 0 0 0 0

 covariance matrix (Sigma'=Q*Sigma*t(Q))>>

10.568 2.947 1.21 1.512 1.683 1.838 0.613 -0.4 2.68 0.441
2.947 3.891 0.533 1.17 0.672 0.744 0.436 0.365 1.151 0.752
1.21 0.533 3.936 0.503 0.295 0.326 0.188 0.151 0.503 0.32
1.512 1.17 0.503 9.608 0.652 0.719 0.37 0.208 1.094 0.57
1.683 0.672 0.295 0.652 2.433 0.41 0.243 0.207 0.636 0.422
1.838 0.744 0.326 0.719 0.41 2.767 0.268 0.227 0.704 0.464
0.613 0.436 0.188 0.37 0.243 0.268 8.315 0.083 0.408 0.218
-0.4 0.365 0.151 0.208 0.207 0.227 0.083 14.532 0.333 0.076
2.68 1.151 0.503 1.094 0.636 0.704 0.408 0.333 4.411 0.699
0.441 0.752 0.32 0.57 0.422 0.464 0.218 0.076 0.699 11.282

 Mean vectors and covariance matrices before rotation --- 3th cluster >>

 mean vector (mu'=Q*mu)>>
0 17.346 0 0 0 0 0 0 0 0

 covariance matrix (Sigma'=Q*Sigma*t(Q))>>

9.822 0.299 0.118 1.091 -0.036 -0.494 -0.138 -0.227 0.269 0.479
0.299 5.446 0.148 0.149 0.148 0.131 0.182 0.124 0.069 0.111
0.118 0.148 9.823 0.521 0.228 0.081 0.255 0.139 0.18 0.303
1.091 0.149 0.521 5.128 0.525 0.474 0.646 0.443 0.236 0.38
-0.036 0.148 0.228 0.525 10.14 0.018 0.193 0.09 0.171 0.29
-0.494 0.131 0.081 0.474 0.018 10.837 -0.016 -0.065 0.124 0.219
-0.138 0.182 0.255 0.646 0.193 -0.016 10.339 0.081 0.204 0.348
-0.227 0.124 0.139 0.443 0.09 -0.065 0.081 10.499 0.131 0.226
0.269 0.069 0.18 0.236 0.171 0.124 0.204 0.131 8.009 0.157
0.479 0.111 0.303 0.38 0.29 0.219 0.348 0.226 0.157 7.891

 Mean vectors and covariance matrices before rotation --- 4th cluster >>

 mean vector (mu'=Q*mu)>>
0 5.782 16.354 0 0 0 0 0 0 0

 covariance matrix (Sigma'=Q*Sigma*t(Q))>>

6.237 0.428 -0.183 -0.785 -0.123 1.752 -0.485 0.307 0.531 -0.229
0.428 3.69 0.171 0.119 0.041 0.426 0.122 0.227 0.143 0.163
-0.183 0.171 7.031 -0.139 -0.011 0.656 -0.062 0.191 0.206 0.024
-0.785 0.119 -0.139 8.031 -0.064 0.521 -0.238 0.032 0.153 -0.154
-0.123 0.041 -0.011 -0.064 7.634 0.163 -0.038 0.033 0.05 -0.015
1.752 0.426 0.656 0.521 0.163 3.76 0.502 0.814 0.478 0.631
-0.485 0.122 -0.062 -0.238 -0.038 0.502 7.732 0.081 0.152 -0.075
0.307 0.227 0.191 0.032 0.033 0.814 0.081 6.021 0.264 0.174
0.531 0.143 0.206 0.153 0.05 0.478 0.152 0.264 3.232 0.197
-0.229 0.163 0.024 -0.154 -0.015 0.631 -0.075 0.174 0.197 7.128

 Mean vectors and covariance matrices before rotation --- 5th cluster >>

 mean vector (mu'=Q*mu)>>
0 5.782 4.089 15.835 0 0 0 0 0 0

 covariance matrix (Sigma'=Q*Sigma*t(Q))>>

5.314 -0.27 0.613 0.157 0.949 1.077 0.332 0.654 0.781 1.482
-0.27 7.418 0.289 0.106 0.339 0.344 0.241 0.29 0.387 0.501
0.613 0.289 4.97 0.188 0.465 0.439 0.433 0.447 0.622 0.665
0.157 0.106 0.188 5.518 0.199 0.191 0.174 0.186 0.256 0.287
0.949 0.339 0.465 0.199 3.131 0.416 0.459 0.453 0.639 0.64
1.077 0.344 0.439 0.191 0.416 1.4 0.443 0.425 0.605 0.583
0.332 0.241 0.433 0.174 0.459 0.443 5.944 0.428 0.589 0.663
0.654 0.29 0.447 0.186 0.453 0.425 0.428 4.699 0.611 0.646
0.781 0.387 0.622 0.256 0.639 0.605 0.589 0.611 5.55 0.915
1.482 0.501 0.665 0.287 0.64 0.583 0.663 0.646 0.915 2.888

 Final eigenvalues for each cluster >> 
 (rows correspond to clusters)
9.844 9.84 9.123 7.116 4.836 4.44 4.334 4.116 3.289 2.391
15.322 14.561 10.977 8.63 8.175 3.703 3.323 2.674 2.313 2.062
11.206 11.008 10.485 10.141 9.96 9.555 7.913 7.633 5.402 4.633
8.386 7.881 7.806 7.644 7.12 6.992 5.684 3.564 3.07 2.35
9.353 7.324 5.545 5.442 4.7 4.515 4.261 2.677 1.988 1.025

 *************************************************

 ********************* rotation ******************

 *************************************************


 The orthogonal matrix Q >>
0.323 0.048 0.19 0.449 0.356 0.177 0.568 0.041 0.356 0.216
0.048 -0.998 0.007 0.016 0.013 0.006 0.02 0.001 0.013 0.008
0.19 0.007 -0.973 0.064 0.051 0.025 0.081 0.006 0.051 0.031
0.449 0.016 0.064 -0.848 0.121 0.06 0.193 0.014 0.121 0.073
0.356 0.013 0.051 0.121 -0.904 0.048 0.153 0.011 0.096 0.058
0.177 0.006 0.025 0.06 0.048 -0.976 0.076 0.006 0.048 0.029
0.568 0.02 0.081 0.193 0.153 0.076 -0.756 0.018 0.153 0.093
0.041 0.001 0.006 0.014 0.011 0.006 0.018 -0.999 0.011 0.007
0.356 0.013 0.051 0.121 0.096 0.048 0.153 0.011 -0.904 0.058
0.216 0.008 0.031 0.073 0.058 0.029 0.093 0.007 0.058 -0.965

 Mean vectors and covariance matrices after rotation --- 1th cluster >>

 mean vector (mu'=Q*mu)>>
-5.691 -1.9 -0.478 -3.231 -0.413 -3.564 -3.564 -2.165 -4.496 -1.777

 covariance matrix (Sigma'=Q*Sigma*t(Q))>>

9.541 -0.926 -0.045 -0.578 0.012 -0.495 0.073 -0.143 -0.225 -0.123
-0.926 5.573 0.046 -1.923 -0.038 0.528 0.094 0.013 0.306 -0.408
-0.045 0.046 4.118 -0.063 -0.002 0.021 0.008 0.008 0.011 -0.036
-0.578 -1.923 -0.063 8.682 0.057 -0.835 0.497 -0.244 -0.109 -0.192
0.012 -0.038 -0.002 0.057 4.836 -0.019 0.003 0.006 -0.011 -0.01
-0.495 0.528 0.021 -0.835 -0.019 4.576 0.08 0.054 0.139 -0.318
0.073 0.094 0.008 0.497 0.003 0.08 2.478 0.133 0.063 -0.151
-0.143 0.013 0.008 -0.244 0.006 0.054 0.133 7.132 0.111 -0.081
-0.225 0.306 0.011 -0.109 -0.011 0.139 0.063 0.111 3.352 -0.289
-0.123 -0.408 -0.036 -0.192 -0.01 -0.318 -0.151 -0.081 -0.289 9.039

 Mean vectors and covariance matrices after rotation --- 2th cluster >>

 mean vector (mu'=Q*mu)>>
5.691 1.9 0.478 3.231 0.413 3.564 3.564 2.165 4.496 1.777

 covariance matrix (Sigma'=Q*Sigma*t(Q))>>

9.726 0.19 -1.768 2.538 0.158 1.041 0.136 0.039 0.305 -0.194
0.19 3.78 -0.242 0.763 0.142 0.268 0.119 0.082 0.111 0.026
-1.768 -0.242 3.511 -2.296 0.202 -0.715 -0.326 -0.146 -0.67 -0.02
2.538 0.763 -2.296 11.886 -0.324 2.691 1.195 -0.493 0.287 0.34
0.158 0.142 0.202 -0.324 14.535 0.248 0.296 0.053 0.182 0.185
1.041 0.268 -0.715 2.691 0.248 2.88 0.412 0.277 0.544 0.095
0.136 0.119 -0.326 1.195 0.296 0.412 3.516 0.147 0.14 0.054
0.039 0.082 -0.146 -0.493 0.053 0.277 0.147 10.941 -0.021 0.065
0.305 0.111 -0.67 0.287 0.182 0.544 0.14 -0.021 8.625 -0.014
-0.194 0.026 -0.02 0.34 0.185 0.095 0.054 0.065 -0.014 2.341

 Mean vectors and covariance matrices after rotation --- 3th cluster >>

 mean vector (mu'=Q*mu)>>
0.355 0.119 -17.317 0.827 0.026 0.223 0.223 0.135 0.281 0.111

 covariance matrix (Sigma'=Q*Sigma*t(Q))>>

10.09 -0.064 -0.036 -0.275 0.033 -0.036 0.19 -0.004 0.564 0.062
-0.064 9.638 0.056 -0.475 0.105 0.004 0.028 0.096 0.308 0.033
-0.036 0.056 5.411 -0.17 0.105 0.006 -0.055 0.007 -0.014 0.076
-0.275 -0.475 -0.17 10.537 -0.309 -0.29 0.514 -0.171 1.253 -0.173
0.033 0.105 0.105 -0.309 10.493 0.054 0.111 0.189 0.412 -0.069
-0.036 0.004 0.006 -0.29 0.054 9.952 0.117 0.042 0.417 0.044
0.19 0.028 -0.055 0.514 0.111 0.117 8.089 -0.009 0.297 0.217
-0.004 0.096 0.007 -0.171 0.189 0.042 -0.009 7.659 0.146 0.168
0.564 0.308 -0.014 1.253 0.412 0.417 0.297 0.146 5.155 0.572
0.062 0.033 0.076 -0.173 -0.069 0.044 0.217 0.168 0.572 10.91

 Mean vectors and covariance matrices after rotation --- 4th cluster >>

 mean vector (mu'=Q*mu)>>
1.451 -15.87 -5.66 3.378 0.105 0.909 0.909 0.552 1.147 0.453

 covariance matrix (Sigma'=Q*Sigma*t(Q))>>

7.623 -0.076 -0.217 -0.431 -0.261 -0.191 0.145 -0.071 -0.125 -0.767
-0.076 7.034 0.06 -0.112 0.079 -0.048 0.218 0.034 -0.083 0.24
-0.217 0.06 3.633 -0.335 0.174 -0.179 -0.065 0.038 -0.132 0.216
-0.431 -0.112 -0.335 7.078 -0.466 -0.285 0.708 -0.102 -0.278 -1.105
-0.261 0.079 0.174 -0.466 5.972 -0.187 0.055 0.047 -0.224 0.618
-0.191 -0.048 -0.179 -0.285 -0.187 7.486 -0.007 -0.045 -0.06 -0.658
0.145 0.218 -0.065 0.708 0.055 -0.007 3.266 0.223 0.272 -0.297
-0.071 0.034 0.038 -0.102 0.047 -0.045 0.223 7.147 -0.075 0.163
-0.125 -0.083 -0.132 -0.278 -0.224 -0.06 0.272 -0.075 8.278 -0.419
-0.767 0.24 0.216 -1.105 0.618 -0.658 -0.297 0.163 -0.419 2.978

 Mean vectors and covariance matrices after rotation --- 5th cluster >>

 mean vector (mu'=Q*mu)>>
3.506 -2.918 -5.488 8.161 0.254 2.196 2.196 1.334 -13.065 1.095

 covariance matrix (Sigma'=Q*Sigma*t(Q))>>

5.663 -0.172 0.093 0.608 -0.342 0.111 -0.133 -0.378 0.186 -0.152
-0.172 4.597 0.196 -0.484 0.153 0.029 0.061 0.123 -0.211 0.081
0.093 0.196 7.395 -0.536 0.217 0.232 0.248 0.367 0.009 0.255
0.608 -0.484 -0.536 8.121 -1.069 0.721 -0.316 -0.586 0.92 -0.017
-0.342 0.153 0.217 -1.069 4.589 -0.041 0.089 0.285 -0.405 0.148
0.111 0.029 0.232 0.721 -0.041 2.805 0.079 -0.077 0.07 -0.01
-0.133 0.061 0.248 -0.316 0.089 0.079 4.755 0.056 -0.168 0.063
-0.378 0.123 0.367 -0.586 0.285 -0.077 0.056 2.137 -0.446 0.065
0.186 -0.211 0.009 0.92 -0.405 0.07 -0.168 -0.446 5.713 -0.206
-0.152 0.081 0.255 -0.017 0.148 -0.01 0.063 0.065 -0.206 1.056

 Final eigenvalues for each cluster >> 
 (rows correspond to clusters)
9.844 9.84 9.123 7.116 4.836 4.44 4.334 4.116 3.289 2.391
15.322 14.561 10.977 8.63 8.175 3.703 3.323 2.674 2.313 2.062
11.206 11.008 10.485 10.141 9.96 9.555 7.913 7.633 5.402 4.633
8.386 7.881 7.806 7.644 7.12 6.992 5.684 3.564 3.07 2.35
9.353 7.324 5.545 5.442 4.7 4.515 4.261 2.677 1.988 1.025

 theoretical Separation index matrix >>

-1 0.34 0.379 0.346 0.375
0.34 -1 0.426 0.394 0.34
0.379 0.426 -1 0.34 0.367
0.346 0.394 0.34 -1 0.34
0.375 0.34 0.367 0.34 -1

 theoretical projection directions >>

**** cluster 1 and 2
0.342 0.216 0.271 0.116 0.001 0.413 0.59 0.126 0.413 0.209

**** cluster 1 and 3
0.164 0.09 -0.915 0.108 0.014 0.141 0.161 0.078 0.249 0.054

**** cluster 1 and 4
0.234 -0.619 -0.356 0.183 0.046 0.28 0.424 0.109 0.305 0.191

**** cluster 1 and 5
0.337 0.059 -0.235 0.387 0.061 0.441 0.387 0.228 -0.503 0.161

**** cluster 2 and 3
-0.181 -0.06 -0.948 -0.106 0.013 -0.119 -0.126 -0.049 -0.136 -0.044

**** cluster 2 and 4
-0.165 -0.799 -0.513 0.012 0.019 -0.134 -0.16 -0.033 -0.109 -0.12

**** cluster 2 and 5
-0.134 -0.358 -0.345 0.212 0.02 -0.16 -0.108 -0.039 -0.789 -0.168

**** cluster 3 and 4
0.049 -0.585 0.8 0.093 -0.001 0.035 0.046 0.02 0.045 0.024

**** cluster 3 and 5
0.138 -0.098 0.524 0.318 0.029 0.092 0.076 0.054 -0.757 0.058

**** cluster 4 and 5
0.115 0.705 0.002 0.254 -0.006 0.074 0.071 0.027 -0.641 0.055

 empirical Separation index matrix (alpha= 0.05 )>>

-1 0.413 0.369 0.4 0.37
0.413 -1 0.324 0.429 0.38
0.369 0.324 -1 0.338 0.419
0.4 0.429 0.338 -1 0.451
0.37 0.38 0.419 0.451 -1

 empirical projection directions >>

**** cluster 1 and 2
0.283 -0.04 -0.188 0.396 -0.141 0.474 0.525 0.167 -0.406 0.118

**** cluster 1 and 3
0.229 -0.502 -0.294 0.123 -0.006 0.268 0.539 0.11 0.434 0.178

**** cluster 1 and 4
0.31 0.08 -0.817 0.097 0.025 0.054 0.187 0.192 0.379 -0.041

**** cluster 1 and 5
0.307 0.083 0.363 0.129 -0.062 0.381 0.491 0.241 0.526 0.159

**** cluster 2 and 3
-0.004 -0.636 -0.089 -0.182 -0.05 -0.111 -0.129 -0.001 0.723 0.008

**** cluster 2 and 4
0.079 0.057 -0.451 -0.296 0.067 -0.28 -0.051 0.093 0.753 -0.196

**** cluster 2 and 5
0.099 0.475 0.329 -0.268 -0.113 -0.019 0.035 0.086 0.75 -0.025

**** cluster 3 and 4
0.001 0.539 -0.816 -0.083 -0.058 -0.026 -0.106 0.039 -0.092 -0.108

**** cluster 3 and 5
0.142 0.695 0.571 -0.098 -0.126 0.175 0.093 0.144 0.286 -0.057

**** cluster 4 and 5
0.164 -0.019 0.886 -0.013 -0.07 0.249 0.177 0.123 0.273 0.028
