
 Log information for the data set datasetJHG3v5nv10out0_2.dat >>

 alpha = 0.05 sepVal = 0.34

 Number of clusters >> 3

 cluster sizes >>
50 50 50

 Number of data points >> 150

 Number of dimensions >> 15

 Number of noisy dimensions >> 10

 noisy variables >>
2 4 5 6 8 9 10 12 14 15

 Number of outliers >> 0

 initial eigenvalues for each cluster >> 
 (rows correspond to clusters)
3.38 8.538 7.433 3.529 2.195
3.895 2.194 9.122 7.157 1.198
9.149 2.572 8.032 4.658 3.742

 Mean vectors and covariance matrices before rotation --- 1th cluster >>

 mean vector (mu'=Q*mu)>>
-9.406 0 0 0 0 1.648 0.452 0.073 1.576 5.198 1.527 2.017 1.351 3.836 0.209

 covariance matrix (Sigma'=Q*Sigma*t(Q))>>

4.507 -2.254 -0.208 0.234 0.843 0 0 0 0 0 0 0 0 0 0
-2.254 7.003 -0.167 -0.613 -0.461 0 0 0 0 0 0 0 0 0 0
-0.208 -0.167 7.415 -0.057 -0.038 0 0 0 0 0 0 0 0 0 0
0.234 -0.613 -0.057 3.574 0.204 0 0 0 0 0 0 0 0 0 0
0.843 -0.461 -0.038 0.204 2.577 0 0 0 0 0 0 0 0 0 0
0 0 0 0 0 38.279 0.171 3.587 -5.188 -3.384 -2.749 -10.562 4.963 -1.128 5.705
0 0 0 0 0 0.171 20.319 0.027 -0.06 -0.038 -0.03 -0.113 0.04 -0.013 0.045
0 0 0 0 0 3.587 0.027 26.414 -2.867 -1.683 -1.293 -4.693 0.591 -0.629 0.653
0 0 0 0 0 -5.188 -0.06 -2.867 40.62 -3.823 -2.785 -9.513 -2.53 -1.571 -3.026
0 0 0 0 0 -3.384 -0.038 -1.683 -3.823 49.508 -1.48 -5.028 -1.529 -0.845 -1.823
0 0 0 0 0 -2.749 -0.03 -1.293 -2.785 -1.48 53.402 -3.62 -1.195 -0.616 -1.422
0 0 0 0 0 -10.562 -0.113 -4.693 -9.513 -5.028 -3.62 46.355 -4.413 -2.105 -5.243
0 0 0 0 0 4.963 0.04 0.591 -2.53 -1.529 -1.195 -4.413 24.13 -0.554 1.168
0 0 0 0 0 -1.128 -0.013 -0.629 -1.571 -0.845 -0.616 -2.105 -0.554 47.113 -0.663
0 0 0 0 0 5.705 0.045 0.653 -3.026 -1.823 -1.422 -5.243 1.168 -0.663 24.708

 Mean vectors and covariance matrices before rotation --- 2th cluster >>

 mean vector (mu'=Q*mu)>>
9.406 0 0 0 0 1.648 0.452 0.073 1.576 5.198 1.527 2.017 1.351 3.836 0.209

 covariance matrix (Sigma'=Q*Sigma*t(Q))>>

7.85 2.093 -1.672 0.006 0.777 0 0 0 0 0 0 0 0 0 0
2.093 3.221 -0.047 0.032 0.355 0 0 0 0 0 0 0 0 0 0
-1.672 -0.047 4.228 -0.195 0.085 0 0 0 0 0 0 0 0 0 0
0.006 0.032 -0.195 7.248 0.015 0 0 0 0 0 0 0 0 0 0
0.777 0.355 0.085 0.015 1.339 0 0 0 0 0 0 0 0 0 0
0 0 0 0 0 38.279 0.171 3.587 -5.188 -3.384 -2.749 -10.562 4.963 -1.128 5.705
0 0 0 0 0 0.171 20.319 0.027 -0.06 -0.038 -0.03 -0.113 0.04 -0.013 0.045
0 0 0 0 0 3.587 0.027 26.414 -2.867 -1.683 -1.293 -4.693 0.591 -0.629 0.653
0 0 0 0 0 -5.188 -0.06 -2.867 40.62 -3.823 -2.785 -9.513 -2.53 -1.571 -3.026
0 0 0 0 0 -3.384 -0.038 -1.683 -3.823 49.508 -1.48 -5.028 -1.529 -0.845 -1.823
0 0 0 0 0 -2.749 -0.03 -1.293 -2.785 -1.48 53.402 -3.62 -1.195 -0.616 -1.422
0 0 0 0 0 -10.562 -0.113 -4.693 -9.513 -5.028 -3.62 46.355 -4.413 -2.105 -5.243
0 0 0 0 0 4.963 0.04 0.591 -2.53 -1.529 -1.195 -4.413 24.13 -0.554 1.168
0 0 0 0 0 -1.128 -0.013 -0.629 -1.571 -0.845 -0.616 -2.105 -0.554 47.113 -0.663
0 0 0 0 0 5.705 0.045 0.653 -3.026 -1.823 -1.422 -5.243 1.168 -0.663 24.708

 Mean vectors and covariance matrices before rotation --- 3th cluster >>

 mean vector (mu'=Q*mu)>>
0 16.292 0 0 0 1.648 0.452 0.073 1.576 5.198 1.527 2.017 1.351 3.836 0.209

 covariance matrix (Sigma'=Q*Sigma*t(Q))>>

6.41 2.663 -0.064 0.816 1.151 0 0 0 0 0 0 0 0 0 0
2.663 4.481 0.255 0.824 0.969 0 0 0 0 0 0 0 0 0 0
-0.064 0.255 8.039 0.089 0.117 0 0 0 0 0 0 0 0 0 0
0.816 0.824 0.089 4.997 0.408 0 0 0 0 0 0 0 0 0 0
1.151 0.969 0.117 0.408 4.227 0 0 0 0 0 0 0 0 0 0
0 0 0 0 0 38.279 0.171 3.587 -5.188 -3.384 -2.749 -10.562 4.963 -1.128 5.705
0 0 0 0 0 0.171 20.319 0.027 -0.06 -0.038 -0.03 -0.113 0.04 -0.013 0.045
0 0 0 0 0 3.587 0.027 26.414 -2.867 -1.683 -1.293 -4.693 0.591 -0.629 0.653
0 0 0 0 0 -5.188 -0.06 -2.867 40.62 -3.823 -2.785 -9.513 -2.53 -1.571 -3.026
0 0 0 0 0 -3.384 -0.038 -1.683 -3.823 49.508 -1.48 -5.028 -1.529 -0.845 -1.823
0 0 0 0 0 -2.749 -0.03 -1.293 -2.785 -1.48 53.402 -3.62 -1.195 -0.616 -1.422
0 0 0 0 0 -10.562 -0.113 -4.693 -9.513 -5.028 -3.62 46.355 -4.413 -2.105 -5.243
0 0 0 0 0 4.963 0.04 0.591 -2.53 -1.529 -1.195 -4.413 24.13 -0.554 1.168
0 0 0 0 0 -1.128 -0.013 -0.629 -1.571 -0.845 -0.616 -2.105 -0.554 47.113 -0.663
0 0 0 0 0 5.705 0.045 0.653 -3.026 -1.823 -1.422 -5.243 1.168 -0.663 24.708

 Final eigenvalues for each cluster >> 
 (rows correspond to clusters)
58.543 54.472 51.55 47.727 47.46 26.226 23.386 23.098 20.318 18.067 8.538 7.433 3.529 3.38 2.195
58.543 54.472 51.55 47.727 47.46 26.226 23.386 23.098 20.318 18.067 9.245 7.254 3.947 2.224 1.214
58.543 54.472 51.55 47.727 47.46 26.226 23.386 23.098 20.318 18.067 9.149 8.032 4.658 3.742 2.572

 *************************************************

 ********************* rotation ******************

 *************************************************


 The orthogonal matrix Q >>
0.348 0.631 0.402 0.414 0.385
0.631 -0.705 0.188 0.194 0.18
0.402 0.188 -0.88 0.123 0.115
0.414 0.194 0.123 -0.873 0.118
0.385 0.18 0.115 0.118 -0.89

 Mean vectors and covariance matrices after rotation --- 1th cluster >>

 mean vector (mu'=Q*mu)>>
-5.935 0.209 -3.891 1.527 1.648 5.198 -3.278 1.576 2.017 0.073 -3.78 3.836 -3.618 1.351 0.452

 covariance matrix (Sigma'=Q*Sigma*t(Q))>>

8.292 0 -0.182 0 0 0 -0.954 0 0 0 -0.279 0 -0.316 0 0
0 24.708 0 -1.422 5.705 -1.823 0 -3.026 -5.243 0.653 0 -0.663 0 1.168 0.045
-0.182 0 3.585 0 0 0 0.201 0 0 0 -0.394 0 0.047 0 0
0 -1.422 0 53.402 -2.749 -1.48 0 -2.785 -3.62 -1.293 0 -0.616 0 -1.195 -0.03
0 5.705 0 -2.749 38.279 -3.384 0 -5.188 -10.562 3.587 0 -1.128 0 4.963 0.171
0 -1.823 0 -1.48 -3.384 49.508 0 -3.823 -5.028 -1.683 0 -0.845 0 -1.529 -0.038
-0.954 0 0.201 0 0 0 4.175 0 0 0 -1.375 0 0.266 0 0
0 -3.026 0 -2.785 -5.188 -3.823 0 40.62 -9.513 -2.867 0 -1.571 0 -2.53 -0.06
0 -5.243 0 -3.62 -10.562 -5.028 0 -9.513 46.355 -4.693 0 -2.105 0 -4.413 -0.113
0 0.653 0 -1.293 3.587 -1.683 0 -2.867 -4.693 26.414 0 -0.629 0 0.591 0.027
-0.279 0 -0.394 0 0 0 -1.375 0 0 0 6.75 0 -0.514 0 0
0 -0.663 0 -0.616 -1.128 -0.845 0 -1.571 -2.105 -0.629 0 47.113 0 -0.554 -0.013
-0.316 0 0.047 0 0 0 0.266 0 0 0 -0.514 0 2.275 0 0
0 1.168 0 -1.195 4.963 -1.529 0 -2.53 -4.413 0.591 0 -0.554 0 24.13 0.04
0 0.045 0 -0.03 0.171 -0.038 0 -0.06 -0.113 0.027 0 -0.013 0 0.04 20.319

 Mean vectors and covariance matrices after rotation --- 2th cluster >>

 mean vector (mu'=Q*mu)>>
5.935 0.209 3.891 1.527 1.648 5.198 3.278 1.576 2.017 0.073 3.78 3.836 3.618 1.351 0.452

 covariance matrix (Sigma'=Q*Sigma*t(Q))>>

3.015 0 0.044 0 0 0 1.242 0 0 0 1.603 0 0.797 0 0
0 24.708 0 -1.422 5.705 -1.823 0 -3.026 -5.243 0.653 0 -0.663 0 1.168 0.045
0.044 0 7.353 0 0 0 -0.237 0 0 0 0.981 0 0.395 0 0
0 -1.422 0 53.402 -2.749 -1.48 0 -2.785 -3.62 -1.293 0 -0.616 0 -1.195 -0.03
0 5.705 0 -2.749 38.279 -3.384 0 -5.188 -10.562 3.587 0 -1.128 0 4.963 0.171
0 -1.823 0 -1.48 -3.384 49.508 0 -3.823 -5.028 -1.683 0 -0.845 0 -1.529 -0.038
1.242 0 -0.237 0 0 0 5.149 0 0 0 1.594 0 1.47 0 0
0 -3.026 0 -2.785 -5.188 -3.823 0 40.62 -9.513 -2.867 0 -1.571 0 -2.53 -0.06
0 -5.243 0 -3.62 -10.562 -5.028 0 -9.513 46.355 -4.693 0 -2.105 0 -4.413 -0.113
0 0.653 0 -1.293 3.587 -1.683 0 -2.867 -4.693 26.414 0 -0.629 0 0.591 0.027
1.603 0 0.981 0 0 0 1.594 0 0 0 6.414 0 1.453 0 0
0 -0.663 0 -0.616 -1.128 -0.845 0 -1.571 -2.105 -0.629 0 47.113 0 -0.554 -0.013
0.797 0 0.395 0 0 0 1.47 0 0 0 1.453 0 1.954 0 0
0 1.168 0 -1.195 4.963 -1.529 0 -2.53 -4.413 0.591 0 -0.554 0 24.13 0.04
0 0.045 0 -0.03 0.171 -0.038 0 -0.06 -0.113 0.027 0 -0.013 0 0.04 20.319

 Mean vectors and covariance matrices after rotation --- 3th cluster >>

 mean vector (mu'=Q*mu)>>
-11.482 0.209 3.153 1.527 1.648 5.198 10.279 1.576 2.017 0.073 3.063 3.836 2.932 1.351 0.452

 covariance matrix (Sigma'=Q*Sigma*t(Q))>>

2.967 0 0.236 0 0 0 1.479 0 0 0 -0.138 0 0.236 0 0
0 24.708 0 -1.422 5.705 -1.823 0 -3.026 -5.243 0.653 0 -0.663 0 1.168 0.045
0.236 0 4.876 0 0 0 0.903 0 0 0 0.088 0 0.173 0 0
0 -1.422 0 53.402 -2.749 -1.48 0 -2.785 -3.62 -1.293 0 -0.616 0 -1.195 -0.03
0 5.705 0 -2.749 38.279 -3.384 0 -5.188 -10.562 3.587 0 -1.128 0 4.963 0.171
0 -1.823 0 -1.48 -3.384 49.508 0 -3.823 -5.028 -1.683 0 -0.845 0 -1.529 -0.038
1.479 0 0.903 0 0 0 8.262 0 0 0 0.402 0 0.835 0 0
0 -3.026 0 -2.785 -5.188 -3.823 0 40.62 -9.513 -2.867 0 -1.571 0 -2.53 -0.06
0 -5.243 0 -3.62 -10.562 -5.028 0 -9.513 46.355 -4.693 0 -2.105 0 -4.413 -0.113
0 0.653 0 -1.293 3.587 -1.683 0 -2.867 -4.693 26.414 0 -0.629 0 0.591 0.027
-0.138 0 0.088 0 0 0 0.402 0 0 0 8.153 0 -0.002 0 0
0 -0.663 0 -0.616 -1.128 -0.845 0 -1.571 -2.105 -0.629 0 47.113 0 -0.554 -0.013
0.236 0 0.173 0 0 0 0.835 0 0 0 -0.002 0 3.896 0 0
0 1.168 0 -1.195 4.963 -1.529 0 -2.53 -4.413 0.591 0 -0.554 0 24.13 0.04
0 0.045 0 -0.03 0.171 -0.038 0 -0.06 -0.113 0.027 0 -0.013 0 0.04 20.319

 Final eigenvalues for each cluster >> 
 (rows correspond to clusters)
58.543 54.472 51.55 47.727 47.46 26.226 23.386 23.098 20.318 18.067 8.538 7.433 3.529 3.38 2.195
58.543 54.472 51.55 47.727 47.46 26.226 23.386 23.098 20.318 18.067 9.245 7.254 3.947 2.224 1.214
58.543 54.472 51.55 47.727 47.46 26.226 23.386 23.098 20.318 18.067 9.149 8.032 4.658 3.742 2.572

 theoretical Separation index matrix >>

-1 0.34 0.34
0.34 -1 0.501
0.34 0.501 -1

 theoretical projection directions >>

**** cluster 1 and 2
0.494 0 0.373 0 0 0 0.269 0 0 0 0.226 0 0.702 0 0

**** cluster 1 and 3
-0.255 0 0.411 0 0 0 0.606 0 0 0 0.338 0 0.534 0 0

**** cluster 2 and 3
-0.943 0 -0.016 0 0 0 0.329 0 0 0 0.04 0 -0.002 0 0

 empirical Separation index matrix (alpha= 0.05 )>>

-1 0.383 0.324
0.383 -1 0.537
0.324 0.537 -1

 empirical projection directions >>

**** cluster 1 and 2
0.302 -0.002 0.462 0.021 -0.022 0.006 0.355 0.003 0.011 0.048 0.186 -0.002 0.727 0.015 0.052

**** cluster 1 and 3
-0.168 0.01 0.563 0.033 -0.038 0.022 0.665 -0.039 -0.001 0.052 0.252 -0.013 0.363 0.093 0.03

**** cluster 2 and 3
-0.899 -0.027 -0.016 0.032 -0.04 0.003 0.383 -0.006 0.008 0.062 0.109 0.013 -0.147 0.056 0.019
