
 Log information for the data set datasetJHG3v10nv0out0_3.dat >>

 alpha = 0.05 sepVal = 0.34

 Number of clusters >> 3

 cluster sizes >>
50 50 50

 Number of data points >> 150

 Number of dimensions >> 10

 Number of noisy dimensions >> 0

 noisy variables >>
0

 Number of outliers >> 0

 initial eigenvalues for each cluster >> 
 (rows correspond to clusters)
2.843 8.563 8.316 8.506 7.779 7.156 6.313 2.341 9.665 9.844
8.295 8.062 1.286 5.142 8.724 7.871 1.04 8.09 2.342 5.893
2.119 2.27 3.806 6.688 9.889 3.033 3.22 6.283 4.766 1.263

 Mean vectors and covariance matrices before rotation --- 1th cluster >>

 mean vector (mu'=Q*mu)>>
-9.623 0 0 0 0 0 0 0 0 0

 covariance matrix (Sigma'=Q*Sigma*t(Q))>>

7.341 -0.659 -0.64 -0.4 -0.332 -0.176 0.034 1.573 -0.912 -0.495
-0.659 7.648 -1 -0.569 -0.743 -0.973 -0.12 -0.146 -0.895 -0.467
-0.64 -1 7.225 -0.622 -0.808 -1.055 -0.129 -0.133 -0.982 -0.513
-0.4 -0.569 -0.622 8.152 -0.462 -0.604 -0.074 -0.088 -0.557 -0.291
-0.332 -0.743 -0.808 -0.462 7.184 -0.768 -0.092 -0.05 -0.737 -0.386
-0.176 -0.973 -1.055 -0.604 -0.768 6.177 -0.115 0.021 -0.98 -0.513
0.034 -0.12 -0.129 -0.074 -0.092 -0.115 6.3 0.021 -0.124 -0.065
1.573 -0.146 -0.133 -0.088 -0.05 0.021 0.021 2.884 -0.234 -0.128
-0.912 -0.895 -0.982 -0.557 -0.737 -0.98 -0.124 -0.234 8.804 -0.448
-0.495 -0.467 -0.513 -0.291 -0.386 -0.513 -0.065 -0.128 -0.448 9.611

 Mean vectors and covariance matrices before rotation --- 2th cluster >>

 mean vector (mu'=Q*mu)>>
9.623 0 0 0 0 0 0 0 0 0

 covariance matrix (Sigma'=Q*Sigma*t(Q))>>

5.221 -0.167 1.317 0.407 -0.825 -0.045 1.761 -0.556 1.172 0.069
-0.167 8.053 0.084 0.031 -0.046 -0.002 0.112 -0.03 0.076 0.01
1.317 0.084 1.942 0.712 0.27 0.026 0.851 0.274 0.682 0.623
0.407 0.031 0.712 5.731 0.048 0.011 0.933 0.099 0.705 0.465
-0.825 -0.046 0.27 0.048 8.509 -0.013 0.363 -0.152 0.234 -0.026
-0.045 -0.002 0.026 0.011 -0.013 7.87 0.034 -0.008 0.024 0.005
1.761 0.112 0.851 0.933 0.363 0.034 2.144 0.365 0.887 0.819
-0.556 -0.03 0.274 0.099 -0.152 -0.008 0.365 7.99 0.246 0.031
1.172 0.076 0.682 0.705 0.234 0.024 0.887 0.246 3.045 0.607
0.069 0.01 0.623 0.465 -0.026 0.005 0.819 0.031 0.607 6.24

 Mean vectors and covariance matrices before rotation --- 3th cluster >>

 mean vector (mu'=Q*mu)>>
0 16.667 0 0 0 0 0 0 0 0

 covariance matrix (Sigma'=Q*Sigma*t(Q))>>

6.891 0.265 -0.297 -0.887 -3.483 0.115 -0.024 -2.135 -0.624 1.539
0.265 4.314 -0.039 -0.099 -0.382 -0.001 -0.01 -0.24 -0.073 0.152
-0.297 -0.039 7.01 -0.223 -0.741 -0.222 -0.138 -0.56 -0.218 0.03
-0.887 -0.099 -0.223 12.454 -0.537 -0.343 -0.198 -0.484 -0.221 -0.197
-3.483 -0.382 -0.741 -0.537 17.275 -1.214 -0.69 -1.409 -0.691 -0.894
0.115 -0.001 -0.222 -0.343 -1.214 5.533 -0.138 -0.847 -0.301 0.246
-0.024 -0.01 -0.138 -0.198 -0.69 -0.138 5.996 -0.492 -0.179 0.111
-2.135 -0.24 -0.56 -0.484 -1.409 -0.847 -0.492 10.63 -0.562 -0.455
-0.624 -0.073 -0.218 -0.221 -0.691 -0.301 -0.179 -0.562 8.772 -0.085
1.539 0.152 0.03 -0.197 -0.894 0.246 0.111 -0.455 -0.085 3.044

 Final eigenvalues for each cluster >> 
 (rows correspond to clusters)
9.844 9.665 8.563 8.506 8.316 7.779 7.156 6.313 2.843 2.341
8.724 8.295 8.09 8.062 7.871 5.893 5.142 2.342 1.286 1.04
18.693 12.642 11.876 9.009 7.195 6.087 5.734 4.291 4.006 2.388

 *************************************************

 ********************* rotation ******************

 *************************************************


 The orthogonal matrix Q >>
0.48 0.241 0.482 0.428 0.212 0.221 0.32 0.08 0.047 0.301
0.241 -0.961 0.079 0.07 0.035 0.036 0.052 0.013 0.008 0.049
0.482 0.079 -0.843 0.139 0.069 0.072 0.104 0.026 0.015 0.098
0.428 0.07 0.139 -0.876 0.061 0.064 0.093 0.023 0.014 0.087
0.212 0.035 0.069 0.061 -0.97 0.032 0.046 0.011 0.007 0.043
0.221 0.036 0.072 0.064 0.032 -0.967 0.048 0.012 0.007 0.045
0.32 0.052 0.104 0.093 0.046 0.048 -0.931 0.017 0.01 0.065
0.08 0.013 0.026 0.023 0.011 0.012 0.017 -0.996 0.003 0.016
0.047 0.008 0.015 0.014 0.007 0.007 0.01 0.003 -0.999 0.01
0.301 0.049 0.098 0.087 0.043 0.045 0.065 0.016 0.01 -0.939

 Mean vectors and covariance matrices after rotation --- 1th cluster >>

 mean vector (mu'=Q*mu)>>
-2.9 -4.637 -0.769 -4.619 -3.082 -2.041 -2.123 -0.449 -2.323 -4.123

 covariance matrix (Sigma'=Q*Sigma*t(Q))>>

9.747 -0.107 -0.498 -0.441 0.008 -0.066 -0.139 0.114 -0.031 -0.107
-0.107 8.173 -0.674 0.366 0.187 -0.166 -0.319 -0.055 -0.152 -0.062
-0.498 -0.674 2.679 -0.406 -0.391 -0.252 -0.176 -0.148 -0.356 -0.616
-0.441 0.366 -0.406 4.576 -0.263 0.802 1.21 1.751 0.99 -0.376
0.008 0.187 -0.391 -0.263 6.301 0.196 0.23 0.462 0.286 0.018
-0.066 -0.166 -0.252 0.802 0.196 7.566 -0.342 -0.307 -0.257 -0.015
-0.139 -0.319 -0.176 1.21 0.23 -0.342 6.652 -0.526 -0.434 -0.08
0.114 -0.055 -0.148 1.751 0.462 -0.307 -0.526 8.975 -0.394 0.24
-0.031 -0.152 -0.356 0.99 0.286 -0.257 -0.434 -0.394 8.26 0.043
-0.107 -0.062 -0.616 -0.376 0.018 -0.015 -0.08 0.24 0.043 8.397

 Mean vectors and covariance matrices after rotation --- 2th cluster >>

 mean vector (mu'=Q*mu)>>
2.9 4.637 0.769 4.619 3.082 2.041 2.123 0.449 2.323 4.123

 covariance matrix (Sigma'=Q*Sigma*t(Q))>>

5.944 0.281 0.085 -0.426 0.181 -0.006 -0.144 0.024 -0.137 0.052
0.281 1.606 0.394 1.172 -0.028 0.395 -0.116 -0.23 -0.046 0.239
0.085 0.394 8.04 -0.039 0.337 -0.053 0.049 0.112 0.037 0.178
-0.426 1.172 -0.039 7.502 -0.349 -0.049 -0.074 -1.542 -0.123 -0.255
0.181 -0.028 0.337 -0.349 1.124 0.158 -0.36 0.217 -0.303 0.036
-0.006 0.395 -0.053 -0.049 0.158 8.684 0.05 -0.141 0.034 0.084
-0.144 -0.116 0.049 -0.074 -0.36 0.05 7.811 -0.393 -0.056 -0.195
0.024 -0.23 0.112 -1.542 0.217 -0.141 -0.393 2.872 -0.377 -0.123
-0.137 -0.046 0.037 -0.123 -0.303 0.034 -0.056 -0.377 8.007 -0.172
0.052 0.239 0.178 -0.255 0.036 0.084 -0.195 -0.123 -0.172 5.157

 Mean vectors and covariance matrices after rotation --- 3th cluster >>

 mean vector (mu'=Q*mu)>>
0.819 1.31 0.217 4.023 0.871 0.577 0.6 0.127 -16.011 1.165

 covariance matrix (Sigma'=Q*Sigma*t(Q))>>

2.534 -0.318 0.316 0.167 -0.091 -0.194 0.155 0.15 -0.03 -0.766
-0.318 7.201 0.798 -0.197 0.036 0.707 -0.026 0.23 0.043 -0.469
0.316 0.798 11.075 1.954 0.419 -0.585 -0.208 -0.36 0.438 0.655
0.167 -0.197 1.954 5.708 0.189 0.751 0.495 0.704 0.275 -2.073
-0.091 0.036 0.419 0.189 6.143 0.294 0.014 0.123 0.068 -0.319
-0.194 0.707 -0.585 0.751 0.294 18.513 -0.504 -0.362 0.337 0.568
0.155 -0.026 -0.208 0.495 0.014 -0.504 5.672 -0.086 0.091 -0.358
0.15 0.23 -0.36 0.704 0.123 -0.362 -0.086 8.857 0.15 0.137
-0.03 0.043 0.438 0.275 0.068 0.337 0.091 0.15 4.349 -0.234
-0.766 -0.469 0.655 -2.073 -0.319 0.568 -0.358 0.137 -0.234 11.867

 Final eigenvalues for each cluster >> 
 (rows correspond to clusters)
9.844 9.665 8.563 8.506 8.316 7.779 7.156 6.313 2.843 2.341
8.724 8.295 8.09 8.062 7.871 5.893 5.142 2.342 1.286 1.04
18.693 12.642 11.876 9.009 7.195 6.087 5.734 4.291 4.006 2.388

 theoretical Separation index matrix >>

-1 0.34 0.354
0.34 -1 0.34
0.354 0.34 -1

 theoretical projection directions >>

**** cluster 1 and 2
0.234 0.516 0.117 0.389 0.54 0.113 0.186 0.067 0.173 0.375

**** cluster 1 and 3
0.208 0.215 -0.036 0.61 0.2 0.007 0.026 -0.088 -0.66 0.23

**** cluster 2 and 3
-0.188 -0.217 0.043 -0.037 -0.2 -0.003 -0.076 -0.022 -0.92 -0.145

 empirical Separation index matrix (alpha= 0.05 )>>

-1 0.344 0.423
0.344 -1 0.437
0.423 0.437 -1

 empirical projection directions >>

**** cluster 1 and 2
-0.148 -0.096 -0.054 -0.512 -0.273 -0.05 0.026 -0.008 0.721 -0.326

**** cluster 1 and 3
0.149 0.369 0 0.08 0.138 0.01 0.158 0.1 0.88 0.079

**** cluster 2 and 3
0.164 0.601 0.152 0.309 0.472 0.084 0.228 0.229 0.18 0.356
