
 Log information for the data set datasetJHG3v10nv3out0_2.dat >>

 alpha = 0.05 sepVal = 0.34

 Number of clusters >> 3

 cluster sizes >>
50 50 50

 Number of data points >> 150

 Number of dimensions >> 13

 Number of noisy dimensions >> 3

 noisy variables >>
2 10 11

 Number of outliers >> 0

 initial eigenvalues for each cluster >> 
 (rows correspond to clusters)
3.956 1.071 4.728 4.349 9.504 9.562 2.219 1.012 7.083 6.551
6.236 3.489 9.452 6.749 3.164 8.206 5.733 1.427 1.134 1.921
6.562 6.497 8.869 8.276 1.004 3.581 5.909 2.237 2.75 3.662

 Mean vectors and covariance matrices before rotation --- 1th cluster >>

 mean vector (mu'=Q*mu)>>
-8.702 0 0 0 0 0 0 0 0 0 0.383 1.764 1.576

 covariance matrix (Sigma'=Q*Sigma*t(Q))>>

6.742 0.074 0.018 0.261 -1.8 -1.81 1.198 1.307 -0.781 -0.856 0 0 0
0.074 1.398 0.008 0.02 -0.007 -0.008 0.027 0.024 0.002 0.006 0 0 0
0.018 0.008 6.143 -0.025 -0.281 -0.283 0.113 0.14 -0.14 -0.166 0 0 0
0.261 0.02 -0.025 5.683 -0.601 -0.604 0.313 0.361 -0.282 -0.323 0 0 0
-1.8 -0.007 -0.281 -0.601 11.594 -0.801 -0.281 -0.124 -0.548 -0.729 0 0 0
-1.81 -0.008 -0.283 -0.604 -0.801 11.672 -0.285 -0.127 -0.548 -0.73 0 0 0
1.198 0.027 0.113 0.313 -0.281 -0.285 3.39 0.472 -0.046 -0.002 0 0 0
1.307 0.024 0.14 0.361 -0.124 -0.127 0.472 1.748 0.042 0.107 0 0 0
-0.781 0.002 -0.14 -0.282 -0.548 -0.548 -0.046 0.042 8.9 -0.436 0 0 0
-0.856 0.006 -0.166 -0.323 -0.729 -0.73 -0.002 0.107 -0.436 7.99 0 0 0
0 0 0 0 0 0 0 0 0 0 49.655 -5.721 0.25
0 0 0 0 0 0 0 0 0 0 -5.721 48.455 0.08
0 0 0 0 0 0 0 0 0 0 0.25 0.08 6.889

 Mean vectors and covariance matrices before rotation --- 2th cluster >>

 mean vector (mu'=Q*mu)>>
8.702 0 0 0 0 0 0 0 0 0 0.383 1.764 1.576

 covariance matrix (Sigma'=Q*Sigma*t(Q))>>

4.336 0.181 -0.622 -0.589 0.778 -1.055 -0.623 0.354 1.224 0.594 0 0 0
0.181 3.59 -0.042 0.022 0.36 -0.041 0.125 0.103 0.341 0.188 0 0 0
-0.622 -0.042 9.336 -0.163 -0.118 -0.224 -0.26 -0.001 0.008 -0.015 0 0 0
-0.589 0.022 -0.163 6.576 0.116 -0.286 -0.212 0.07 0.247 0.114 0 0 0
0.778 0.36 -0.118 0.116 4.442 -0.087 0.495 0.357 1.18 0.655 0 0 0
-1.055 -0.041 -0.224 -0.286 -0.087 7.789 -0.424 0.033 0.132 0.038 0 0 0
-0.623 0.125 -0.26 -0.212 0.495 -0.424 5.565 0.192 0.654 0.33 0 0 0
0.354 0.103 -0.001 0.07 0.357 0.033 0.192 1.519 0.301 0.172 0 0 0
1.224 0.341 0.008 0.247 1.18 0.132 0.654 0.301 2.117 0.564 0 0 0
0.594 0.188 -0.015 0.114 0.655 0.038 0.33 0.172 0.564 2.241 0 0 0
0 0 0 0 0 0 0 0 0 0 49.655 -5.721 0.25
0 0 0 0 0 0 0 0 0 0 -5.721 48.455 0.08
0 0 0 0 0 0 0 0 0 0 0.25 0.08 6.889

 Mean vectors and covariance matrices before rotation --- 3th cluster >>

 mean vector (mu'=Q*mu)>>
0 15.072 0 0 0 0 0 0 0 0 0.383 1.764 1.576

 covariance matrix (Sigma'=Q*Sigma*t(Q))>>

3.605 -0.948 -0.834 -0.122 1.724 0.27 -0.172 0.667 0.596 0.026 0 0 0
-0.948 6.193 -0.271 -0.039 0.58 0.097 -0.055 0.227 0.205 0.01 0 0 0
-0.834 -0.271 8.693 -0.027 0.072 -0.086 -0.058 -0.012 -0.042 -0.01 0 0 0
-0.122 -0.039 -0.027 8.272 0.019 -0.009 -0.008 0.003 -0.002 -0.001 0 0 0
1.724 0.58 0.072 0.019 2.887 0.973 0.169 1.004 1.116 0.106 0 0 0
0.27 0.097 -0.086 -0.009 0.973 3.999 0.042 0.485 0.519 0.045 0 0 0
-0.172 -0.055 -0.058 -0.008 0.169 0.042 5.9 0.072 0.069 0.004 0 0 0
0.667 0.227 -0.012 0.003 1.004 0.485 0.072 2.759 0.572 0.053 0 0 0
0.596 0.205 -0.042 -0.002 1.116 0.519 0.069 0.572 3.371 0.056 0 0 0
0.026 0.01 -0.01 -0.001 0.106 0.045 0.004 0.053 0.056 3.667 0 0 0
0 0 0 0 0 0 0 0 0 0 49.655 -5.721 0.25
0 0 0 0 0 0 0 0 0 0 -5.721 48.455 0.08
0 0 0 0 0 0 0 0 0 0 0.25 0.08 6.889

 Final eigenvalues for each cluster >> 
 (rows correspond to clusters)
54.808 43.304 12.472 12.396 9.238 8.545 6.887 6.167 5.673 5.159 2.894 1.397 1.32
54.808 43.304 9.452 8.206 6.887 6.749 6.236 5.733 3.489 3.164 1.921 1.427 1.134
54.808 43.304 8.869 8.276 6.887 6.562 6.497 5.909 3.662 3.581 2.75 2.237 1.004

 *************************************************

 ********************* rotation ******************

 *************************************************


 The orthogonal matrix Q >>
0.388 0.383 0.283 0.365 0.323 0.17 0.093 0.323 0.265 0.416
0.383 -0.894 0.078 0.101 0.089 0.047 0.026 0.089 0.073 0.115
0.283 0.078 -0.942 0.075 0.066 0.035 0.019 0.066 0.054 0.085
0.365 0.101 0.075 -0.904 0.085 0.045 0.025 0.085 0.07 0.109
0.323 0.089 0.066 0.085 -0.925 0.04 0.022 0.075 0.062 0.097
0.17 0.047 0.035 0.045 0.04 -0.979 0.011 0.04 0.033 0.051
0.093 0.026 0.019 0.025 0.022 0.011 -0.994 0.022 0.018 0.028
0.323 0.089 0.066 0.085 0.075 0.04 0.022 -0.925 0.062 0.097
0.265 0.073 0.054 0.07 0.062 0.033 0.018 0.062 -0.949 0.079
0.416 0.115 0.085 0.109 0.097 0.051 0.028 0.097 0.079 -0.876

 Mean vectors and covariance matrices after rotation --- 1th cluster >>

 mean vector (mu'=Q*mu)>>
-2.305 0.383 -3.617 -2.807 -3.334 -0.81 -2.814 -3.179 -2.463 1.764 1.576 -1.484 -3.374

 covariance matrix (Sigma'=Q*Sigma*t(Q))>>

9.184 0 -0.076 -0.097 0.478 -0.308 0.053 -0.106 0.004 0 0 0.025 -0.238
0 49.655 0 0 0 0 0 0 0 -5.721 0.25 0 0
-0.076 0 8.421 -0.126 0.629 -0.442 0.021 -0.164 -0.03 0 0 0.114 -0.453
-0.097 0 -0.126 12.272 0.724 -0.562 0.018 -0.241 0.007 0 0 -0.036 -0.588
0.478 0 0.629 0.724 2.18 -0.328 0.12 0.365 0.287 0 0 0.863 1.199
-0.308 0 -0.442 -0.562 -0.328 3.171 0.035 -0.123 -0.222 0 0 -0.316 -0.504
0.053 0 0.021 0.018 0.12 0.035 1.353 0.114 -0.042 0 0 0.356 0.213
-0.106 0 -0.164 -0.241 0.365 -0.123 0.114 5.63 -0.055 0 0 0.048 -0.118
0.004 0 -0.03 0.007 0.287 -0.222 -0.042 -0.055 6.128 0 0 0.228 -0.234
0 -5.721 0 0 0 0 0 0 0 48.455 0.08 0 0
0 0.25 0 0 0 0 0 0 0 0.08 6.889 0 0
0.025 0 0.114 -0.036 0.863 -0.316 0.356 0.048 0.228 0 0 12.292 0.583
-0.238 0 -0.453 -0.588 1.199 -0.504 0.213 -0.118 -0.234 0 0 0.583 4.63

 Mean vectors and covariance matrices after rotation --- 2th cluster >>

 mean vector (mu'=Q*mu)>>
2.305 0.383 3.617 2.807 3.334 0.81 2.814 3.179 2.463 1.764 1.576 1.484 3.374

 covariance matrix (Sigma'=Q*Sigma*t(Q))>>

1.375 0 -0.061 0.391 -0.199 0.611 -0.097 -0.228 -0.422 0 0 0.12 -0.607
0 49.655 0 0 0 0 0 0 0 -5.721 0.25 0 0
-0.061 0 2.106 0.074 0.121 0.452 0.206 0.111 -0.113 0 0 0.365 0.547
0.391 0 0.074 3.621 -0.131 0.483 0.013 -0.305 -0.519 0 0 -0.029 -0.851
-0.199 0 0.121 -0.131 3.581 0.25 0.18 0.07 -0.093 0 0 0.284 0.33
0.611 0 0.452 0.483 0.25 5.627 0.318 -0.079 -0.178 0 0 -0.288 -0.124
-0.097 0 0.206 0.013 0.18 0.318 1.654 0.191 0.018 0 0 0.345 0.784
-0.228 0 0.111 -0.305 0.07 -0.079 0.191 6.675 -0.171 0 0 0.049 -0.244
-0.422 0 -0.113 -0.519 -0.093 -0.178 0.018 -0.171 9.265 0 0 -0.004 -0.673
0 -5.721 0 0 0 0 0 0 0 48.455 0.08 0 0
0 0.25 0 0 0 0 0 0 0 0.08 6.889 0 0
0.12 0 0.365 -0.029 0.284 -0.288 0.345 0.049 -0.004 0 0 8.08 0.202
-0.607 0 0.547 -0.851 0.33 -0.124 0.784 -0.244 -0.673 0 0 0.202 5.526

 Mean vectors and covariance matrices after rotation --- 3th cluster >>

 mean vector (mu'=Q*mu)>>
1.102 0.383 1.73 1.343 -13.478 0.388 1.346 1.52 1.178 1.764 1.576 0.71 5.775

 covariance matrix (Sigma'=Q*Sigma*t(Q))>>

2.915 0 -0.238 0.286 -0.026 0.002 0.11 -0.527 -0.254 0 0 0.202 -0.362
0 49.655 0 0 0 0 0 0 0 -5.721 0.25 0 0
-0.238 0 3.866 -0.683 0.257 0.046 -0.157 -0.244 0.108 0 0 -0.18 0.731
0.286 0 -0.683 1.542 -0.098 -0.01 0.108 -0.999 -0.479 0 0 0.411 -0.879
-0.026 0 0.257 -0.098 6.479 -0.002 0.083 -0.208 -0.12 0 0 -0.085 -0.087
0.002 0 0.046 -0.01 -0.002 5.909 0.023 -0.065 -0.034 0 0 -0.009 -0.023
0.11 0 -0.157 0.108 0.083 0.023 2.312 -0.507 -0.168 0 0 0.16 -0.001
-0.527 0 -0.244 -0.999 -0.208 -0.065 -0.507 7.691 -0.208 0 0 -0.379 -0.899
-0.254 0 0.108 -0.479 -0.12 -0.034 -0.168 -0.208 8.761 0 0 -0.247 -0.413
0 -5.721 0 0 0 0 0 0 0 48.455 0.08 0 0
0 0.25 0 0 0 0 0 0 0 0.08 6.889 0 0
0.202 0 -0.18 0.411 -0.085 -0.009 0.16 -0.379 -0.247 0 0 3.78 -0.467
-0.362 0 0.731 -0.879 -0.087 -0.023 -0.001 -0.899 -0.413 0 0 -0.467 6.089

 Final eigenvalues for each cluster >> 
 (rows correspond to clusters)
54.808 43.304 12.472 12.396 9.238 8.545 6.887 6.167 5.673 5.159 2.894 1.397 1.32
54.808 43.304 9.452 8.206 6.887 6.749 6.236 5.733 3.489 3.164 1.921 1.427 1.134
54.808 43.304 8.869 8.276 6.887 6.562 6.497 5.909 3.662 3.581 2.75 2.237 1.004

 theoretical Separation index matrix >>

-1 0.34 0.412
0.34 -1 0.34
0.412 0.34 -1

 theoretical projection directions >>

**** cluster 1 and 2
0.25 0 0.304 0.199 0.354 0.08 0.71 0.247 0.188 0 0 0.007 0.27

**** cluster 1 and 3
0.148 0 0.217 0.191 -0.639 0.099 0.446 0.219 0.14 0 0 0.057 0.455

**** cluster 2 and 3
-0.201 0 -0.167 -0.168 -0.923 0.036 -0.162 -0.089 -0.061 0 0 0.005 0.108

 empirical Separation index matrix (alpha= 0.05 )>>

-1 0.417 0.352
0.417 -1 0.461
0.352 0.461 -1

 empirical projection directions >>

**** cluster 1 and 2
-0.3 -0.026 -0.314 -0.252 -0.092 0.018 -0.731 -0.162 -0.288 0.006 0.109 0.065 -0.28

**** cluster 1 and 3
0.244 -0.034 -0.219 -0.213 -0.895 -0.04 0.039 -0.011 -0.106 -0.088 0.09 0.018 0.122

**** cluster 2 and 3
0.219 -0.015 0.198 0.189 -0.612 0.133 0.484 0.285 0.022 -0.05 -0.077 -0.041 0.399
