
 Log information for the data set datasetJLG2v5nv3out0_2.dat >>

 alpha = 0.05 sepVal = 0.01

 Number of clusters >> 2

 cluster sizes >>
50 50

 Number of data points >> 100

 Number of dimensions >> 8

 Number of noisy dimensions >> 3

 noisy variables >>
4 5 7

 Number of outliers >> 0

 initial eigenvalues for each cluster >> 
 (rows correspond to clusters)
4.804 8.807 7.386 6.495 3.627
1.825 9.79 8.989 1.781 4.203

 Mean vectors and covariance matrices before rotation --- 1th cluster >>

 mean vector (mu'=Q*mu)>>
-4.833 0 0 0 0 0 0 0

 covariance matrix (Sigma'=Q*Sigma*t(Q))>>

6.43 -1.179 -0.848 -0.268 0.452 0 0 0
-1.179 8.113 -0.76 -0.473 -0.092 0 0 0
-0.848 -0.76 6.606 -0.453 -0.027 0 0 0
-0.268 -0.473 -0.453 6.251 0.027 0 0 0
0.452 -0.092 -0.027 0.027 3.717 0 0 0
0 0 0 0 0 22.154 -4.399 0.063
0 0 0 0 0 -4.399 13.037 -0.004
0 0 0 0 0 0.063 -0.004 7.543

 Mean vectors and covariance matrices before rotation --- 2th cluster >>

 mean vector (mu'=Q*mu)>>
4.833 0 0 0 0 0 0 0

 covariance matrix (Sigma'=Q*Sigma*t(Q))>>

6.398 -0.631 -1.759 0.965 1.482 0 0 0
-0.631 9.412 -1.276 -0.13 -0.729 0 0 0
-1.759 -1.276 4.703 -0.362 -2.285 0 0 0
0.965 -0.13 -0.362 1.985 0.316 0 0 0
1.482 -0.729 -2.285 0.316 4.09 0 0 0
0 0 0 0 0 22.154 -4.399 0.063
0 0 0 0 0 -4.399 13.037 -0.004
0 0 0 0 0 0.063 -0.004 7.543

 Final eigenvalues for each cluster >> 
 (rows correspond to clusters)
23.931 11.261 8.807 7.543 7.386 6.495 4.804 3.627
23.931 11.261 9.79 8.989 7.543 4.203 1.825 1.781

 *************************************************

 ********************* rotation ******************

 *************************************************


 The orthogonal matrix Q >>
0.99 0.075 0.091 0.053 0.057
0.075 -0.997 0.003 0.002 0.002
0.091 0.003 -0.996 0.002 0.003
0.053 0.002 0.002 -0.999 0.002
0.057 0.002 0.003 0.002 -0.998

 Mean vectors and covariance matrices after rotation --- 1th cluster >>

 mean vector (mu'=Q*mu)>>
-0.438 -0.275 -0.363 0 0 -0.256 0 -4.785

 covariance matrix (Sigma'=Q*Sigma*t(Q))>>

6.765 -0.011 -0.589 0 0 -0.379 0 0.885
-0.011 3.675 -0.055 0 0 0.025 0 -0.299
-0.589 -0.055 8.288 0 0 -0.389 0 1.122
0 0 0 7.543 -0.004 0 0.063 0
0 0 0 -0.004 13.037 0 -4.399 0
-0.379 0.025 -0.389 0 0 6.284 0 0.338
0 0 0 0.063 -4.399 0 22.154 0
0.885 -0.299 1.122 0 0 0.338 0 6.108

 Mean vectors and covariance matrices after rotation --- 2th cluster >>

 mean vector (mu'=Q*mu)>>
0.438 0.275 0.363 0 0 0.256 0 4.785

 covariance matrix (Sigma'=Q*Sigma*t(Q))>>

5.057 -2.291 -1.076 0 0 -0.334 0 2.128
-2.291 3.943 -0.793 0 0 0.2 0 -1.099
-1.076 -0.793 9.502 0 0 -0.162 0 0.552
0 0 0 7.543 -0.004 0 0.063 0
0 0 0 -0.004 13.037 0 -4.399 0
-0.334 0.2 -0.162 0 0 1.896 0 -0.705
0 0 0 0.063 -4.399 0 22.154 0
2.128 -1.099 0.552 0 0 -0.705 0 6.189

 Final eigenvalues for each cluster >> 
 (rows correspond to clusters)
23.931 11.261 8.807 7.543 7.386 6.495 4.804 3.627
23.931 11.261 9.79 8.989 7.543 4.203 1.825 1.781

 theoretical Separation index matrix >>

-1 0.01
0.01 -1

 theoretical projection directions >>

**** cluster 1 and 2
-0.119 0.218 -0.04 0 0 0.102 0 0.962

 empirical Separation index matrix (alpha= 0.05 )>>

-1 0.1
0.1 -1

 empirical projection directions >>

**** cluster 1 and 2
-0.339 0.009 -0.021 0.081 0.021 0.15 -0.013 0.925
