
 Log information for the data set datasetJHG2v2nv10out0_3.dat >>

 alpha = 0.05 sepVal = 0.34

 Number of clusters >> 2

 cluster sizes >>
50 50

 Number of data points >> 100

 Number of dimensions >> 12

 Number of noisy dimensions >> 10

 noisy variables >>
2 3 4 6 7 8 9 10 11 12

 Number of outliers >> 0

 initial eigenvalues for each cluster >> 
 (rows correspond to clusters)
8.311 5.857
6.994 4.295

 Mean vectors and covariance matrices before rotation --- 1th cluster >>

 mean vector (mu'=Q*mu)>>
-8.962 0 0 0 0 0 0 0 0 0 0 0

 covariance matrix (Sigma'=Q*Sigma*t(Q))>>

5.883 0.249 0 0 0 0 0 0 0 0 0 0
0.249 8.286 0 0 0 0 0 0 0 0 0 0
0 0 47.313 -2.99 -11.79 -2.529 -4.47 -1.036 7.263 3.256 -4.257 -0.567
0 0 -2.99 46.434 -7.363 -2.056 -6.585 -0.83 -3.601 -0.103 -4.285 -1.501
0 0 -11.79 -7.363 69.361 -2.745 -9.717 -1.105 -7.778 -0.996 -5.981 -2.33
0 0 -2.529 -2.056 -2.745 64.071 -2.725 -0.323 -1.922 -0.19 -1.713 -0.641
0 0 -4.47 -6.585 -9.717 -2.725 43.767 -1.1 -4.967 -0.192 -5.698 -2.012
0 0 -1.036 -0.83 -1.105 -0.323 -1.1 65.26 -0.781 -0.079 -0.691 -0.259
0 0 7.263 -3.601 -7.778 -1.922 -4.967 -0.781 31.601 1.012 -3.674 -0.984
0 0 3.256 -0.103 -0.996 -0.19 -0.192 -0.079 1.012 15.576 -0.28 0.008
0 0 -4.257 -4.285 -5.981 -1.713 -5.698 -0.691 -3.674 -0.28 55.129 -1.325
0 0 -0.567 -1.501 -2.33 -0.641 -2.012 -0.259 -0.984 0.008 -1.325 47.544

 Mean vectors and covariance matrices before rotation --- 2th cluster >>

 mean vector (mu'=Q*mu)>>
8.962 0 0 0 0 0 0 0 0 0 0 0

 covariance matrix (Sigma'=Q*Sigma*t(Q))>>

4.346 0.367 0 0 0 0 0 0 0 0 0 0
0.367 6.943 0 0 0 0 0 0 0 0 0 0
0 0 47.313 -2.99 -11.79 -2.529 -4.47 -1.036 7.263 3.256 -4.257 -0.567
0 0 -2.99 46.434 -7.363 -2.056 -6.585 -0.83 -3.601 -0.103 -4.285 -1.501
0 0 -11.79 -7.363 69.361 -2.745 -9.717 -1.105 -7.778 -0.996 -5.981 -2.33
0 0 -2.529 -2.056 -2.745 64.071 -2.725 -0.323 -1.922 -0.19 -1.713 -0.641
0 0 -4.47 -6.585 -9.717 -2.725 43.767 -1.1 -4.967 -0.192 -5.698 -2.012
0 0 -1.036 -0.83 -1.105 -0.323 -1.1 65.26 -0.781 -0.079 -0.691 -0.259
0 0 7.263 -3.601 -7.778 -1.922 -4.967 -0.781 31.601 1.012 -3.674 -0.984
0 0 3.256 -0.103 -0.996 -0.19 -0.192 -0.079 1.012 15.576 -0.28 0.008
0 0 -4.257 -4.285 -5.981 -1.713 -5.698 -0.691 -3.674 -0.28 55.129 -1.325
0 0 -0.567 -1.501 -2.33 -0.641 -2.012 -0.259 -0.984 0.008 -1.325 47.544

 Final eigenvalues for each cluster >> 
 (rows correspond to clusters)
78.501 65.39 64.871 58.759 52.557 51.363 47.997 31.137 20.282 15.197 8.311 5.857
78.501 65.39 64.871 58.759 52.557 51.363 47.997 31.137 20.282 15.197 6.994 4.295

 *************************************************

 ********************* rotation ******************

 *************************************************


 The orthogonal matrix Q >>
0.582 0.813
0.813 -0.582

 Mean vectors and covariance matrices after rotation --- 1th cluster >>

 mean vector (mu'=Q*mu)>>
-7.285 0 0 0 -5.22 0 0 0 0 0 0 0

 covariance matrix (Sigma'=Q*Sigma*t(Q))>>

6.463 0 0 0 -1.058 0 0 0 0 0 0 0
0 64.071 -2.725 -2.745 0 -1.713 -2.056 -0.323 -2.529 -0.641 -1.922 -0.19
0 -2.725 43.767 -9.717 0 -5.698 -6.585 -1.1 -4.47 -2.012 -4.967 -0.192
0 -2.745 -9.717 69.361 0 -5.981 -7.363 -1.105 -11.79 -2.33 -7.778 -0.996
-1.058 0 0 0 7.706 0 0 0 0 0 0 0
0 -1.713 -5.698 -5.981 0 55.129 -4.285 -0.691 -4.257 -1.325 -3.674 -0.28
0 -2.056 -6.585 -7.363 0 -4.285 46.434 -0.83 -2.99 -1.501 -3.601 -0.103
0 -0.323 -1.1 -1.105 0 -0.691 -0.83 65.26 -1.036 -0.259 -0.781 -0.079
0 -2.529 -4.47 -11.79 0 -4.257 -2.99 -1.036 47.313 -0.567 7.263 3.256
0 -0.641 -2.012 -2.33 0 -1.325 -1.501 -0.259 -0.567 47.544 -0.984 0.008
0 -1.922 -4.967 -7.778 0 -3.674 -3.601 -0.781 7.263 -0.984 31.601 1.012
0 -0.19 -0.192 -0.996 0 -0.28 -0.103 -0.079 3.256 0.008 1.012 15.576

 Mean vectors and covariance matrices after rotation --- 2th cluster >>

 mean vector (mu'=Q*mu)>>
7.285 0 0 0 5.22 0 0 0 0 0 0 0

 covariance matrix (Sigma'=Q*Sigma*t(Q))>>

4.88 0 0 0 -1.111 0 0 0 0 0 0 0
0 64.071 -2.725 -2.745 0 -1.713 -2.056 -0.323 -2.529 -0.641 -1.922 -0.19
0 -2.725 43.767 -9.717 0 -5.698 -6.585 -1.1 -4.47 -2.012 -4.967 -0.192
0 -2.745 -9.717 69.361 0 -5.981 -7.363 -1.105 -11.79 -2.33 -7.778 -0.996
-1.111 0 0 0 6.409 0 0 0 0 0 0 0
0 -1.713 -5.698 -5.981 0 55.129 -4.285 -0.691 -4.257 -1.325 -3.674 -0.28
0 -2.056 -6.585 -7.363 0 -4.285 46.434 -0.83 -2.99 -1.501 -3.601 -0.103
0 -0.323 -1.1 -1.105 0 -0.691 -0.83 65.26 -1.036 -0.259 -0.781 -0.079
0 -2.529 -4.47 -11.79 0 -4.257 -2.99 -1.036 47.313 -0.567 7.263 3.256
0 -0.641 -2.012 -2.33 0 -1.325 -1.501 -0.259 -0.567 47.544 -0.984 0.008
0 -1.922 -4.967 -7.778 0 -3.674 -3.601 -0.781 7.263 -0.984 31.601 1.012
0 -0.19 -0.192 -0.996 0 -0.28 -0.103 -0.079 3.256 0.008 1.012 15.576

 Final eigenvalues for each cluster >> 
 (rows correspond to clusters)
78.501 65.39 64.871 58.759 52.557 51.363 47.997 31.137 20.282 15.197 8.311 5.857
78.501 65.39 64.871 58.759 52.557 51.363 47.997 31.137 20.282 15.197 6.994 4.295

 theoretical Separation index matrix >>

-1 0.34
0.34 -1

 theoretical projection directions >>

**** cluster 1 and 2
0.836 0 0 0 0.548 0 0 0 0 0 0 0

 empirical Separation index matrix (alpha= 0.05 )>>

-1 0.387
0.387 -1

 empirical projection directions >>

**** cluster 1 and 2
0.862 0.011 0.103 0.008 0.483 0.041 -0.028 0.025 0.02 -0.047 -0.029 0.082
