
 Log information for the data set datasetJMG3v10nv1out0_2.dat >>

 alpha = 0.05 sepVal = 0.21

 Number of clusters >> 3

 cluster sizes >>
50 50 50

 Number of data points >> 150

 Number of dimensions >> 11

 Number of noisy dimensions >> 1

 noisy variables >>
6

 Number of outliers >> 0

 initial eigenvalues for each cluster >> 
 (rows correspond to clusters)
4.221 8.017 4.316 6.21 9.403 3.042 1.247 4.026 5.141 7.662
6.816 6.538 8.94 8.858 9.55 5.475 5.482 9.485 5.039 4.713
9.668 3.245 9.666 4.264 9.228 6.854 5.603 7.041 5.586 3.684

 Mean vectors and covariance matrices before rotation --- 1th cluster >>

 mean vector (mu'=Q*mu)>>
-7.204 0 0 0 0 0 0 0 0 0 2.298

 covariance matrix (Sigma'=Q*Sigma*t(Q))>>

5.633 -0.759 0.034 -0.379 -1.984 0.798 1.306 0.031 0.017 -0.444 0
-0.759 7.685 -0.021 -0.335 -0.703 -0.113 0.01 -0.013 -0.204 -0.21 0
0.034 -0.021 4.317 -0.011 -0.054 0.02 0.034 0.001 0 -0.012 0
-0.379 -0.335 -0.011 5.919 -0.757 0.016 0.168 -0.006 -0.147 -0.208 0
-1.984 -0.703 -0.054 -0.757 7.956 -0.366 -0.133 -0.035 -0.491 -0.45 0
0.798 -0.113 0.02 0.016 -0.366 3.358 0.434 0.016 0.093 -0.059 0
1.306 0.01 0.034 0.168 -0.133 0.434 1.771 0.025 0.203 0.021 0
0.031 -0.013 0.001 -0.006 -0.035 0.016 0.025 4.027 0.001 -0.008 0
0.017 -0.204 0 -0.147 -0.491 0.093 0.203 0.001 5.09 -0.124 0
-0.444 -0.21 -0.012 -0.208 -0.45 -0.059 0.021 -0.008 -0.124 7.529 0
0 0 0 0 0 0 0 0 0 0 32.491

 Mean vectors and covariance matrices before rotation --- 2th cluster >>

 mean vector (mu'=Q*mu)>>
7.204 0 0 0 0 0 0 0 0 0 2.298

 covariance matrix (Sigma'=Q*Sigma*t(Q))>>

7.361 0.353 -0.377 -0.369 -1.215 0.068 0.583 -0.22 0.735 0.033 0
0.353 6.728 -0.121 -0.117 -0.409 0.03 0.259 -0.074 0.317 0.014 0
-0.377 -0.121 8.803 -0.137 -0.376 -0.002 -0.021 -0.069 0.003 0.001 0
-0.369 -0.117 -0.137 8.72 -0.38 -0.002 -0.017 -0.07 0.008 0.001 0
-1.215 -0.409 -0.376 -0.38 8.532 -0.015 -0.129 -0.187 -0.072 -0.001 0
0.068 0.03 -0.002 -0.002 -0.015 5.479 0.03 -0.003 0.034 0.001 0
0.583 0.259 -0.021 -0.017 -0.129 0.03 5.738 -0.022 0.294 0.012 0
-0.22 -0.074 -0.069 -0.07 -0.187 -0.003 -0.022 9.451 -0.012 0 0
0.735 0.317 0.003 0.008 -0.072 0.034 0.294 -0.012 5.371 0.014 0
0.033 0.014 0.001 0.001 -0.001 0.001 0.012 0 0.014 4.714 0
0 0 0 0 0 0 0 0 0 0 32.491

 Mean vectors and covariance matrices before rotation --- 3th cluster >>

 mean vector (mu'=Q*mu)>>
0 12.478 0 0 0 0 0 0 0 0 2.298

 covariance matrix (Sigma'=Q*Sigma*t(Q))>>

7.734 0.569 -0.812 1.482 -0.87 0.008 0.96 0.043 0.143 1.638 0
0.569 4.099 0.114 0.43 0.164 0.017 0.445 0.23 0.066 0.421 0
-0.812 0.114 11.641 0.296 -0.173 0.002 0.192 0.009 0.029 0.327 0
1.482 0.43 0.296 6.557 0.442 0.051 1.367 0.683 0.202 1.329 0
-0.87 0.164 -0.173 0.442 11.091 0.005 0.319 0.056 0.048 0.478 0
0.008 0.017 0.002 0.051 0.005 8.371 0.047 0.02 0.007 0.052 0
0.96 0.445 0.192 1.367 0.319 0.047 8.176 0.625 0.198 1.364 0
0.043 0.23 0.009 0.683 0.056 0.02 0.625 8.856 0.093 0.695 0
0.143 0.066 0.029 0.202 0.048 0.007 0.198 0.093 6.851 0.202 0
1.638 0.421 0.327 1.329 0.478 0.052 1.364 0.695 0.202 5.803 0
0 0 0 0 0 0 0 0 0 0 32.491

 Final eigenvalues for each cluster >> 
 (rows correspond to clusters)
32.491 9.403 8.017 7.662 6.21 5.141 4.316 4.221 4.026 3.042 1.247
32.491 9.55 9.485 8.94 8.858 6.816 6.538 5.482 5.476 5.039 4.713
32.491 11.806 11.803 11.269 8.598 8.37 6.842 6.822 5.207 4.499 3.963

 *************************************************

 ********************* rotation ******************

 *************************************************


 The orthogonal matrix Q >>
0.532 0.489 0.057 0.393 0.095 0.182 0.522 0.017 0.057 0.047
0.489 -0.844 0.018 0.126 0.03 0.058 0.167 0.005 0.018 0.015
0.057 0.018 -0.998 0.015 0.004 0.007 0.02 0.001 0.002 0.002
0.393 0.126 0.015 -0.899 0.024 0.047 0.134 0.004 0.015 0.012
0.095 0.03 0.004 0.024 -0.994 0.011 0.032 0.001 0.004 0.003
0.182 0.058 0.007 0.047 0.011 -0.978 0.062 0.002 0.007 0.006
0.522 0.167 0.02 0.134 0.032 0.062 -0.822 0.006 0.02 0.016
0.017 0.005 0.001 0.004 0.001 0.002 0.006 -1 0.001 0.001
0.057 0.018 0.002 0.015 0.004 0.007 0.02 0.001 -0.998 0.002
0.047 0.015 0.002 0.012 0.003 0.006 0.016 0.001 0.002 -0.999

 Mean vectors and covariance matrices after rotation --- 1th cluster >>

 mean vector (mu'=Q*mu)>>
-0.413 -3.759 -2.835 -1.31 -0.342 2.298 -0.12 -3.831 -0.681 -3.523 -0.413

 covariance matrix (Sigma'=Q*Sigma*t(Q))>>

4.318 0.031 0.014 -0.015 0.019 0 0 0.036 0.083 -0.004 0.003
0.031 1.627 0.31 0.075 0.293 0 0.014 0.987 1.093 0.054 0.224
0.014 0.31 6.215 -0.167 0.02 0 -0.006 0.116 0.212 -0.067 -0.104
-0.015 0.075 -0.167 3.125 0.007 0 0.002 -0.221 0.006 -0.387 0.066
0.019 0.293 0.02 0.007 7.58 0 0 0.364 -0.287 0.061 -0.091
0 0 0 0 0 32.491 0 0 0 0 0
0 0.014 -0.006 0.002 0 0 4.027 0 0.003 -0.018 0.001
0.036 0.987 0.116 -0.221 0.364 0 0 4.999 1.633 -0.533 0.089
0.083 1.093 0.212 0.006 -0.287 0 0.003 1.633 8.405 0.478 -0.349
-0.004 0.054 -0.067 -0.387 0.061 0 -0.018 -0.533 0.478 7.894 -0.165
0.003 0.224 -0.104 0.066 -0.091 0 0.001 0.089 -0.349 -0.165 5.096

 Mean vectors and covariance matrices after rotation --- 2th cluster >>

 mean vector (mu'=Q*mu)>>
0.413 3.759 2.835 1.31 0.342 2.298 0.12 3.831 0.681 3.523 0.413

 covariance matrix (Sigma'=Q*Sigma*t(Q))>>

8.853 0.2 0.04 0.085 0.024 0 -0.047 0.282 -0.253 0.081 -0.021
0.2 5.659 0.016 0.094 0.031 0 0.113 0.44 0.617 0.139 -0.159
0.04 0.016 8.816 0.079 0.024 0 0.036 -0.203 0.199 -0.12 -0.324
0.085 0.094 0.079 5.533 0.016 0 0.048 0.288 0.262 0.074 -0.114
0.024 0.031 0.024 0.016 4.718 0 0.013 0.097 0.071 0.028 -0.024
0 0 0 0 0 32.491 0 0 0 0 0
-0.047 0.113 0.036 0.048 0.013 0 9.459 0.182 -0.139 0.052 -0.011
0.282 0.44 -0.203 0.288 0.097 0 0.182 7.209 0.99 0.086 -0.585
-0.253 0.617 0.199 0.262 0.071 0 -0.139 0.99 8.805 0.281 -0.071
0.081 0.139 -0.12 0.074 0.028 0 0.052 0.086 0.281 6.573 -0.112
-0.021 -0.159 -0.324 -0.114 -0.024 0 -0.011 -0.585 -0.071 -0.112 5.273

 Mean vectors and covariance matrices after rotation --- 3th cluster >>

 mean vector (mu'=Q*mu)>>
0.228 2.079 1.567 0.725 0.189 2.298 0.066 6.102 0.377 -10.53 0.228

 covariance matrix (Sigma'=Q*Sigma*t(Q))>>

11.703 0.406 0.422 0.103 0.207 0 -0.013 0.051 -0.095 0.422 0.048
0.406 6.926 0.108 -0.144 -0.017 0 0.327 -0.567 0.449 0.255 0.02
0.422 0.108 5.369 -0.203 0.26 0 0.449 -0.599 0.483 -0.01 0.034
0.103 -0.144 -0.203 8.39 -0.407 0 -0.076 0.194 0.095 0.18 -0.028
0.207 -0.017 0.26 -0.407 5.562 0 0.628 -2.219 0.26 -0.784 0.047
0 0 0 0 0 32.491 0 0 0 0 0
-0.013 0.327 0.449 -0.076 0.628 0 8.838 -0.763 0.013 -0.018 0.059
0.051 -0.567 -0.599 0.194 -2.219 0 -0.763 9.543 -0.1 2.021 -0.142
-0.095 0.449 0.483 0.095 0.26 0 0.013 -0.1 11.179 0.464 0.055
0.422 0.255 -0.01 0.18 -0.784 0 -0.018 2.021 0.464 4.841 0.007
0.048 0.02 0.034 -0.028 0.047 0 0.059 -0.142 0.055 0.007 6.827

 Final eigenvalues for each cluster >> 
 (rows correspond to clusters)
32.491 9.403 8.017 7.662 6.21 5.141 4.316 4.221 4.026 3.042 1.247
32.491 9.55 9.485 8.94 8.858 6.816 6.538 5.482 5.476 5.039 4.713
32.491 11.806 11.803 11.269 8.598 8.37 6.842 6.822 5.207 4.499 3.963

 theoretical Separation index matrix >>

-1 0.21 0.21
0.21 -1 0.226
0.21 0.226 -1

 theoretical projection directions >>

**** cluster 1 and 2
0.021 0.72 0.28 0.241 -0.003 0 -0.001 0.428 -0.108 0.378 0.085

**** cluster 1 and 3
0.017 0.503 0.308 0.145 0.079 0 0.018 0.598 -0.028 -0.515 0.029

**** cluster 2 and 3
0.02 -0.065 -0.064 -0.023 -0.041 0 0.013 0.22 0.024 -0.97 -0.008

 empirical Separation index matrix (alpha= 0.05 )>>

-1 0.286 0.193
0.286 -1 0.231
0.193 0.231 -1

 empirical projection directions >>

**** cluster 1 and 2
0.024 0.154 -0.147 -0.125 -0.045 0.004 0.1 0.13 0.018 -0.953 0.025

**** cluster 1 and 3
-0.086 -0.823 -0.228 -0.15 0.095 -0.013 0.02 -0.315 0.074 -0.318 -0.16

**** cluster 2 and 3
-0.087 -0.63 -0.311 -0.003 0.08 -0.007 -0.117 -0.365 0.06 0.543 -0.217
