
 Log information for the data set datasetJLG5v5nv3out0_1.dat >>

 alpha = 0.05 sepVal = 0.01

 Number of clusters >> 5

 cluster sizes >>
50 50 50 50 50

 Number of data points >> 250

 Number of dimensions >> 8

 Number of noisy dimensions >> 3

 noisy variables >>
1 6 7

 Number of outliers >> 0

 initial eigenvalues for each cluster >> 
 (rows correspond to clusters)
5.123 7.526 3.689 4.63 2.788
1.28 7.929 4.262 6.319 9.718
4.476 7.063 7.603 9.824 8.649
7.516 9.096 4.006 3.384 5.245
1.265 2.765 4.306 8.646 8.602

 Mean vectors and covariance matrices before rotation --- 1th cluster >>

 mean vector (mu'=Q*mu)>>
-5.296 0 0 0 0 3.026 1.395 2.938

 covariance matrix (Sigma'=Q*Sigma*t(Q))>>

7.502 -1.975 0.498 0.512 1.582 0 0 0
-1.975 8.591 -0.167 -0.941 0.002 0 0 0
0.498 -0.167 5.537 0.4 0.557 0 0 0
0.512 -0.941 0.4 7.26 1.151 0 0 0
1.582 0.002 0.557 1.151 5.389 0 0 0
0 0 0 0 0 10.241 -2.39 -2.087
0 0 0 0 0 -2.39 14.069 -0.876
0 0 0 0 0 -2.087 -0.876 16.224

 Mean vectors and covariance matrices before rotation --- 2th cluster >>

 mean vector (mu'=Q*mu)>>
5.296 0 0 0 0 3.026 1.395 2.938

 covariance matrix (Sigma'=Q*Sigma*t(Q))>>

7.216 -1.49 0.122 -0.21 -2.715 0 0 0
-1.49 5.721 -0.242 -0.706 -2.817 0 0 0
0.122 -0.242 4.247 -0.067 -0.343 0 0 0
-0.21 -0.706 -0.067 6.104 -0.931 0 0 0
-2.715 -2.817 -0.343 -0.931 6.22 0 0 0
0 0 0 0 0 10.241 -2.39 -2.087
0 0 0 0 0 -2.39 14.069 -0.876
0 0 0 0 0 -2.087 -0.876 16.224

 Mean vectors and covariance matrices before rotation --- 3th cluster >>

 mean vector (mu'=Q*mu)>>
0 9.173 0 0 0 3.026 1.395 2.938

 covariance matrix (Sigma'=Q*Sigma*t(Q))>>

8.729 0.175 0.619 -0.82 -0.024 0 0 0
0.175 7.05 -0.111 -0.281 -0.114 0 0 0
0.619 -0.111 6.789 -1.756 -0.753 0 0 0
-0.82 -0.281 -1.756 7.02 -1.352 0 0 0
-0.024 -0.114 -0.753 -1.352 8.028 0 0 0
0 0 0 0 0 10.241 -2.39 -2.087
0 0 0 0 0 -2.39 14.069 -0.876
0 0 0 0 0 -2.087 -0.876 16.224

 Mean vectors and covariance matrices before rotation --- 4th cluster >>

 mean vector (mu'=Q*mu)>>
0 3.058 8.648 0 0 3.026 1.395 2.938

 covariance matrix (Sigma'=Q*Sigma*t(Q))>>

11.43 -1.128 1.068 0.299 0.068 0 0 0
-1.128 12.477 0.19 0.059 0.008 0 0 0
1.068 0.19 6.053 0.06 0.018 0 0 0
0.299 0.059 0.06 4.935 0.005 0 0 0
0.068 0.008 0.018 0.005 7.627 0 0 0
0 0 0 0 0 10.241 -2.39 -2.087
0 0 0 0 0 -2.39 14.069 -0.876
0 0 0 0 0 -2.087 -0.876 16.224

 Mean vectors and covariance matrices before rotation --- 5th cluster >>

 mean vector (mu'=Q*mu)>>
0 3.058 2.162 8.374 0 3.026 1.395 2.938

 covariance matrix (Sigma'=Q*Sigma*t(Q))>>

5.92 0.22 -0.366 -4.209 -1.439 0 0 0
0.22 3.665 -0.293 -1.968 -0.674 0 0 0
-0.366 -0.293 6.166 -0.799 -0.274 0 0 0
-4.209 -1.968 -0.799 9.534 -1.081 0 0 0
-1.439 -0.674 -0.274 -1.081 12.248 0 0 0
0 0 0 0 0 10.241 -2.39 -2.087
0 0 0 0 0 -2.39 14.069 -0.876
0 0 0 0 0 -2.087 -0.876 16.224

 Final eigenvalues for each cluster >> 
 (rows correspond to clusters)
16.888 15.21 10.86 8.436 7.393 6.681 5.323 4.023
16.888 15.21 9.718 8.436 7.929 6.319 4.262 1.28
16.888 15.21 9.824 8.649 8.436 7.603 7.063 4.476
16.888 15.21 13.225 10.928 8.436 7.625 5.824 4.92
16.888 15.21 12.684 12.619 8.436 6.318 4.056 1.856

 *************************************************

 ********************* rotation ******************

 *************************************************


 The orthogonal matrix Q >>
0.374 0.531 0.619 0.441 0.033
0.531 -0.795 0.239 0.171 0.013
0.619 0.239 -0.721 0.199 0.015
0.441 0.171 0.199 -0.858 0.01
0.033 0.013 0.015 0.01 -0.999

 Mean vectors and covariance matrices after rotation --- 1th cluster >>

 mean vector (mu'=Q*mu)>>
3.026 -2.337 -0.173 -3.276 -2.813 2.938 1.395 -1.979

 covariance matrix (Sigma'=Q*Sigma*t(Q))>>

10.241 0 0 0 0 -2.087 -2.39 0
0 6.804 0.177 0.069 -0.49 0 0 -0.377
0 0.177 5.247 -0.787 -1.097 0 0 -1.413
0 0.069 -0.787 5.506 0.836 0 0 0.212
0 -0.49 -1.097 0.836 10.337 0 0 0.067
-2.087 0 0 0 0 16.224 -0.876 0
-2.39 0 0 0 0 -0.876 14.069 0
0 -0.377 -1.413 0.212 0.067 0 0 6.385

 Mean vectors and covariance matrices after rotation --- 2th cluster >>

 mean vector (mu'=Q*mu)>>
3.026 2.337 0.173 3.276 2.813 2.938 1.395 1.979

 covariance matrix (Sigma'=Q*Sigma*t(Q))>>

10.241 0 0 0 0 -2.087 -2.39 0
0 6.385 0.949 0.366 0.249 0 0 -0.271
0 0.949 6.497 2.297 -0.507 0 0 3.071
0 0.366 2.297 4.908 1.142 0 0 0.156
0 0.249 -0.507 1.142 7.612 0 0 0.355
-2.087 0 0 0 0 16.224 -0.876 0
-2.39 0 0 0 0 -0.876 14.069 0
0 -0.271 3.071 0.156 0.355 0 0 4.107

 Mean vectors and covariance matrices after rotation --- 3th cluster >>

 mean vector (mu'=Q*mu)>>
3.026 1.565 0.116 2.193 -7.29 2.938 1.395 4.872

 covariance matrix (Sigma'=Q*Sigma*t(Q))>>

10.241 0 0 0 0 -2.087 -2.39 0
0 8.794 -0.918 -0.303 0.906 0 0 1.508
0 -0.918 8.083 -0.22 0.339 0 0 1.093
0 -0.303 -0.22 7.375 0.307 0 0 0.662
0 0.906 0.339 0.307 7.336 0 0 0.022
-2.087 0 0 0 0 16.224 -0.876 0
-2.39 0 0 0 0 -0.876 14.069 0
0 1.508 1.093 0.662 0.022 0 0 6.028

 Mean vectors and covariance matrices after rotation --- 4th cluster >>

 mean vector (mu'=Q*mu)>>
3.026 2.24 0.166 -5.509 -0.362 2.938 1.395 6.973

 covariance matrix (Sigma'=Q*Sigma*t(Q))>>

10.241 0 0 0 0 -2.087 -2.39 0
0 6.23 0.048 1.357 0.968 0 0 1.882
0 0.048 7.626 0.041 0.012 0 0 0.022
0 1.357 0.041 7.145 0.841 0 0 1.672
0 0.968 0.012 0.841 12.79 0 0 -1.245
-2.087 0 0 0 0 16.224 -0.876 0
-2.39 0 0 0 0 -0.876 14.069 0
0 1.882 0.022 1.672 -1.245 0 0 8.732

 Mean vectors and covariance matrices after rotation --- 5th cluster >>

 mean vector (mu'=Q*mu)>>
3.026 -6.236 0.158 0.835 -0.485 2.938 1.395 6.656

 covariance matrix (Sigma'=Q*Sigma*t(Q))>>

10.241 0 0 0 0 -2.087 -2.39 0
0 12.516 -0.107 1.065 0.025 0 0 -0.042
0 -0.107 12.376 0.921 0.381 0 0 1.218
0 1.065 0.921 5.532 -0.287 0 0 -1.735
0 0.025 0.381 -0.287 4.143 0 0 0.267
-2.087 0 0 0 0 16.224 -0.876 0
-2.39 0 0 0 0 -0.876 14.069 0
0 -0.042 1.218 -1.735 0.267 0 0 2.967

 Final eigenvalues for each cluster >> 
 (rows correspond to clusters)
16.888 15.21 10.86 8.436 7.393 6.681 5.323 4.023
16.888 15.21 9.718 8.436 7.929 6.319 4.262 1.28
16.888 15.21 9.824 8.649 8.436 7.603 7.063 4.476
16.888 15.21 13.225 10.928 8.436 7.625 5.824 4.92
16.888 15.21 12.684 12.619 8.436 6.318 4.056 1.856

 theoretical Separation index matrix >>

-1 0.02 0.01 0.014 0.124
0.02 -1 0.01 0.059 0.019
0.01 0.01 -1 0.01 0.01
0.014 0.059 0.01 -1 0.023
0.124 0.019 0.01 0.023 -1

 theoretical projection directions >>

**** cluster 1 and 2
0 0.44 -0.158 0.689 0.278 0 0 0.479

**** cluster 1 and 3
0 0.306 0.088 0.563 -0.372 0 0 0.665

**** cluster 1 and 4
0 0.394 0.113 -0.4 0.201 0 0 0.795

**** cluster 1 and 5
0 -0.155 -0.023 0.459 0.096 0 0 0.869

**** cluster 2 and 3
0 -0.035 -0.152 -0.011 -0.87 0 0 0.468

**** cluster 2 and 4
0 0.047 0.022 -0.85 -0.063 0 0 0.52

**** cluster 2 and 5
0 -0.456 -0.173 0.016 -0.328 0 0 0.809

**** cluster 3 and 4
0 -0.037 -0.044 -0.777 0.514 0 0 0.36

**** cluster 3 and 5
0 -0.521 -0.086 -0.074 0.782 0 0 0.323

**** cluster 4 and 5
0 -0.674 -0.04 0.734 0.011 0 0 0.071

 empirical Separation index matrix (alpha= 0.05 )>>

-1 0.139 0.098 0.031 0.001
0.139 -1 0.066 0.192 0.037
0.098 0.066 -1 0.057 -0.034
0.031 0.192 0.057 -1 -0.013
0.001 0.037 -0.034 -0.013 -1

 empirical projection directions >>

**** cluster 1 and 2
0.144 -0.376 0.226 -0.611 -0.302 0.072 0.064 -0.559

**** cluster 1 and 3
-0.039 -0.056 -0.018 -0.806 -0.045 -0.008 0.026 0.585

**** cluster 1 and 4
-0.018 -0.436 -0.187 -0.016 -0.295 0.053 -0.007 0.828

**** cluster 1 and 5
-0.004 -0.08 -0.178 -0.221 -0.781 -0.022 0.078 0.544

**** cluster 2 and 3
-0.068 0.521 -0.04 -0.34 0.126 0.016 -0.023 0.768

**** cluster 2 and 4
-0.101 0.02 -0.045 0.426 0.104 0.032 0.022 0.891

**** cluster 2 and 5
0.062 0.254 0.094 0.437 -0.209 -0.058 -0.023 0.827

**** cluster 3 and 4
0.092 -0.703 -0.021 0.666 0.026 0.072 -0.029 -0.214

**** cluster 3 and 5
0.063 -0.059 0.128 0.82 -0.33 0.051 0.058 -0.434

**** cluster 4 and 5
0.084 0.485 0.234 -0.05 -0.812 -0.049 0.049 -0.191
