
 Log information for the data set datasetJHG5v5nv1out0_1.dat >>

 alpha = 0.05 sepVal = 0.34

 Number of clusters >> 5

 cluster sizes >>
50 50 50 50 50

 Number of data points >> 250

 Number of dimensions >> 6

 Number of noisy dimensions >> 1

 noisy variables >>
4

 Number of outliers >> 0

 initial eigenvalues for each cluster >> 
 (rows correspond to clusters)
7.26 4.736 9.394 3.264 8.025
7.034 7.298 5.944 8.091 4.607
9.532 7.047 2.809 1.579 9.598
1.718 7.027 2.214 1.026 4.821
9.635 8.757 2.87 5.532 8.657

 Mean vectors and covariance matrices before rotation --- 1th cluster >>

 mean vector (mu'=Q*mu)>>
-10.684 0 0 0 0 4.254

 covariance matrix (Sigma'=Q*Sigma*t(Q))>>

7.161 1.39 -1.302 0.909 -0.478 0
1.39 6.302 0.008 0.658 0.257 0
-1.302 0.008 9.103 0.132 -0.487 0
0.909 0.658 0.132 3.775 0.205 0
-0.478 0.257 -0.487 0.205 8.269 0
0 0 0 0 0 37.426

 Mean vectors and covariance matrices before rotation --- 2th cluster >>

 mean vector (mu'=Q*mu)>>
10.684 0 0 0 0 4.254

 covariance matrix (Sigma'=Q*Sigma*t(Q))>>

6.999 -0.226 0.096 -0.178 0.721 0
-0.226 7.07 0.038 -0.116 0.337 0
0.096 0.038 5.956 0 0.063 0
-0.178 -0.116 0 8.053 0.044 0
0.721 0.337 0.063 0.044 4.896 0
0 0 0 0 0 37.426

 Mean vectors and covariance matrices before rotation --- 3th cluster >>

 mean vector (mu'=Q*mu)>>
0 18.505 0 0 0 4.254

 covariance matrix (Sigma'=Q*Sigma*t(Q))>>

8.733 0.248 0.389 2.317 -0.361 0
0.248 7.088 0.04 0.228 0.095 0
0.389 0.04 2.84 0.164 0.153 0
2.317 0.228 0.164 2.467 0.912 0
-0.361 0.095 0.153 0.912 9.437 0
0 0 0 0 0 37.426

 Mean vectors and covariance matrices before rotation --- 4th cluster >>

 mean vector (mu'=Q*mu)>>
0 6.168 17.447 0 0 4.254

 covariance matrix (Sigma'=Q*Sigma*t(Q))>>

10.289 -7.031 0.281 3.272 -1.97 0
-7.031 16.021 -0.82 -2.362 -2.585 0
0.281 -0.82 6.86 0.246 -0.256 0
3.272 -2.362 0.246 5.005 -0.521 0
-1.97 -2.585 -0.256 -0.521 13.874 0
0 0 0 0 0 37.426

 Mean vectors and covariance matrices before rotation --- 5th cluster >>

 mean vector (mu'=Q*mu)>>
0 6.168 4.362 16.893 0 4.254

 covariance matrix (Sigma'=Q*Sigma*t(Q))>>

9.095 -0.292 3.312 0.276 -0.047 0
-0.292 10.648 1.424 0.134 0.032 0
3.312 1.424 5.765 0.294 0.309 0
0.276 0.134 0.294 6.681 0.029 0
-0.047 0.032 0.309 0.029 10.411 0
0 0 0 0 0 37.426

 Final eigenvalues for each cluster >> 
 (rows correspond to clusters)
37.426 9.949 8.499 7.689 5.016 3.457
37.426 8.091 7.298 7.034 5.944 4.607
37.426 9.598 9.532 7.047 2.809 1.579
37.426 21.763 14.933 6.856 5.32 3.178
37.426 11.578 10.523 10.402 6.647 3.449

 *************************************************

 ********************* rotation ******************

 *************************************************


 The orthogonal matrix Q >>
0.953 0.139 0.029 0.036 0.267
0.139 -0.99 0.002 0.003 0.019
0.029 0.002 -1 0.001 0.004
0.036 0.003 0.001 -0.999 0.005
0.267 0.019 0.004 0.005 -0.963

 Mean vectors and covariance matrices after rotation --- 1th cluster >>

 mean vector (mu'=Q*mu)>>
-2.853 -10.177 -0.38 4.254 -0.305 -1.483

 covariance matrix (Sigma'=Q*Sigma*t(Q))>>

8.441 0.166 -0.03 0 -0.12 -0.064
0.166 7.358 -0.891 0 1.312 -1.279
-0.03 -0.891 3.709 0 0.153 0.482
0 0 0 37.426 0 0
-0.12 1.312 0.153 0 9.179 0.155
-0.064 -1.279 0.482 0 0.155 5.921

 Mean vectors and covariance matrices after rotation --- 2th cluster >>

 mean vector (mu'=Q*mu)>>
2.853 10.177 0.38 4.254 0.305 1.483

 covariance matrix (Sigma'=Q*Sigma*t(Q))>>

4.66 -0.13 0.072 0 0.026 0.325
-0.13 7.177 0.143 0 -0.079 0.143
0.072 0.143 8.064 0 0.002 -0.087
0 0 0 37.426 0 0
0.026 -0.079 0.002 0 5.951 0.031
0.325 0.143 -0.087 0 0.031 7.121

 Mean vectors and covariance matrices after rotation --- 3th cluster >>

 mean vector (mu'=Q*mu)>>
0.351 2.568 0.047 4.254 0.038 -18.323

 covariance matrix (Sigma'=Q*Sigma*t(Q))>>

9.568 0.123 0.294 0 0.072 0.09
0.123 8.828 -2.261 0 -0.253 -0.033
0.294 -2.261 2.3 0 0.086 -0.102
0 0 0 37.426 0 0
0.072 -0.253 0.086 0 2.821 -0.01
0.09 -0.033 -0.102 0 -0.01 7.048

 Mean vectors and covariance matrices after rotation --- 4th cluster >>

 mean vector (mu'=Q*mu)>>
0.185 1.355 0.025 4.254 -17.427 -6.072

 covariance matrix (Sigma'=Q*Sigma*t(Q))>>

14.671 0.773 -1.259 0 -0.257 -0.525
0.773 7.787 -2.539 0 -0.053 6.424
-1.259 -2.539 4.794 0 0.156 -2.527
0 0 0 37.426 0 0
-0.257 -0.053 0.156 0 6.851 -0.644
-0.525 6.424 -2.527 0 -0.644 17.946

 Mean vectors and covariance matrices after rotation --- 5th cluster >>

 mean vector (mu'=Q*mu)>>
0.216 1.581 -16.864 4.254 -4.339 -6.056

 covariance matrix (Sigma'=Q*Sigma*t(Q))>>

10.342 -0.282 -0.042 0 -0.606 0.057
-0.282 9.332 -0.207 0 -3.346 0.029
-0.042 -0.207 6.664 0 0.166 0.106
0 0 0 37.426 0 0
-0.606 -3.346 0.166 0 5.57 0.955
0.057 0.029 0.106 0 0.955 10.692

 Final eigenvalues for each cluster >> 
 (rows correspond to clusters)
37.426 9.949 8.499 7.689 5.016 3.457
37.426 8.091 7.298 7.034 5.944 4.607
37.426 9.598 9.532 7.047 2.809 1.579
37.426 21.763 14.933 6.856 5.32 3.178
37.426 11.578 10.523 10.402 6.647 3.449

 theoretical Separation index matrix >>

-1 0.348 0.34 0.363 0.355
0.348 -1 0.34 0.34 0.34
0.34 0.34 -1 0.388 0.434
0.363 0.34 0.388 -1 0.393
0.355 0.34 0.434 0.393 -1

 theoretical projection directions >>

**** cluster 1 and 2
0.272 0.93 0.095 0 -0.053 0.222

**** cluster 1 and 3
0.1 0.504 0.356 0 -0.023 -0.78

**** cluster 1 and 4
0.045 0.639 0.259 0 -0.681 -0.244

**** cluster 1 and 5
0.093 0.342 -0.925 0 -0.093 -0.098

**** cluster 2 and 3
-0.088 -0.327 -0.103 0 -0.029 -0.935

**** cluster 2 and 4
-0.099 -0.344 -0.104 0 -0.917 -0.146

**** cluster 2 and 5
-0.133 -0.427 -0.774 0 -0.373 -0.248

**** cluster 3 and 4
0 -0.129 0.026 0 -0.953 0.272

**** cluster 3 and 5
0.004 -0.213 -0.887 0 -0.293 0.286

**** cluster 4 and 5
-0.025 0.014 -0.813 0 0.576 -0.079

 empirical Separation index matrix (alpha= 0.05 )>>

-1 0.403 0.39 0.367 0.465
0.403 -1 0.347 0.329 0.301
0.39 0.347 -1 0.336 0.37
0.367 0.329 0.336 -1 0.323
0.465 0.301 0.37 0.323 -1

 empirical projection directions >>

**** cluster 1 and 2
0.208 0.29 0.786 0.006 0.467 0.19

**** cluster 1 and 3
0.083 -0.124 0.843 0.022 -0.498 0.139

**** cluster 1 and 4
-0.065 -0.239 0.949 0.067 0.062 0.175

**** cluster 1 and 5
0.038 0.222 0.905 0.011 0.336 -0.131

**** cluster 2 and 3
-0.087 -0.342 -0.092 0.016 -0.926 -0.093

**** cluster 2 and 4
-0.218 -0.94 -0.164 0.005 0.042 -0.201

**** cluster 2 and 5
0.052 -0.319 -0.171 -0.033 0.038 -0.929

**** cluster 3 and 4
0.022 -0.708 -0.334 0.028 0.6 0.162

**** cluster 3 and 5
-0.059 0.167 0.122 -0.011 0.915 -0.342

**** cluster 4 and 5
0.123 0.474 0.416 -0.028 -0.086 -0.761
