
 Log information for the data set datasetJHG3v10nv3out0_3.dat >>

 alpha = 0.05 sepVal = 0.34

 Number of clusters >> 3

 cluster sizes >>
50 50 50

 Number of data points >> 150

 Number of dimensions >> 13

 Number of noisy dimensions >> 3

 noisy variables >>
4 7 12

 Number of outliers >> 0

 initial eigenvalues for each cluster >> 
 (rows correspond to clusters)
1.651 4.041 8.538 6.898 8.456 8.838 3.95 4.881 6.32 5.834
7.871 8.147 1.711 6.437 3.881 7.304 8.285 9.988 9.553 4.503
1.476 1.503 9.555 7.419 7.729 1.466 6.996 7.084 5.403 8.315

 Mean vectors and covariance matrices before rotation --- 1th cluster >>

 mean vector (mu'=Q*mu)>>
-9.359 0 0 0 0 0 0 0 0 0 5.166 4.53 0.275

 covariance matrix (Sigma'=Q*Sigma*t(Q))>>

5.248 -0.012 -0.243 -0.623 -1.133 -1.814 0.003 -0.043 -1.04 -0.838 0 0 0
-0.012 3.977 -0.048 -0.147 -0.225 -0.35 -0.027 -0.02 -0.272 -0.248 0 0 0
-0.243 -0.048 8.517 -0.072 -0.099 -0.151 -0.021 -0.013 -0.142 -0.136 0 0 0
-0.623 -0.147 -0.072 6.657 -0.34 -0.522 -0.064 -0.041 -0.466 -0.444 0 0 0
-1.133 -0.225 -0.099 -0.34 7.988 -0.714 -0.099 -0.06 -0.667 -0.642 0 0 0
-1.814 -0.35 -0.151 -0.522 -0.714 7.75 -0.154 -0.093 -1.025 -0.989 0 0 0
0.003 -0.027 -0.021 -0.064 -0.099 -0.154 3.938 -0.009 -0.119 -0.108 0 0 0
-0.043 -0.02 -0.013 -0.041 -0.06 -0.093 -0.009 4.875 -0.077 -0.071 0 0 0
-1.04 -0.272 -0.142 -0.466 -0.667 -1.025 -0.119 -0.077 5.423 -0.85 0 0 0
-0.838 -0.248 -0.136 -0.444 -0.642 -0.989 -0.108 -0.071 -0.85 5.034 0 0 0
0 0 0 0 0 0 0 0 0 0 30.747 -4.333 -10.011
0 0 0 0 0 0 0 0 0 0 -4.333 32.734 -4.227
0 0 0 0 0 0 0 0 0 0 -10.011 -4.227 50.656

 Mean vectors and covariance matrices before rotation --- 2th cluster >>

 mean vector (mu'=Q*mu)>>
9.359 0 0 0 0 0 0 0 0 0 5.166 4.53 0.275

 covariance matrix (Sigma'=Q*Sigma*t(Q))>>

6.898 -0.452 1.875 0.229 0.925 -0.048 -0.219 -0.124 -0.856 0.175 0 0 0
-0.452 7.953 0.592 0.048 0.282 -0.051 -0.091 -0.045 -0.317 0.052 0 0 0
1.875 0.592 2.682 0.519 0.646 0.566 0.244 0.036 0.333 0.14 0 0 0
0.229 0.048 0.519 6.585 0.291 0.111 0.014 -0.013 -0.074 0.059 0 0 0
0.925 0.282 0.646 0.291 4.288 0.296 0.114 0.01 0.116 0.087 0 0 0
-0.048 -0.051 0.566 0.111 0.296 7.351 -0.029 -0.027 -0.178 0.058 0 0 0
-0.219 -0.091 0.244 0.014 0.114 -0.029 8.243 -0.02 -0.142 0.021 0 0 0
-0.124 -0.045 0.036 -0.013 0.01 -0.027 -0.02 9.981 -0.051 0.001 0 0 0
-0.856 -0.317 0.333 -0.074 0.116 -0.178 -0.142 -0.051 9.178 0.017 0 0 0
0.175 0.052 0.14 0.059 0.087 0.058 0.021 0.001 0.017 4.521 0 0 0
0 0 0 0 0 0 0 0 0 0 30.747 -4.333 -10.011
0 0 0 0 0 0 0 0 0 0 -4.333 32.734 -4.227
0 0 0 0 0 0 0 0 0 0 -10.011 -4.227 50.656

 Mean vectors and covariance matrices before rotation --- 3th cluster >>

 mean vector (mu'=Q*mu)>>
0 16.21 0 0 0 0 0 0 0 0 5.166 4.53 0.275

 covariance matrix (Sigma'=Q*Sigma*t(Q))>>

11.839 2.2 -2.143 -1.805 -3.931 1.494 -0.483 -0.133 -0.721 -0.272 0 0 0
2.2 3.699 -0.547 -0.462 -1.006 0.376 -0.124 -0.034 -0.19 -0.069 0 0 0
-2.143 -0.547 19.097 -1.128 -2.272 -0.364 -0.342 -0.092 -1.36 -0.139 0 0 0
-1.805 -0.462 -1.128 14.177 -2.744 -0.306 -0.407 -0.109 -1.54 -0.17 0 0 0
-3.931 -1.006 -2.272 -2.744 10.623 -0.667 -0.826 -0.222 -3.155 -0.343 0 0 0
1.494 0.376 -0.364 -0.306 -0.667 3.324 -0.082 -0.023 -0.121 -0.046 0 0 0
-0.483 -0.124 -0.342 -0.407 -0.826 -0.082 14.522 -0.033 -0.456 -0.051 0 0 0
-0.133 -0.034 -0.092 -0.109 -0.222 -0.023 -0.033 14.821 -0.123 -0.014 0 0 0
-0.721 -0.19 -1.36 -1.54 -3.155 -0.121 -0.456 -0.123 9.717 -0.199 0 0 0
-0.272 -0.069 -0.139 -0.17 -0.343 -0.046 -0.051 -0.014 -0.199 17.385 0 0 0
0 0 0 0 0 0 0 0 0 0 30.747 -4.333 -10.011
0 0 0 0 0 0 0 0 0 0 -4.333 32.734 -4.227
0 0 0 0 0 0 0 0 0 0 -10.011 -4.227 50.656

 Final eigenvalues for each cluster >> 
 (rows correspond to clusters)
55.056 35.875 23.207 8.838 8.538 8.456 6.898 6.32 5.834 4.881 4.041 3.95 1.651
55.056 35.875 23.207 9.988 9.553 8.285 8.147 7.871 7.304 6.437 4.503 3.881 1.711
55.056 35.875 23.207 20.001 17.406 16.179 15.531 14.83 14.644 11.311 3.146 3.089 3.069

 *************************************************

 ********************* rotation ******************

 *************************************************


 The orthogonal matrix Q >>
0.391 0.531 0.226 0.327 0.38 0.077 0.085 0.23 0.408 0.174
0.531 -0.797 0.086 0.125 0.145 0.029 0.032 0.088 0.156 0.066
0.226 0.086 -0.963 0.053 0.062 0.013 0.014 0.037 0.066 0.028
0.327 0.125 0.053 -0.923 0.089 0.018 0.02 0.054 0.096 0.041
0.38 0.145 0.062 0.089 -0.896 0.021 0.023 0.063 0.112 0.048
0.077 0.029 0.013 0.018 0.021 -0.996 0.005 0.013 0.023 0.01
0.085 0.032 0.014 0.02 0.023 0.005 -0.995 0.014 0.025 0.011
0.23 0.088 0.037 0.054 0.063 0.013 0.014 -0.962 0.067 0.029
0.408 0.156 0.066 0.096 0.112 0.023 0.025 0.067 -0.88 0.051
0.174 0.066 0.028 0.041 0.048 0.01 0.011 0.029 0.051 -0.978

 Mean vectors and covariance matrices after rotation --- 1th cluster >>

 mean vector (mu'=Q*mu)>>
-1.628 -2.117 -3.56 4.53 -3.655 -0.794 5.166 -0.719 -3.819 -2.151 -4.969 0.275 -3.062

 covariance matrix (Sigma'=Q*Sigma*t(Q))>>

5.509 0.095 -0.051 0 0.93 0.022 0 -0.448 -0.106 0.223 0.487 0 0.049
0.095 8.317 -0.173 0 -1.026 -0.04 0 0.381 -0.079 -0.14 -0.268 0 -0.156
-0.051 -0.173 8.304 0 -0.836 -0.032 0 0.27 -0.088 -0.008 0.021 0 -0.102
0 0 0 32.734 0 0 -4.333 0 0 0 0 -4.227 0
0.93 -1.026 -0.836 0 3.187 0.057 0 1.611 0.152 -0.371 -0.316 0 -0.489
0.022 -0.04 -0.032 0 0.057 3.952 0 0.065 0.007 0.001 0.023 0 -0.014
0 0 0 -4.333 0 0 30.747 0 0 0 0 -10.011 0
-0.448 0.381 0.27 0 1.611 0.065 0 8.135 0.08 0.474 0.984 0 0.318
-0.106 -0.079 -0.088 0 0.152 0.007 0 0.08 6.3 0.124 0.325 0 -0.005
0.223 -0.14 -0.008 0 -0.371 0.001 0 0.474 0.124 4.823 -0.066 0 -0.016
0.487 -0.268 0.021 0 -0.316 0.023 0 0.984 0.325 -0.066 4.046 0 0.018
0 0 0 -4.227 0 0 -10.011 0 0 0 0 50.656 0
0.049 -0.156 -0.102 0 -0.489 -0.014 0 0.318 -0.005 -0.016 0.018 0 6.834

 Mean vectors and covariance matrices after rotation --- 2th cluster >>

 mean vector (mu'=Q*mu)>>
1.628 2.117 3.56 4.53 3.655 0.794 5.166 0.719 3.819 2.151 4.969 0.275 3.062

 covariance matrix (Sigma'=Q*Sigma*t(Q))>>

4.554 -0.152 0.048 0 0.359 0.058 0 0.051 0.126 -0.025 0.128 0 0.052
-0.152 1.867 -0.137 0 -0.561 0.13 0 0.41 -0.311 -0.441 -0.33 0 -0.119
0.048 -0.137 3.961 0 0.447 0.143 0 0.233 0.096 -0.194 0.112 0 0.069
0 0 0 32.734 0 0 -4.333 0 0 0 0 -4.227 0
0.359 -0.561 0.447 0 7.764 0.045 0 -0.133 -0.163 -0.437 -0.075 0 0.033
0.058 0.13 0.143 0 0.045 8.272 0 -0.023 -0.037 -0.004 0.013 0 0.052
0 0 0 -4.333 0 0 30.747 0 0 0 0 -10.011 0
0.051 0.41 0.233 0 -0.133 -0.023 0 7.339 -0.179 -0.066 -0.081 0 0.068
0.126 -0.311 0.096 0 -0.163 -0.037 0 -0.179 9.51 -0.07 -0.039 0 -0.029
-0.025 -0.441 -0.194 0 -0.437 -0.004 0 -0.066 -0.07 9.854 -0.157 0 -0.153
0.128 -0.33 0.112 0 -0.075 0.013 0 -0.081 -0.039 -0.157 8.115 0 -0.016
0 0 0 -4.227 0 0 -10.011 0 0 0 0 50.656 0
0.052 -0.119 0.069 0 0.033 0.052 0 0.068 -0.029 -0.153 -0.016 0 6.445

 Mean vectors and covariance matrices after rotation --- 3th cluster >>

 mean vector (mu'=Q*mu)>>
1.077 1.4 2.354 4.53 8.606 0.525 5.166 0.476 2.525 1.423 -12.924 0.275 2.025

 covariance matrix (Sigma'=Q*Sigma*t(Q))>>

17.157 0.045 0.4 0 -1.638 0.008 0 -0.273 -0.15 -0.31 -0.422 0 -0.037
0.045 19.959 -0.257 0 -0.087 -0.032 0 -0.448 -0.172 0.156 0.458 0 -0.054
0.4 -0.257 14.962 0 3.001 -0.091 0 -0.615 -0.138 0.769 2.01 0 -0.12
0 0 0 32.734 0 0 -4.333 0 0 0 0 -4.227 0
-1.638 -0.087 3.001 0 4.544 0.211 0 -0.12 0.731 -1.904 0.764 0 0.11
0.008 -0.032 -0.091 0 0.211 14.634 0 -0.117 -0.033 0.047 0.223 0 -0.022
0 0 0 -4.333 0 0 30.747 0 0 0 0 -10.011 0
-0.273 -0.448 -0.615 0 -0.12 -0.117 0 3.168 -0.396 -0.321 -0.166 0 -0.485
-0.15 -0.172 -0.138 0 0.731 -0.033 0 -0.396 11.198 -0.049 0.761 0 -0.133
-0.31 0.156 0.769 0 -1.904 0.047 0 -0.321 -0.049 14.435 -0.487 0 0.074
-0.422 0.458 2.01 0 0.764 0.223 0 -0.166 0.761 -0.487 3.667 0 0.586
0 0 0 -4.227 0 0 -10.011 0 0 0 0 50.656 0
-0.037 -0.054 -0.12 0 0.11 -0.022 0 -0.485 -0.133 0.074 0.586 0 15.482

 Final eigenvalues for each cluster >> 
 (rows correspond to clusters)
55.056 35.875 23.207 8.838 8.538 8.456 6.898 6.32 5.834 4.881 4.041 3.95 1.651
55.056 35.875 23.207 9.988 9.553 8.285 8.147 7.871 7.304 6.437 4.503 3.881 1.711
55.056 35.875 23.207 20.001 17.406 16.179 15.531 14.83 14.644 11.311 3.146 3.089 3.069

 theoretical Separation index matrix >>

-1 0.34 0.383
0.34 -1 0.34
0.383 0.34 -1

 theoretical projection directions >>

**** cluster 1 and 2
0.067 0.365 0.344 0 0.518 0.064 0 -0.078 0.272 0.228 0.505 0 0.29

**** cluster 1 and 3
0.079 0.095 0.093 0 0.775 0.03 0 -0.005 0.164 0.156 -0.552 0 0.135

**** cluster 2 and 3
-0.009 0.002 0.027 0 0.296 0.001 0 -0.032 -0.005 -0.013 -0.954 0 0.001

 empirical Separation index matrix (alpha= 0.05 )>>

-1 0.387 0.391
0.387 -1 0.447
0.391 0.447 -1

 empirical projection directions >>

**** cluster 1 and 2
-0.023 -0.377 -0.264 -0.039 -0.386 -0.079 0.005 0.248 -0.216 -0.271 -0.599 -0.019 -0.299

**** cluster 1 and 3
-0.047 0.05 0.092 -0.05 0.235 0.078 -0.106 0.022 -0.072 -0.091 -0.944 -0.075 0.03

**** cluster 2 and 3
0.162 0.142 0.188 -0.003 0.761 0.166 -0.055 -0.163 0.076 0.135 -0.5 -0.03 0.082
