
 Log information for the data set datasetJMG2v2nv10out0_1.dat >>

 alpha = 0.05 sepVal = 0.21

 Number of clusters >> 2

 cluster sizes >>
50 50

 Number of data points >> 100

 Number of dimensions >> 12

 Number of noisy dimensions >> 10

 noisy variables >>
1 2 3 4 6 7 8 9 11 12

 Number of outliers >> 0

 initial eigenvalues for each cluster >> 
 (rows correspond to clusters)
2.991 6.652
4.793 4.275

 Mean vectors and covariance matrices before rotation --- 1th cluster >>

 mean vector (mu'=Q*mu)>>
-6.64 0 0 0 0 0 0 0 0 0 0 0

 covariance matrix (Sigma'=Q*Sigma*t(Q))>>

5.344 -1.755 0 0 0 0 0 0 0 0 0 0
-1.755 4.299 0 0 0 0 0 0 0 0 0 0
0 0 19.984 0.766 0.13 0.288 1.884 -2.085 1.693 -1.178 1.485 0.38
0 0 0.766 22.248 0.148 0.259 2.355 0.329 3.303 4.432 3.489 5.08
0 0 0.13 0.148 9.748 0.01 0.096 0.023 0.138 0.198 0.147 0.22
0 0 0.288 0.259 0.01 4.894 0.164 0.045 0.239 0.353 0.255 0.388
0 0 1.884 2.355 0.096 0.164 12.674 0.344 2.204 3.147 2.344 3.512
0 0 -2.085 0.329 0.023 0.045 0.344 38.375 0.399 0.233 0.395 0.419
0 0 1.693 3.303 0.138 0.239 2.204 0.399 18.542 4.331 3.315 4.896
0 0 -1.178 4.432 0.198 0.353 3.147 0.233 4.331 28.595 4.548 6.465
0 0 1.485 3.489 0.147 0.255 2.344 0.395 3.315 4.548 20.023 5.162
0 0 0.38 5.08 0.22 0.388 3.512 0.419 4.896 6.465 5.162 27.713

 Mean vectors and covariance matrices before rotation --- 2th cluster >>

 mean vector (mu'=Q*mu)>>
6.64 0 0 0 0 0 0 0 0 0 0 0

 covariance matrix (Sigma'=Q*Sigma*t(Q))>>

4.733 0.167 0 0 0 0 0 0 0 0 0 0
0.167 4.336 0 0 0 0 0 0 0 0 0 0
0 0 19.984 0.766 0.13 0.288 1.884 -2.085 1.693 -1.178 1.485 0.38
0 0 0.766 22.248 0.148 0.259 2.355 0.329 3.303 4.432 3.489 5.08
0 0 0.13 0.148 9.748 0.01 0.096 0.023 0.138 0.198 0.147 0.22
0 0 0.288 0.259 0.01 4.894 0.164 0.045 0.239 0.353 0.255 0.388
0 0 1.884 2.355 0.096 0.164 12.674 0.344 2.204 3.147 2.344 3.512
0 0 -2.085 0.329 0.023 0.045 0.344 38.375 0.399 0.233 0.395 0.419
0 0 1.693 3.303 0.138 0.239 2.204 0.399 18.542 4.331 3.315 4.896
0 0 -1.178 4.432 0.198 0.353 3.147 0.233 4.331 28.595 4.548 6.465
0 0 1.485 3.489 0.147 0.255 2.344 0.395 3.315 4.548 20.023 5.162
0 0 0.38 5.08 0.22 0.388 3.512 0.419 4.896 6.465 5.162 27.713

 Final eigenvalues for each cluster >> 
 (rows correspond to clusters)
44.44 38.533 23.087 20.251 18.8 16.512 15.415 11.14 9.742 6.652 4.877 2.991
44.44 38.533 23.087 20.251 18.8 16.512 15.415 11.14 9.742 4.877 4.793 4.275

 *************************************************

 ********************* rotation ******************

 *************************************************


 The orthogonal matrix Q >>
0.576 0.817
0.817 -0.576

 Mean vectors and covariance matrices after rotation --- 1th cluster >>

 mean vector (mu'=Q*mu)>>
0 0 0 0 -5.426 0 0 0 0 -3.828 0 0

 covariance matrix (Sigma'=Q*Sigma*t(Q))>>

12.674 0.096 0.344 2.204 0 2.344 3.147 2.355 1.884 0 0.164 3.512
0.096 9.748 0.023 0.138 0 0.147 0.198 0.148 0.13 0 0.01 0.22
0.344 0.023 38.375 0.399 0 0.395 0.233 0.329 -2.085 0 0.045 0.419
2.204 0.138 0.399 18.542 0 3.315 4.331 3.303 1.693 0 0.239 4.896
0 0 0 0 6.65 0 0 0 0 -0.096 0 0
2.344 0.147 0.395 3.315 0 20.023 4.548 3.489 1.485 0 0.255 5.162
3.147 0.198 0.233 4.331 0 4.548 28.595 4.432 -1.178 0 0.353 6.465
2.355 0.148 0.329 3.303 0 3.489 4.432 22.248 0.766 0 0.259 5.08
1.884 0.13 -2.085 1.693 0 1.485 -1.178 0.766 19.984 0 0.288 0.38
0 0 0 0 -0.096 0 0 0 0 2.994 0 0
0.164 0.01 0.045 0.239 0 0.255 0.353 0.259 0.288 0 4.894 0.388
3.512 0.22 0.419 4.896 0 5.162 6.465 5.08 0.38 0 0.388 27.713

 Mean vectors and covariance matrices after rotation --- 2th cluster >>

 mean vector (mu'=Q*mu)>>
0 0 0 0 5.426 0 0 0 0 3.828 0 0

 covariance matrix (Sigma'=Q*Sigma*t(Q))>>

12.674 0.096 0.344 2.204 0 2.344 3.147 2.355 1.884 0 0.164 3.512
0.096 9.748 0.023 0.138 0 0.147 0.198 0.148 0.13 0 0.01 0.22
0.344 0.023 38.375 0.399 0 0.395 0.233 0.329 -2.085 0 0.045 0.419
2.204 0.138 0.399 18.542 0 3.315 4.331 3.303 1.693 0 0.239 4.896
0 0 0 0 4.444 0 0 0 0 0.243 0 0
2.344 0.147 0.395 3.315 0 20.023 4.548 3.489 1.485 0 0.255 5.162
3.147 0.198 0.233 4.331 0 4.548 28.595 4.432 -1.178 0 0.353 6.465
2.355 0.148 0.329 3.303 0 3.489 4.432 22.248 0.766 0 0.259 5.08
1.884 0.13 -2.085 1.693 0 1.485 -1.178 0.766 19.984 0 0.288 0.38
0 0 0 0 0.243 0 0 0 0 4.625 0 0
0.164 0.01 0.045 0.239 0 0.255 0.353 0.259 0.288 0 4.894 0.388
3.512 0.22 0.419 4.896 0 5.162 6.465 5.08 0.38 0 0.388 27.713

 Final eigenvalues for each cluster >> 
 (rows correspond to clusters)
44.44 38.533 23.087 20.251 18.8 16.512 15.415 11.14 9.742 6.652 4.877 2.991
44.44 38.533 23.087 20.251 18.8 16.512 15.415 11.14 9.742 4.877 4.793 4.275

 theoretical Separation index matrix >>

-1 0.21
0.21 -1

 theoretical projection directions >>

**** cluster 1 and 2
0 0 0 0 0.699 0 0 0 0 0.715 0 0

 empirical Separation index matrix (alpha= 0.05 )>>

-1 0.279
0.279 -1

 empirical projection directions >>

**** cluster 1 and 2
-0.099 -0.062 0.017 -0.031 0.515 0.074 -0.016 0.129 0.032 0.832 0.066 -0.01
