
 Log information for the data set datasetJMG5v10nv0out0_3.dat >>

 alpha = 0.05 sepVal = 0.21

 Number of clusters >> 5

 cluster sizes >>
50 50 50 50 50

 Number of data points >> 250

 Number of dimensions >> 10

 Number of noisy dimensions >> 0

 noisy variables >>
0

 Number of outliers >> 0

 initial eigenvalues for each cluster >> 
 (rows correspond to clusters)
6.187 9.002 4.256 8.645 5.749 3.399 9.233 2.621 6.691 9.236
2.978 2.505 8.247 7.188 9.52 2.742 8.632 7.193 5.704 8.95
9.826 2.032 9.128 9.137 8.034 9.079 4.498 9.104 5.586 6.302
1.896 1.497 7.261 9.292 1.667 8.423 9.487 2.496 5.727 9.122
2.508 4.983 7.311 9.221 6.917 6.764 7.053 6.622 8.547 4.47

 Mean vectors and covariance matrices before rotation --- 1th cluster >>

 mean vector (mu'=Q*mu)>>
-8.308 0 0 0 0 0 0 0 0 0

 covariance matrix (Sigma'=Q*Sigma*t(Q))>>

6.999 -0.044 0.036 -0.689 0.319 0.237 -0.629 1.057 0.023 -0.976
-0.044 9 0 -0.022 -0.008 0 -0.018 0.004 -0.018 -0.027
0.036 0 4.257 0 0.009 0.004 -0.001 0.015 0.01 -0.002
-0.689 -0.022 0 8.259 -0.116 0.015 -0.306 0.104 -0.296 -0.474
0.319 -0.008 0.009 -0.116 5.85 0.059 -0.114 0.256 0.053 -0.176
0.237 0 0.004 0.015 0.059 3.42 0.004 0.085 0.068 0.005
-0.629 -0.018 -0.001 -0.306 -0.114 0.004 8.995 0.047 -0.257 -0.37
1.057 0.004 0.015 0.104 0.256 0.085 0.047 2.964 0.315 0.073
0.023 -0.018 0.01 -0.296 0.053 0.068 -0.257 0.315 6.613 -0.398
-0.976 -0.027 -0.002 -0.474 -0.176 0.005 -0.37 0.073 -0.398 8.662

 Mean vectors and covariance matrices before rotation --- 2th cluster >>

 mean vector (mu'=Q*mu)>>
8.308 0 0 0 0 0 0 0 0 0

 covariance matrix (Sigma'=Q*Sigma*t(Q))>>

9.155 0.713 -0.535 -0.534 -0.219 0.167 -1.201 -0.466 0.246 -1.323
0.713 3.265 -0.047 -0.028 -0.022 0.022 -0.111 -0.024 0.05 -0.126
-0.535 -0.047 10.092 -0.67 -0.102 -0.014 -0.691 -0.582 -0.316 -0.697
-0.534 -0.028 -0.67 7.862 -0.199 -0.011 -1.33 -1.076 -0.546 -1.35
-0.219 -0.022 -0.102 -0.199 12.027 -0.006 -0.199 -0.173 -0.099 -0.199
0.167 0.022 -0.014 -0.011 -0.006 3.478 -0.031 -0.01 0.01 -0.035
-1.201 -0.111 -0.691 -1.33 -0.199 -0.031 9.574 -1.154 -0.639 -1.365
-0.466 -0.024 -0.582 -1.076 -0.173 -0.01 -1.154 8.174 -0.474 -1.171
0.246 0.05 -0.316 -0.546 -0.099 0.01 -0.639 -0.474 7.024 -0.658
-1.323 -0.126 -0.697 -1.35 -0.199 -0.035 -1.365 -1.171 -0.658 9.962

 Mean vectors and covariance matrices before rotation --- 3th cluster >>

 mean vector (mu'=Q*mu)>>
0 14.39 0 0 0 0 0 0 0 0

 covariance matrix (Sigma'=Q*Sigma*t(Q))>>

6.847 2.703 -0.2 -0.71 -0.066 -0.722 0.11 -0.154 0.476 0.466
2.703 4.481 0.294 1.039 0.369 1.108 0.146 0.231 0.889 1.27
-0.2 0.294 9.117 -0.039 0.003 -0.038 0.013 -0.008 0.062 0.07
-0.71 1.039 -0.039 9 0.009 -0.136 0.046 -0.029 0.22 0.247
-0.066 0.369 0.003 0.009 8.052 0.013 0.018 0.002 0.094 0.117
-0.722 1.108 -0.038 -0.136 0.013 8.945 0.049 -0.029 0.237 0.269
0.11 0.146 0.013 0.046 0.018 0.049 4.506 0.01 0.049 0.068
-0.154 0.231 -0.008 -0.029 0.002 -0.029 0.01 9.097 0.049 0.056
0.476 0.889 0.062 0.22 0.094 0.237 0.049 0.049 5.866 0.382
0.466 1.27 0.07 0.247 0.117 0.269 0.068 0.056 0.382 6.813

 Mean vectors and covariance matrices before rotation --- 4th cluster >>

 mean vector (mu'=Q*mu)>>
0 4.797 13.567 0 0 0 0 0 0 0

 covariance matrix (Sigma'=Q*Sigma*t(Q))>>

5.107 1.189 -0.074 -2.213 0.201 -1.281 -0.502 0.609 -0.463 -1.806
1.189 1.954 -0.02 -0.647 0.074 -0.368 -0.147 0.241 -0.111 -0.526
-0.074 -0.02 7.371 -0.073 -0.004 -0.046 -0.016 -0.023 -0.032 -0.06
-2.213 -0.647 -0.073 7.854 -0.121 -1.025 -0.352 -0.65 -0.758 -1.318
0.201 0.074 -0.004 -0.121 1.705 -0.069 -0.028 0.04 -0.023 -0.099
-1.281 -0.368 -0.046 -1.025 -0.069 7.895 -0.228 -0.384 -0.476 -0.853
-0.502 -0.147 -0.016 -0.352 -0.028 -0.228 9.557 -0.147 -0.169 -0.293
0.609 0.241 -0.023 -0.65 0.04 -0.384 -0.147 2.635 -0.167 -0.532
-0.463 -0.111 -0.032 -0.758 -0.023 -0.476 -0.169 -0.167 5.511 -0.628
-1.806 -0.526 -0.06 -1.318 -0.099 -0.853 -0.293 -0.532 -0.628 8.167

 Mean vectors and covariance matrices before rotation --- 5th cluster >>

 mean vector (mu'=Q*mu)>>
0 4.797 3.392 13.136 0 0 0 0 0 0

 covariance matrix (Sigma'=Q*Sigma*t(Q))>>

6.843 0.001 -0.548 -0.94 -0.596 -0.037 -0.484 -0.02 -1.153 0.361
0.001 4.983 -0.002 -0.002 -0.002 0 -0.002 0 -0.003 0
-0.548 -0.002 6.671 -0.629 -0.884 -0.063 -0.654 -0.038 -0.883 -0.259
-0.94 -0.002 -0.629 8.637 -0.882 -0.063 -0.649 -0.038 -0.835 -0.304
-0.596 -0.002 -0.884 -0.882 5.702 -0.086 -0.901 -0.052 -1.233 -0.339
-0.037 0 -0.063 -0.063 -0.086 6.758 -0.064 -0.004 -0.088 -0.023
-0.484 -0.002 -0.654 -0.649 -0.901 -0.064 6.386 -0.038 -0.909 -0.256
-0.02 0 -0.038 -0.038 -0.052 -0.004 -0.038 6.619 -0.053 -0.014
-1.153 -0.003 -0.883 -0.835 -1.233 -0.088 -0.909 -0.053 7.362 -0.406
0.361 0 -0.259 -0.304 -0.339 -0.023 -0.256 -0.014 -0.406 4.436

 Final eigenvalues for each cluster >> 
 (rows correspond to clusters)
9.236 9.233 9.002 8.645 6.691 6.187 5.749 4.256 3.399 2.621
12.056 11.333 10.931 10.443 9.108 9.102 7.223 3.771 3.473 3.172
9.826 9.138 9.128 9.104 9.079 8.034 6.302 5.586 4.498 2.032
9.635 9.438 9.264 8.554 7.374 5.817 2.535 1.925 1.693 1.52
9.221 8.547 7.311 7.053 6.917 6.764 6.622 4.983 4.47 2.508

 *************************************************

 ********************* rotation ******************

 *************************************************


 The orthogonal matrix Q >>
0.255 0.452 0.222 0.206 0.529 0.299 0.172 0.47 0.054 0.129
0.452 -0.837 0.08 0.074 0.19 0.108 0.062 0.169 0.02 0.046
0.222 0.08 -0.961 0.036 0.093 0.053 0.03 0.083 0.01 0.023
0.206 0.074 0.036 -0.966 0.087 0.049 0.028 0.077 0.009 0.021
0.529 0.19 0.093 0.087 -0.777 0.126 0.072 0.198 0.023 0.054
0.299 0.108 0.053 0.049 0.126 -0.929 0.041 0.112 0.013 0.031
0.172 0.062 0.03 0.028 0.072 0.041 -0.977 0.064 0.007 0.018
0.47 0.169 0.083 0.077 0.198 0.112 0.064 -0.824 0.02 0.048
0.054 0.02 0.01 0.009 0.023 0.013 0.007 0.02 -0.998 0.006
0.129 0.046 0.023 0.021 0.054 0.031 0.018 0.048 0.006 -0.987

 Mean vectors and covariance matrices after rotation --- 1th cluster >>

 mean vector (mu'=Q*mu)>>
-4.394 -2.121 -1.713 -3.753 -3.907 -1.425 -1.841 -2.482 -0.451 -1.073

 covariance matrix (Sigma'=Q*Sigma*t(Q))>>

5.933 0.235 0.211 -0.337 0.426 0.155 0.252 0.365 0.038 0.363
0.235 6.131 -0.022 -1.065 1.211 -0.083 0.494 0.805 -0.042 0.234
0.211 -0.022 8.502 0.101 0.433 -0.105 0.218 0.301 -0.271 -0.192
-0.337 -1.065 0.101 8.377 -0.206 0.082 0.039 0.036 -0.072 0.335
0.426 1.211 0.433 -0.206 3.201 0.317 0.271 0.412 0.312 0.575
0.155 -0.083 -0.105 0.082 0.317 9.16 0.179 0.239 -0.237 -0.136
0.252 0.494 0.218 0.039 0.271 0.179 4.445 0.249 0.025 0.274
0.365 0.805 0.301 0.036 0.412 0.239 0.249 3.739 0.087 0.373
0.038 -0.042 -0.271 -0.072 0.312 -0.237 0.025 0.087 6.609 -0.349
0.363 0.234 -0.192 0.335 0.575 -0.136 0.274 0.373 -0.349 8.92

 Mean vectors and covariance matrices after rotation --- 2th cluster >>

 mean vector (mu'=Q*mu)>>
4.394 2.121 1.713 3.753 3.907 1.425 1.841 2.482 0.451 1.073

 covariance matrix (Sigma'=Q*Sigma*t(Q))>>

10.473 -2.652 0.267 -0.21 -0.381 0.609 -0.075 -0.009 -0.032 0.783
-2.652 6.362 1.061 1.339 0.157 1.123 0.054 0.869 0.535 1.315
0.267 1.061 8.461 0.814 -0.205 -0.668 -0.211 0.593 -0.409 -0.705
-0.21 1.339 0.814 4.077 0.811 0.949 0.453 0.663 0.224 0.991
-0.381 0.157 -0.205 0.811 9.032 -0.056 -0.066 0.65 -0.294 -0.011
0.609 1.123 -0.668 0.949 -0.056 10.261 -0.133 0.708 -0.483 -0.726
-0.075 0.054 -0.211 0.453 -0.066 -0.133 10.387 0.368 -0.218 -0.12
-0.009 0.869 0.593 0.663 0.65 0.708 0.368 3.97 0.138 0.733
-0.032 0.535 -0.409 0.224 -0.294 -0.483 -0.218 0.138 7.055 -0.501
0.783 1.315 -0.705 0.991 -0.011 -0.726 -0.12 0.733 -0.501 10.534

 Mean vectors and covariance matrices after rotation --- 3th cluster >>

 mean vector (mu'=Q*mu)>>
2.739 6.501 1.068 -12.05 2.435 0.888 1.148 1.547 0.281 0.669

 covariance matrix (Sigma'=Q*Sigma*t(Q))>>

8.097 0.451 0.144 -0.786 -0.083 0.196 -0.005 0.119 -0.377 -0.394
0.451 9.045 -0.231 0.311 0.008 0.666 -0.047 -0.239 -0.6 -0.646
0.144 -0.231 9.098 0.688 0.042 0.154 0.007 -0.028 0.048 0.077
-0.786 0.311 0.688 2.474 -0.903 -0.088 -0.213 0.524 0.364 0.542
-0.083 0.008 0.042 -0.903 8.91 0.128 -0.068 -0.005 -0.383 -0.429
0.196 0.666 0.154 -0.088 0.128 4.617 0.079 0.176 -0.087 -0.058
-0.005 -0.047 0.007 -0.213 -0.068 0.079 9.103 -0.009 -0.138 -0.15
0.119 -0.239 -0.028 0.524 -0.005 0.176 -0.009 9.051 -0.021 0
-0.377 -0.6 0.048 0.364 -0.383 -0.087 -0.138 -0.021 5.769 0.213
-0.394 -0.646 0.077 0.542 -0.429 -0.058 -0.15 0 0.213 6.561

 Mean vectors and covariance matrices after rotation --- 4th cluster >>

 mean vector (mu'=Q*mu)>>
2.18 5.173 0.85 -2.935 1.938 0.707 -12.654 1.231 0.224 0.532

 covariance matrix (Sigma'=Q*Sigma*t(Q))>>

2.468 0.566 1.381 0.218 0.397 0.094 -0.105 0.646 0.458 1.206
0.566 2.541 0.788 0.295 0.171 -0.681 -0.92 -0.4 0.53 0.939
1.381 0.788 8.909 0.438 0.561 0.086 0.392 -0.066 -0.447 -0.516
0.218 0.295 0.438 1.643 0.094 -0.208 -0.32 -0.044 0.248 0.465
0.397 0.171 0.561 0.094 2.667 -0.143 -0.248 0.071 0.228 0.55
0.094 -0.681 0.086 -0.208 -0.143 9.555 -0.102 -0.067 -0.026 0.1
-0.105 -0.92 0.392 -0.32 -0.248 -0.102 7.152 0.015 0.126 0.384
0.646 -0.4 -0.066 -0.044 0.071 -0.067 0.015 8.459 -0.175 -0.046
0.458 0.53 -0.447 0.248 0.228 -0.026 0.126 -0.175 5.601 -0.395
1.206 0.939 -0.516 0.465 0.55 0.1 0.384 -0.046 -0.395 8.758

 Mean vectors and covariance matrices after rotation --- 5th cluster >>

 mean vector (mu'=Q*mu)>>
2.371 5.628 -12.211 -2.771 2.108 0.769 -2.398 1.339 0.244 0.579

 covariance matrix (Sigma'=Q*Sigma*t(Q))>>

6.775 0.22 -0.105 0.532 0.214 -0.175 -0.141 0.103 -0.074 -0.187
0.22 4.673 0.23 -0.208 -0.927 0.679 0.49 -0.567 1.421 0.297
-0.105 0.23 9.079 0.513 0.384 -0.25 -0.189 0.213 -0.346 -0.157
0.532 -0.208 0.513 5.113 -0.113 0.495 0.473 -0.055 0.949 0.036
0.214 -0.927 0.384 -0.113 6.244 0.384 0.334 -0.224 0.907 -0.047
-0.175 0.679 -0.25 0.495 0.384 6.744 -0.254 0.211 -0.494 -0.114
-0.141 0.49 -0.189 0.473 0.334 -0.254 7.105 0.182 -0.367 -0.124
0.103 -0.567 0.213 -0.055 -0.224 0.211 0.182 6.629 0.524 -0.04
-0.074 1.421 -0.346 0.949 0.907 -0.494 -0.367 0.524 7.588 -0.134
-0.187 0.297 -0.157 0.036 -0.047 -0.114 -0.124 -0.04 -0.134 4.446

 Final eigenvalues for each cluster >> 
 (rows correspond to clusters)
9.236 9.233 9.002 8.645 6.691 6.187 5.749 4.256 3.399 2.621
12.056 11.333 10.931 10.443 9.108 9.102 7.223 3.771 3.473 3.172
9.826 9.138 9.128 9.104 9.079 8.034 6.302 5.586 4.498 2.032
9.635 9.438 9.264 8.554 7.374 5.817 2.535 1.925 1.693 1.52
9.221 8.547 7.311 7.053 6.917 6.764 6.622 4.983 4.47 2.508

 theoretical Separation index matrix >>

-1 0.21 0.21 0.281 0.252
0.21 -1 0.419 0.263 0.214
0.21 0.419 -1 0.345 0.291
0.281 0.263 0.345 -1 0.21
0.252 0.214 0.291 0.21 -1

 theoretical projection directions >>

**** cluster 1 and 2
0.524 0.269 0.103 0.492 0.492 0.054 0.172 0.352 0.047 -0.012

**** cluster 1 and 3
0.351 0.428 0.16 -0.657 0.322 0.106 0.151 0.251 0.116 0.152

**** cluster 1 and 4
0.416 0.413 0.031 0.082 0.489 0.083 -0.618 0.146 -0.007 -0.017

**** cluster 1 and 5
0.334 0.55 -0.48 0.144 0.484 0.029 -0.128 0.268 -0.106 0.022

**** cluster 2 and 3
-0.075 0.175 0.066 -0.973 -0.046 0.025 -0.003 0.048 0.043 0.075

**** cluster 2 and 4
-0.086 0.275 0.02 -0.819 -0.075 -0.003 -0.49 -0.012 0.003 0.033

**** cluster 2 and 5
-0.015 0.451 -0.688 -0.503 -0.039 -0.089 -0.213 0.009 -0.085 -0.093

**** cluster 3 and 4
0.05 -0.129 -0.06 0.932 0.04 0.013 -0.315 -0.039 -0.056 -0.061

**** cluster 3 and 5
0.005 -0.035 -0.483 0.852 0.062 -0.04 -0.143 -0.027 -0.098 -0.056

**** cluster 4 and 5
0.116 0.247 -0.681 0.118 0.118 0.007 0.645 0.016 -0.094 -0.093

 empirical Separation index matrix (alpha= 0.05 )>>

-1 0.269 0.215 0.409 0.302
0.269 -1 0.246 0.489 0.279
0.215 0.246 -1 0.31 0.321
0.409 0.489 0.31 -1 0.197
0.302 0.279 0.321 0.197 -1

 empirical projection directions >>

**** cluster 1 and 2
-0.038 -0.351 0.018 0.816 -0.029 -0.036 0.433 0.092 -0.099 -0.041

**** cluster 1 and 3
0.405 0.225 -0.67 -0.038 0.085 -0.022 0.512 0.084 -0.223 -0.092

**** cluster 1 and 4
-0.023 0.113 0.044 -0.913 0.02 -0.021 0.342 0.049 0.102 0.141

**** cluster 1 and 5
-0.403 -0.313 0.055 -0.218 -0.524 -0.1 0.63 -0.052 -0.072 0.008

**** cluster 2 and 3
0.032 0.235 -0.699 -0.545 -0.079 -0.099 -0.166 0.096 0.312 -0.091

**** cluster 2 and 4
-0.001 0.177 -0.021 -0.967 -0.009 0.006 0.085 0.038 0.148 0.039

**** cluster 2 and 5
-0.465 -0.371 -0.128 -0.586 -0.438 -0.061 -0.222 -0.19 0.051 0.055

**** cluster 3 and 4
-0.092 -0.002 0.465 -0.824 -0.096 -0.07 0.237 0.019 0.124 0.1

**** cluster 3 and 5
-0.492 -0.303 0.535 -0.14 -0.523 0.012 0.098 -0.244 0.134 -0.014

**** cluster 4 and 5
-0.314 -0.332 0.011 0.719 -0.346 -0.158 -0.241 -0.154 -0.137 -0.168
