
 Log information for the data set datasetJLG5v10nv3out0_1.dat >>

 alpha = 0.05 sepVal = 0.01

 Number of clusters >> 5

 cluster sizes >>
50 50 50 50 50

 Number of data points >> 250

 Number of dimensions >> 13

 Number of noisy dimensions >> 3

 noisy variables >>
1 4 7

 Number of outliers >> 0

 initial eigenvalues for each cluster >> 
 (rows correspond to clusters)
8.673 3.676 3.834 6.487 7.888 6.315 9.634 1.36 9.408 5.841
6.343 8.858 9.748 2.253 9.196 6.553 3.194 1.91 3.101 6.345
3.826 1.44 1.786 2.297 6.092 6.212 1.224 2.821 5.917 4.963
8.607 5.814 3.959 9.36 2.455 4.692 1.817 6.169 9.265 2.549
7.665 2.222 1.75 6.791 6.299 1.993 7.905 5.173 3.707 1.707

 Mean vectors and covariance matrices before rotation --- 1th cluster >>

 mean vector (mu'=Q*mu)>>
-5.117 0 0 0 0 0 0 0 0 0 1.176 2.17 1.456

 covariance matrix (Sigma'=Q*Sigma*t(Q))>>

6.042 1.092 0.691 0.048 -0.446 0.047 -0.478 2.088 -1.211 0.023 0 0 0
1.092 4.553 0.576 0.692 0.378 0.263 0.091 1.208 0.278 0.052 0 0 0
0.691 0.576 4.212 0.449 0.242 0.171 0.056 0.796 0.172 0.034 0 0 0
0.048 0.692 0.449 6.868 0.111 0.15 -0.049 1.073 -0.098 0.033 0 0 0
-0.446 0.378 0.242 0.111 7.84 0.049 -0.097 0.654 -0.238 0.013 0 0 0
0.047 0.263 0.171 0.15 0.049 6.374 -0.014 0.403 -0.026 0.013 0 0 0
-0.478 0.091 0.056 -0.049 -0.097 -0.014 9.556 0.212 -0.202 -0.001 0 0 0
2.088 1.208 0.796 1.073 0.654 0.403 0.212 2.939 0.61 0.078 0 0 0
-1.211 0.278 0.172 -0.098 -0.238 -0.026 -0.202 0.61 8.889 0 0 0 0
0.023 0.052 0.034 0.033 0.013 0.013 -0.001 0.078 0 5.843 0 0 0
0 0 0 0 0 0 0 0 0 0 12.639 -0.128 -1.93
0 0 0 0 0 0 0 0 0 0 -0.128 15.773 -0.087
0 0 0 0 0 0 0 0 0 0 -1.93 -0.087 13.831

 Mean vectors and covariance matrices before rotation --- 2th cluster >>

 mean vector (mu'=Q*mu)>>
5.117 0 0 0 0 0 0 0 0 0 1.176 2.17 1.456

 covariance matrix (Sigma'=Q*Sigma*t(Q))>>

4.632 -0.059 -1.311 1.086 -0.075 -0.139 0.635 0.716 0.881 -0.73 0 0 0
-0.059 8.857 -0.024 0.001 -0.001 -0.004 -0.003 0.002 -0.004 -0.025 0 0 0
-1.311 -0.024 9.259 -0.057 -0.03 -0.096 -0.123 -0.016 -0.153 -0.559 0 0 0
1.086 0.001 -0.057 3.097 -0.001 0.07 0.648 0.52 0.869 0.462 0 0 0
-0.075 -0.001 -0.03 -0.001 9.194 -0.006 -0.005 0.001 -0.006 -0.032 0 0 0
-0.139 -0.004 -0.096 0.07 -0.006 6.542 0.039 0.047 0.055 -0.059 0 0 0
0.635 -0.003 -0.123 0.648 -0.005 0.039 3.679 0.402 0.652 0.27 0 0 0
0.716 0.002 -0.016 0.52 0.001 0.047 0.402 2.229 0.539 0.305 0 0 0
0.881 -0.004 -0.153 0.869 -0.006 0.055 0.652 0.539 3.977 0.375 0 0 0
-0.73 -0.025 -0.559 0.462 -0.032 -0.059 0.27 0.305 0.375 6.034 0 0 0
0 0 0 0 0 0 0 0 0 0 12.639 -0.128 -1.93
0 0 0 0 0 0 0 0 0 0 -0.128 15.773 -0.087
0 0 0 0 0 0 0 0 0 0 -1.93 -0.087 13.831

 Mean vectors and covariance matrices before rotation --- 3th cluster >>

 mean vector (mu'=Q*mu)>>
0 8.862 0 0 0 0 0 0 0 0 1.176 2.17 1.456

 covariance matrix (Sigma'=Q*Sigma*t(Q))>>

12.737 2.439 0.144 1.148 -0.464 -3.654 2.569 1.727 -1.821 -1.678 0 0 0
2.439 6.238 0.082 0.778 0 -0.043 1.268 1.603 0.037 0.382 0 0 0
0.144 0.082 6.18 0.049 -0.001 -0.012 0.082 0.1 -0.002 0.019 0 0 0
1.148 0.778 0.049 8.399 -0.032 -0.271 0.79 0.895 -0.107 0.07 0 0 0
-0.464 0 -0.001 -0.032 21.025 -0.318 0.01 -0.122 -0.169 -0.216 0 0 0
-3.654 -0.043 -0.012 -0.271 -0.318 19.037 0.035 -0.997 -1.298 -1.67 0 0 0
2.569 1.268 0.082 0.79 0.01 0.035 5.506 1.643 0.079 0.438 0 0 0
1.727 1.603 0.1 0.895 -0.122 -0.997 1.643 11.431 -0.452 -0.152 0 0 0
-1.821 0.037 -0.002 -0.107 -0.169 -1.298 0.079 -0.452 19.774 -0.867 0 0 0
-1.678 0.382 0.019 0.07 -0.216 -1.67 0.438 -0.152 -0.867 16.156 0 0 0
0 0 0 0 0 0 0 0 0 0 12.639 -0.128 -1.93
0 0 0 0 0 0 0 0 0 0 -0.128 15.773 -0.087
0 0 0 0 0 0 0 0 0 0 -1.93 -0.087 13.831

 Mean vectors and covariance matrices before rotation --- 4th cluster >>

 mean vector (mu'=Q*mu)>>
0 2.954 8.356 0 0 0 0 0 0 0 1.176 2.17 1.456

 covariance matrix (Sigma'=Q*Sigma*t(Q))>>

5.753 0.204 0.881 -1.431 0.99 0.693 1.398 0.027 -0.457 0.4 0 0 0
0.204 6.252 0.629 -0.039 0.557 0.616 0.74 0.176 -0.008 0.228 0 0 0
0.881 0.629 4.746 0.226 0.656 0.804 0.854 0.263 0.079 0.268 0 0 0
-1.431 -0.039 0.226 8.686 0.301 0.14 0.44 -0.042 -0.217 0.121 0 0 0
0.99 0.557 0.656 0.301 2.984 0.684 0.682 0.237 0.102 0.217 0 0 0
0.693 0.616 0.804 0.14 0.684 5.503 0.896 0.255 0.051 0.28 0 0 0
1.398 0.74 0.854 0.44 0.682 0.896 2.692 0.317 0.149 0.28 0 0 0
0.027 0.176 0.263 -0.042 0.237 0.255 0.317 6.238 -0.012 0.097 0 0 0
-0.457 -0.008 0.079 -0.217 0.102 0.051 0.149 -0.012 9.196 0.041 0 0 0
0.4 0.228 0.268 0.121 0.217 0.28 0.28 0.097 0.041 2.638 0 0 0
0 0 0 0 0 0 0 0 0 0 12.639 -0.128 -1.93
0 0 0 0 0 0 0 0 0 0 -0.128 15.773 -0.087
0 0 0 0 0 0 0 0 0 0 -1.93 -0.087 13.831

 Mean vectors and covariance matrices before rotation --- 5th cluster >>

 mean vector (mu'=Q*mu)>>
0 2.954 2.089 8.09 0 0 0 0 0 0 1.176 2.17 1.456

 covariance matrix (Sigma'=Q*Sigma*t(Q))>>

6.031 0.534 1.548 -0.603 -0.346 1.347 -0.373 0.228 0.18 1.386 0 0 0
0.534 2.79 0.361 0.231 0.264 0.326 0.053 0.261 0.066 0.321 0 0 0
1.548 0.361 3.059 0.652 0.74 0.875 0.154 0.719 0.179 0.86 0 0 0
-0.603 0.231 0.652 8.073 0.05 0.574 -0.078 0.214 0.09 0.582 0 0 0
-0.346 0.264 0.74 0.05 7.679 0.655 -0.051 0.298 0.108 0.661 0 0 0
1.347 0.326 0.875 0.574 0.655 3.172 0.134 0.641 0.161 0.778 0 0 0
-0.373 0.053 0.154 -0.078 -0.051 0.134 9.405 0.013 0.017 0.138 0 0 0
0.228 0.261 0.719 0.214 0.298 0.641 0.013 6.567 0.116 0.641 0 0 0
0.18 0.066 0.179 0.09 0.108 0.161 0.017 0.116 4.462 0.16 0 0 0
1.386 0.321 0.86 0.582 0.661 0.778 0.138 0.641 0.16 2.805 0 0 0
0 0 0 0 0 0 0 0 0 0 12.639 -0.128 -1.93
0 0 0 0 0 0 0 0 0 0 -0.128 15.773 -0.087
0 0 0 0 0 0 0 0 0 0 -1.93 -0.087 13.831

 Final eigenvalues for each cluster >> 
 (rows correspond to clusters)
15.779 15.254 11.21 9.634 9.408 8.673 7.888 6.488 6.315 5.841 3.835 3.676 1.36
15.779 15.254 11.21 9.748 9.196 8.858 6.553 6.345 6.343 3.194 3.101 2.253 1.91
21.482 21.067 20.461 17.162 15.779 15.254 13.228 11.21 9.756 7.944 6.175 4.978 4.232
15.779 15.254 11.21 9.36 9.266 8.607 6.169 5.814 4.693 3.96 2.549 2.455 1.817
15.779 15.254 11.21 9.449 9.162 8.117 7.53 6.184 4.431 2.656 2.382 2.092 2.041

 *************************************************

 ********************* rotation ******************

 *************************************************


 The orthogonal matrix Q >>
0.437 0.32 0.159 0.365 0.349 0.274 0.287 0.334 0.336 0.21
0.32 -0.929 0.035 0.081 0.078 0.061 0.064 0.074 0.075 0.047
0.159 0.035 -0.982 0.041 0.039 0.03 0.032 0.037 0.037 0.023
0.365 0.081 0.041 -0.907 0.089 0.07 0.073 0.085 0.085 0.053
0.349 0.078 0.039 0.089 -0.915 0.067 0.07 0.081 0.082 0.051
0.274 0.061 0.03 0.07 0.067 -0.948 0.055 0.064 0.064 0.04
0.287 0.064 0.032 0.073 0.07 0.055 -0.943 0.067 0.067 0.042
0.334 0.074 0.037 0.085 0.081 0.064 0.067 -0.922 0.078 0.049
0.336 0.075 0.037 0.085 0.082 0.064 0.067 0.078 -0.921 0.049
0.21 0.047 0.023 0.053 0.051 0.04 0.042 0.049 0.049 -0.969

 Mean vectors and covariance matrices after rotation --- 1th cluster >>

 mean vector (mu'=Q*mu)>>
1.456 -1.468 -1.787 2.17 -1.076 -1.403 1.176 -0.816 -1.635 -1.868 -1.721 -2.234 -1.711

 covariance matrix (Sigma'=Q*Sigma*t(Q))>>

13.831 0 0 -0.087 0 0 -1.93 0 0 0 0 0 0
0 9.566 -0.073 0 0.04 -0.039 0 -0.209 -0.264 -0.17 0.011 -0.22 -0.401
0 -0.073 7.884 0 0.071 0.03 0 -0.075 -0.041 -0.022 0.035 -0.072 -0.078
-0.087 0 0 15.773 0 0 -0.128 0 0 0 0 0 0
0 0.04 0.071 0 5.897 0.026 0 -0.142 -0.171 -0.014 0.195 0.378 -0.333
0 -0.039 0.03 0 0.026 6.318 0 -0.102 -0.115 -0.01 0.137 0.121 -0.224
-1.93 0 0 -0.128 0 0 12.639 0 0 0 0 0 0
0 -0.209 -0.075 0 -0.142 -0.102 0 3.914 0.076 0.037 -0.027 -0.523 0.139
0 -0.264 -0.041 0 -0.171 -0.115 0 0.076 3.749 0.091 0.085 -0.454 0.098
0 -0.17 -0.022 0 -0.014 -0.01 0 0.037 0.091 6.543 0.015 -0.295 0.136
0 0.011 0.035 0 0.195 0.137 0 -0.027 0.085 0.015 9.373 0.097 0.125
0 -0.22 -0.072 0 0.378 0.121 0 -0.523 -0.454 -0.295 0.097 8.378 -0.741
0 -0.401 -0.078 0 -0.333 -0.224 0 0.139 0.098 0.136 0.125 -0.741 1.495

 Mean vectors and covariance matrices after rotation --- 2th cluster >>

 mean vector (mu'=Q*mu)>>
1.456 1.468 1.787 2.17 1.076 1.403 1.176 0.816 1.635 1.868 1.721 2.234 1.711

 covariance matrix (Sigma'=Q*Sigma*t(Q))>>

13.831 0 0 -0.087 0 0 -1.93 0 0 0 0 0 0
0 3.311 -0.436 0 0.267 -0.142 0 0.098 -0.38 0.153 0.161 -0.067 0.113
0 -0.436 8.689 0 -0.023 -0.21 0 0.248 -0.441 -0.583 -0.585 -0.846 -0.332
-0.087 0 0 15.773 0 0 -0.128 0 0 0 0 0 0
0 0.267 -0.023 0 6.228 0.063 0 -0.248 -0.004 0.438 0.327 0.094 0.404
0 -0.142 -0.21 0 0.063 6.531 0 0.21 -0.174 -0.187 -0.215 0.044 -0.031
-1.93 0 0 -0.128 0 0 12.639 0 0 0 0 0 0
0 0.098 0.248 0 -0.248 0.21 0 9.618 0.24 0.208 0.072 0.428 0.319
0 -0.38 -0.441 0 -0.004 -0.174 0 0.24 8.474 -0.509 -0.512 -0.674 -0.282
0 0.153 -0.583 0 0.438 -0.187 0 0.208 -0.509 2.432 0.211 0.055 0.12
0 0.161 -0.585 0 0.327 -0.215 0 0.072 -0.512 0.211 3.33 -0.244 0.129
0 -0.067 -0.846 0 0.094 0.044 0 0.428 -0.674 0.055 -0.244 6.831 0.597
0 0.113 -0.332 0 0.404 -0.031 0 0.319 -0.282 0.12 0.129 0.597 2.054

 Mean vectors and covariance matrices after rotation --- 3th cluster >>

 mean vector (mu'=Q*mu)>>
1.456 0.566 0.689 2.17 0.415 0.541 1.176 0.314 -8.232 0.72 0.663 2.833 0.659

 covariance matrix (Sigma'=Q*Sigma*t(Q))>>

13.831 0 0 -0.087 0 0 -1.93 0 0 0 0 0 0
0 4.385 -1.022 0 0.513 0.506 0 -0.06 0.147 -0.022 -0.333 -0.125 0.462
0 -1.022 20.175 0 0.12 0.574 0 0.01 -0.993 -0.596 -0.279 -2.073 -1.172
-0.087 0 0 15.773 0 0 -0.128 0 0 0 0 0 0
0 0.513 0.12 0 16.869 -0.466 0 0.413 0.56 0.617 -0.117 0.841 0.028
0 0.506 0.574 0 -0.466 20.963 0 0.71 0.605 0.917 0.118 1.502 -0.326
-1.93 0 0 -0.128 0 0 12.639 0 0 0 0 0 0
0 -0.06 0.01 0 0.413 0.71 0 6.368 -0.006 0.21 0.333 1.055 0.004
0 0.147 -0.993 0 0.56 0.605 0 -0.006 5.132 0.036 -0.271 0.081 0.436
0 -0.022 -0.596 0 0.617 0.917 0 0.21 0.036 8.149 0.091 0.803 0.109
0 -0.333 -0.279 0 -0.117 0.118 0 0.333 -0.271 0.091 20.352 -0.453 -0.783
0 -0.125 -2.073 0 0.841 1.502 0 1.055 0.081 0.803 -0.453 13.89 -0.78
0 0.462 -1.172 0 0.028 -0.326 0 0.004 0.436 0.109 -0.783 -0.78 10.202

 Mean vectors and covariance matrices after rotation --- 4th cluster >>

 mean vector (mu'=Q*mu)>>
1.456 0.455 0.553 2.17 0.333 0.435 1.176 -8.103 -2.448 0.578 0.533 2.277 0.53

 covariance matrix (Sigma'=Q*Sigma*t(Q))>>

13.831 0 0 -0.087 0 0 -1.93 0 0 0 0 0 0
0 1.885 -0.004 0 -0.038 0.184 0 0.217 0.123 0.163 -0.351 -0.395 -0.183
0 -0.004 2.509 0 0.048 0.1 0 0.045 0.137 0.342 -0.158 0.293 -0.025
-0.087 0 0 15.773 0 0 -0.128 0 0 0 0 0 0
0 -0.038 0.048 0 2.607 0.02 0 -0.046 0.081 0.267 -0.003 0.46 0.05
0 0.184 0.1 0 0.02 4.879 0 0.228 0.092 -0.048 -0.356 -0.723 -0.154
-1.93 0 0 -0.128 0 0 12.639 0 0 0 0 0 0
0 0.217 0.045 0 -0.046 0.228 0 4.288 0.077 -0.166 -0.419 -1.056 -0.234
0 0.123 0.137 0 0.081 0.092 0 0.077 5.879 0.012 -0.233 -0.38 -0.052
0 0.163 0.342 0 0.267 -0.048 0 -0.166 0.012 9.289 0.028 0.047 0.197
0 -0.351 -0.158 0 -0.003 -0.356 0 -0.419 -0.233 0.028 9.135 -0.318 -0.076
0 -0.395 0.293 0 0.46 -0.723 0 -1.056 -0.38 0.047 -0.318 8.047 0.147
0 -0.183 -0.025 0 0.05 -0.154 0 -0.234 -0.052 0.197 -0.076 0.147 6.17

 Mean vectors and covariance matrices after rotation --- 5th cluster >>

 mean vector (mu'=Q*mu)>>
1.456 0.845 1.028 2.17 0.619 0.808 1.176 -1.619 -2.013 -7.015 0.99 4.23 0.985

 covariance matrix (Sigma'=Q*Sigma*t(Q))>>

13.831 0 0 -0.087 0 0 -1.93 0 0 0 0 0 0
0 9.356 -0.136 0 -0.327 -0.277 0 -0.442 0.061 -0.099 0.082 -0.269 -0.175
0 -0.136 7.544 0 0.076 0.131 0 0.001 0.246 -0.008 0.158 -0.346 0.04
-0.087 0 0 15.773 0 0 -0.128 0 0 0 0 0 0
0 -0.327 0.076 0 2.15 0.067 0 0.185 -0.151 0.021 -0.295 -0.686 0.003
0 -0.277 0.131 0 0.067 2.431 0 0.102 -0.072 0.091 -0.203 -0.377 0.037
-1.93 0 0 -0.128 0 0 12.639 0 0 0 0 0 0
0 -0.442 0.001 0 0.185 0.102 0 2.412 -0.268 -0.083 -0.451 -1.242 -0.049
0 0.061 0.246 0 -0.151 -0.072 0 -0.268 2.868 0.287 0.213 0.963 0.125
0 -0.099 -0.008 0 0.021 0.091 0 -0.083 0.287 8.099 0.222 -0.264 0.023
0 0.082 0.158 0 -0.295 -0.203 0 -0.451 0.213 0.222 4.683 0.919 0.039
0 -0.269 -0.346 0 -0.686 -0.377 0 -1.242 0.963 -0.264 0.919 8.304 -0.305
0 -0.175 0.04 0 0.003 0.037 0 -0.049 0.125 0.023 0.039 -0.305 6.195

 Final eigenvalues for each cluster >> 
 (rows correspond to clusters)
15.779 15.254 11.21 9.634 9.408 8.673 7.888 6.488 6.315 5.841 3.835 3.676 1.36
15.779 15.254 11.21 9.748 9.196 8.858 6.553 6.345 6.343 3.194 3.101 2.253 1.91
21.482 21.067 20.461 17.162 15.779 15.254 13.228 11.21 9.756 7.944 6.175 4.978 4.232
15.779 15.254 11.21 9.36 9.266 8.607 6.169 5.814 4.693 3.96 2.549 2.455 1.817
15.779 15.254 11.21 9.449 9.162 8.117 7.53 6.184 4.431 2.656 2.382 2.092 2.041

 theoretical Separation index matrix >>

-1 0.108 0.021 0.061 0.01
0.108 -1 0.01 0.01 0.07
0.021 0.01 -1 0.061 0.046
0.061 0.01 0.061 -1 0.089
0.01 0.07 0.046 0.089 -1

 theoretical projection directions >>

**** cluster 1 and 2
0 0.214 0.228 0 0.095 0.191 0 0.053 0.277 0.318 0.198 0.266 0.752

**** cluster 1 and 3
0 0.163 0.117 0 0.07 0.076 0 0.111 -0.839 0.191 0.098 0.267 0.341

**** cluster 1 and 4
0 0.192 0.211 0 0.123 0.189 0 -0.826 -0.051 0.138 0.107 0.211 0.328

**** cluster 1 and 5
0 0.178 0.225 0 0.284 0.325 0 0.006 -0.085 -0.404 0.194 0.491 0.531

**** cluster 2 and 3
0 -0.183 -0.117 0 0.006 -0.013 0 -0.015 -0.952 -0.172 -0.088 -0.002 -0.094

**** cluster 2 and 4
0 -0.228 -0.163 0 -0.096 -0.093 0 -0.831 -0.368 -0.12 -0.17 -0.08 -0.171

**** cluster 2 and 5
0 -0.06 -0.087 0 0.015 -0.079 0 -0.145 -0.309 -0.917 -0.074 0.108 -0.087

**** cluster 3 and 4
0 -0.019 0.011 0 -0.005 0.012 0 -0.835 0.549 -0.007 -0.001 -0.024 -0.032

**** cluster 3 and 5
0 -0.001 0.025 0 0.02 0.022 0 -0.203 0.834 -0.51 0.02 0.031 0.001

**** cluster 4 and 5
0 0.067 0.042 0 0.064 0.046 0 0.896 0.058 -0.348 0.086 0.22 0.06

 empirical Separation index matrix (alpha= 0.05 )>>

-1 0.095 0.136 -0.025 0.127
0.095 -1 0.042 0.095 0.146
0.136 0.042 -1 0.126 0.117
-0.025 0.095 0.126 -1 0.109
0.127 0.146 0.117 0.109 -1

 empirical projection directions >>

**** cluster 1 and 2
0.03 -0.036 0.065 -0.034 0.002 0.011 -0.043 0.139 0.381 0.874 0.195 -0.045 0.146

**** cluster 1 and 3
-0.066 -0.028 -0.057 -0.051 0.086 -0.052 -0.073 -0.851 -0.09 0.298 0.276 -0.272 -0.043

**** cluster 1 and 4
-0.028 -0.27 -0.292 -0.019 -0.408 -0.303 -0.163 0.02 0.16 0.305 -0.02 -0.49 -0.443

**** cluster 1 and 5
-0.057 -0.07 -0.004 0.08 0.042 -0.052 -0.068 0.197 -0.877 0.392 -0.033 0.121 -0.001

**** cluster 2 and 3
0.01 -0.241 -0.002 0.105 0.028 -0.03 0.054 -0.832 -0.404 -0.208 0.076 -0.124 0.084

**** cluster 2 and 4
0.01 -0.114 -0.282 0.028 -0.121 -0.052 -0.076 0.019 -0.31 -0.432 -0.197 -0.397 -0.636

**** cluster 2 and 5
-0.137 -0.218 -0.155 0.018 0.169 0.008 -0.1 -0.067 -0.914 -0.067 -0.058 0.132 -0.072

**** cluster 3 and 4
0.062 -0.116 -0.232 -0.027 -0.243 -0.184 0.027 0.751 0.095 -0.046 -0.2 -0.152 -0.443

**** cluster 3 and 5
-0.013 0.218 0.156 -0.002 -0.129 -0.088 -0.058 0.762 -0.534 0.111 -0.068 0.107 -0.075

**** cluster 4 and 5
-0.055 0.202 0.123 0.051 0.12 0.022 -0.051 0.146 -0.864 0.218 0.083 0.272 0.156
