
 Log information for the data set datasetJMG5v2nv10out0_2.dat >>

 alpha = 0.05 sepVal = 0.21

 Number of clusters >> 5

 cluster sizes >>
50 50 50 50 50

 Number of data points >> 250

 Number of dimensions >> 12

 Number of noisy dimensions >> 10

 noisy variables >>
1 2 3 4 5 8 9 10 11 12

 Number of outliers >> 0

 initial eigenvalues for each cluster >> 
 (rows correspond to clusters)
7.749 9
5.075 8.194
5.508 9.632
7.99 4.105
8.974 5.471

 Mean vectors and covariance matrices before rotation --- 1th cluster >>

 mean vector (mu'=Q*mu)>>
-8.393 0 6.348 6.989 6.968 7.166 7.039 6.339 6.643 6.485 6.724 6.957

 covariance matrix (Sigma'=Q*Sigma*t(Q))>>

8.48 -0.616 0 0 0 0 0 0 0 0 0 0
-0.616 8.269 0 0 0 0 0 0 0 0 0 0
0 0 112.845 10.478 4.648 -15.416 -12.652 0.532 3.045 14.116 -0.082 -4.36
0 0 10.478 72.498 1.449 -1.515 -1.242 0.29 2.686 4.618 0.065 -0.296
0 0 4.648 1.449 65.223 -0.392 -0.321 0.134 1.285 1.994 0.035 -0.044
0 0 -15.416 -1.515 -0.392 119.729 -15.867 -0.821 -11.137 -2.553 -0.562 -6.295
0 0 -12.652 -1.242 -0.321 -15.867 125.993 -0.674 -9.143 -2.093 -0.461 -5.17
0 0 0.532 0.29 0.134 -0.821 -0.674 97.311 -0.111 0.381 -0.013 -0.247
0 0 3.045 2.686 1.285 -11.137 -9.143 -0.111 100.704 3.448 -0.212 -3.427
0 0 14.116 4.618 1.994 -2.553 -2.093 0.381 3.448 77.76 0.077 -0.559
0 0 -0.082 0.065 0.035 -0.562 -0.461 -0.013 -0.212 0.077 113.001 -0.177
0 0 -4.36 -0.296 -0.044 -6.295 -5.17 -0.247 -3.427 -0.559 -0.177 131.312

 Mean vectors and covariance matrices before rotation --- 2th cluster >>

 mean vector (mu'=Q*mu)>>
8.393 0 6.348 6.989 6.968 7.166 7.039 6.339 6.643 6.485 6.724 6.957

 covariance matrix (Sigma'=Q*Sigma*t(Q))>>

7.45 -1.33 0 0 0 0 0 0 0 0 0 0
-1.33 5.82 0 0 0 0 0 0 0 0 0 0
0 0 112.845 10.478 4.648 -15.416 -12.652 0.532 3.045 14.116 -0.082 -4.36
0 0 10.478 72.498 1.449 -1.515 -1.242 0.29 2.686 4.618 0.065 -0.296
0 0 4.648 1.449 65.223 -0.392 -0.321 0.134 1.285 1.994 0.035 -0.044
0 0 -15.416 -1.515 -0.392 119.729 -15.867 -0.821 -11.137 -2.553 -0.562 -6.295
0 0 -12.652 -1.242 -0.321 -15.867 125.993 -0.674 -9.143 -2.093 -0.461 -5.17
0 0 0.532 0.29 0.134 -0.821 -0.674 97.311 -0.111 0.381 -0.013 -0.247
0 0 3.045 2.686 1.285 -11.137 -9.143 -0.111 100.704 3.448 -0.212 -3.427
0 0 14.116 4.618 1.994 -2.553 -2.093 0.381 3.448 77.76 0.077 -0.559
0 0 -0.082 0.065 0.035 -0.562 -0.461 -0.013 -0.212 0.077 113.001 -0.177
0 0 -4.36 -0.296 -0.044 -6.295 -5.17 -0.247 -3.427 -0.559 -0.177 131.312

 Mean vectors and covariance matrices before rotation --- 3th cluster >>

 mean vector (mu'=Q*mu)>>
0 14.537 6.348 6.989 6.968 7.166 7.039 6.339 6.643 6.485 6.724 6.957

 covariance matrix (Sigma'=Q*Sigma*t(Q))>>

8.394 -1.89 0 0 0 0 0 0 0 0 0 0
-1.89 6.746 0 0 0 0 0 0 0 0 0 0
0 0 112.845 10.478 4.648 -15.416 -12.652 0.532 3.045 14.116 -0.082 -4.36
0 0 10.478 72.498 1.449 -1.515 -1.242 0.29 2.686 4.618 0.065 -0.296
0 0 4.648 1.449 65.223 -0.392 -0.321 0.134 1.285 1.994 0.035 -0.044
0 0 -15.416 -1.515 -0.392 119.729 -15.867 -0.821 -11.137 -2.553 -0.562 -6.295
0 0 -12.652 -1.242 -0.321 -15.867 125.993 -0.674 -9.143 -2.093 -0.461 -5.17
0 0 0.532 0.29 0.134 -0.821 -0.674 97.311 -0.111 0.381 -0.013 -0.247
0 0 3.045 2.686 1.285 -11.137 -9.143 -0.111 100.704 3.448 -0.212 -3.427
0 0 14.116 4.618 1.994 -2.553 -2.093 0.381 3.448 77.76 0.077 -0.559
0 0 -0.082 0.065 0.035 -0.562 -0.461 -0.013 -0.212 0.077 113.001 -0.177
0 0 -4.36 -0.296 -0.044 -6.295 -5.17 -0.247 -3.427 -0.559 -0.177 131.312

 Mean vectors and covariance matrices before rotation --- 4th cluster >>

 mean vector (mu'=Q*mu)>>
25.18 0 6.348 6.989 6.968 7.166 7.039 6.339 6.643 6.485 6.724 6.957

 covariance matrix (Sigma'=Q*Sigma*t(Q))>>

8.308 2.642 0 0 0 0 0 0 0 0 0 0
2.642 8.152 0 0 0 0 0 0 0 0 0 0
0 0 112.845 10.478 4.648 -15.416 -12.652 0.532 3.045 14.116 -0.082 -4.36
0 0 10.478 72.498 1.449 -1.515 -1.242 0.29 2.686 4.618 0.065 -0.296
0 0 4.648 1.449 65.223 -0.392 -0.321 0.134 1.285 1.994 0.035 -0.044
0 0 -15.416 -1.515 -0.392 119.729 -15.867 -0.821 -11.137 -2.553 -0.562 -6.295
0 0 -12.652 -1.242 -0.321 -15.867 125.993 -0.674 -9.143 -2.093 -0.461 -5.17
0 0 0.532 0.29 0.134 -0.821 -0.674 97.311 -0.111 0.381 -0.013 -0.247
0 0 3.045 2.686 1.285 -11.137 -9.143 -0.111 100.704 3.448 -0.212 -3.427
0 0 14.116 4.618 1.994 -2.553 -2.093 0.381 3.448 77.76 0.077 -0.559
0 0 -0.082 0.065 0.035 -0.562 -0.461 -0.013 -0.212 0.077 113.001 -0.177
0 0 -4.36 -0.296 -0.044 -6.295 -5.17 -0.247 -3.427 -0.559 -0.177 131.312

 Mean vectors and covariance matrices before rotation --- 5th cluster >>

 mean vector (mu'=Q*mu)>>
16.786 14.537 6.348 6.989 6.968 7.166 7.039 6.339 6.643 6.485 6.724 6.957

 covariance matrix (Sigma'=Q*Sigma*t(Q))>>

7.341 0.573 0 0 0 0 0 0 0 0 0 0
0.573 11.853 0 0 0 0 0 0 0 0 0 0
0 0 112.845 10.478 4.648 -15.416 -12.652 0.532 3.045 14.116 -0.082 -4.36
0 0 10.478 72.498 1.449 -1.515 -1.242 0.29 2.686 4.618 0.065 -0.296
0 0 4.648 1.449 65.223 -0.392 -0.321 0.134 1.285 1.994 0.035 -0.044
0 0 -15.416 -1.515 -0.392 119.729 -15.867 -0.821 -11.137 -2.553 -0.562 -6.295
0 0 -12.652 -1.242 -0.321 -15.867 125.993 -0.674 -9.143 -2.093 -0.461 -5.17
0 0 0.532 0.29 0.134 -0.821 -0.674 97.311 -0.111 0.381 -0.013 -0.247
0 0 3.045 2.686 1.285 -11.137 -9.143 -0.111 100.704 3.448 -0.212 -3.427
0 0 14.116 4.618 1.994 -2.553 -2.093 0.381 3.448 77.76 0.077 -0.559
0 0 -0.082 0.065 0.035 -0.562 -0.461 -0.013 -0.212 0.077 113.001 -0.177
0 0 -4.36 -0.296 -0.044 -6.295 -5.17 -0.247 -3.427 -0.559 -0.177 131.312

 Final eigenvalues for each cluster >> 
 (rows correspond to clusters)
139.051 139.023 133.352 113.014 103.49 97.309 85.965 71.437 69.131 64.603 9 7.749
139.051 139.023 133.352 113.014 103.49 97.309 85.965 71.437 69.131 64.603 8.194 5.075
139.051 139.023 133.352 113.014 103.49 97.309 85.965 71.437 69.131 64.603 9.633 5.508
139.051 139.023 133.352 113.014 103.49 97.309 85.965 71.437 69.131 64.603 10.873 5.587
139.051 139.023 133.352 113.014 103.49 97.309 85.965 71.437 69.131 64.603 11.925 7.269

 *************************************************

 ********************* rotation ******************

 *************************************************


 The orthogonal matrix Q >>
0.284 0.959
0.959 -0.284

 Mean vectors and covariance matrices after rotation --- 1th cluster >>

 mean vector (mu'=Q*mu)>>
6.968 6.957 6.485 6.339 6.643 -2.381 -8.048 6.348 6.724 7.039 6.989 7.166

 covariance matrix (Sigma'=Q*Sigma*t(Q))>>

65.223 -0.044 1.994 0.134 1.285 0 0 4.648 0.035 -0.321 1.449 -0.392
-0.044 131.312 -0.559 -0.247 -3.427 0 0 -4.36 -0.177 -5.17 -0.296 -6.295
1.994 -0.559 77.76 0.381 3.448 0 0 14.116 0.077 -2.093 4.618 -2.553
0.134 -0.247 0.381 97.311 -0.111 0 0 0.532 -0.013 -0.674 0.29 -0.821
1.285 -3.427 3.448 -0.111 100.704 0 0 3.045 -0.212 -9.143 2.686 -11.137
0 0 0 0 0 7.951 -0.46 0 0 0 0 0
0 0 0 0 0 -0.46 8.798 0 0 0 0 0
4.648 -4.36 14.116 0.532 3.045 0 0 112.845 -0.082 -12.652 10.478 -15.416
0.035 -0.177 0.077 -0.013 -0.212 0 0 -0.082 113.001 -0.461 0.065 -0.562
-0.321 -5.17 -2.093 -0.674 -9.143 0 0 -12.652 -0.461 125.993 -1.242 -15.867
1.449 -0.296 4.618 0.29 2.686 0 0 10.478 0.065 -1.242 72.498 -1.515
-0.392 -6.295 -2.553 -0.821 -11.137 0 0 -15.416 -0.562 -15.867 -1.515 119.729

 Mean vectors and covariance matrices after rotation --- 2th cluster >>

 mean vector (mu'=Q*mu)>>
6.968 6.957 6.485 6.339 6.643 2.381 8.048 6.348 6.724 7.039 6.989 7.166

 covariance matrix (Sigma'=Q*Sigma*t(Q))>>

65.223 -0.044 1.994 0.134 1.285 0 0 4.648 0.035 -0.321 1.449 -0.392
-0.044 131.312 -0.559 -0.247 -3.427 0 0 -4.36 -0.177 -5.17 -0.296 -6.295
1.994 -0.559 77.76 0.381 3.448 0 0 14.116 0.077 -2.093 4.618 -2.553
0.134 -0.247 0.381 97.311 -0.111 0 0 0.532 -0.013 -0.674 0.29 -0.821
1.285 -3.427 3.448 -0.111 100.704 0 0 3.045 -0.212 -9.143 2.686 -11.137
0 0 0 0 0 5.228 -0.673 0 0 0 0 0
0 0 0 0 0 -0.673 8.042 0 0 0 0 0
4.648 -4.36 14.116 0.532 3.045 0 0 112.845 -0.082 -12.652 10.478 -15.416
0.035 -0.177 0.077 -0.013 -0.212 0 0 -0.082 113.001 -0.461 0.065 -0.562
-0.321 -5.17 -2.093 -0.674 -9.143 0 0 -12.652 -0.461 125.993 -1.242 -15.867
1.449 -0.296 4.618 0.29 2.686 0 0 10.478 0.065 -1.242 72.498 -1.515
-0.392 -6.295 -2.553 -0.821 -11.137 0 0 -15.416 -0.562 -15.867 -1.515 119.729

 Mean vectors and covariance matrices after rotation --- 3th cluster >>

 mean vector (mu'=Q*mu)>>
6.968 6.957 6.485 6.339 6.643 13.94 -4.124 6.348 6.724 7.039 6.989 7.166

 covariance matrix (Sigma'=Q*Sigma*t(Q))>>

65.223 -0.044 1.994 0.134 1.285 0 0 4.648 0.035 -0.321 1.449 -0.392
-0.044 131.312 -0.559 -0.247 -3.427 0 0 -4.36 -0.177 -5.17 -0.296 -6.295
1.994 -0.559 77.76 0.381 3.448 0 0 14.116 0.077 -2.093 4.618 -2.553
0.134 -0.247 0.381 97.311 -0.111 0 0 0.532 -0.013 -0.674 0.29 -0.821
1.285 -3.427 3.448 -0.111 100.704 0 0 3.045 -0.212 -9.143 2.686 -11.137
0 0 0 0 0 5.85 -1.138 0 0 0 0 0
0 0 0 0 0 -1.138 9.29 0 0 0 0 0
4.648 -4.36 14.116 0.532 3.045 0 0 112.845 -0.082 -12.652 10.478 -15.416
0.035 -0.177 0.077 -0.013 -0.212 0 0 -0.082 113.001 -0.461 0.065 -0.562
-0.321 -5.17 -2.093 -0.674 -9.143 0 0 -12.652 -0.461 125.993 -1.242 -15.867
1.449 -0.296 4.618 0.29 2.686 0 0 10.478 0.065 -1.242 72.498 -1.515
-0.392 -6.295 -2.553 -0.821 -11.137 0 0 -15.416 -0.562 -15.867 -1.515 119.729

 Mean vectors and covariance matrices after rotation --- 4th cluster >>

 mean vector (mu'=Q*mu)>>
6.968 6.957 6.485 6.339 6.643 7.144 24.145 6.348 6.724 7.039 6.989 7.166

 covariance matrix (Sigma'=Q*Sigma*t(Q))>>

65.223 -0.044 1.994 0.134 1.285 0 0 4.648 0.035 -0.321 1.449 -0.392
-0.044 131.312 -0.559 -0.247 -3.427 0 0 -4.36 -0.177 -5.17 -0.296 -6.295
1.994 -0.559 77.76 0.381 3.448 0 0 14.116 0.077 -2.093 4.618 -2.553
0.134 -0.247 0.381 97.311 -0.111 0 0 0.532 -0.013 -0.674 0.29 -0.821
1.285 -3.427 3.448 -0.111 100.704 0 0 3.045 -0.212 -9.143 2.686 -11.137
0 0 0 0 0 9.602 2.259 0 0 0 0 0
0 0 0 0 0 2.259 6.858 0 0 0 0 0
4.648 -4.36 14.116 0.532 3.045 0 0 112.845 -0.082 -12.652 10.478 -15.416
0.035 -0.177 0.077 -0.013 -0.212 0 0 -0.082 113.001 -0.461 0.065 -0.562
-0.321 -5.17 -2.093 -0.674 -9.143 0 0 -12.652 -0.461 125.993 -1.242 -15.867
1.449 -0.296 4.618 0.29 2.686 0 0 10.478 0.065 -1.242 72.498 -1.515
-0.392 -6.295 -2.553 -0.821 -11.137 0 0 -15.416 -0.562 -15.867 -1.515 119.729

 Mean vectors and covariance matrices after rotation --- 5th cluster >>

 mean vector (mu'=Q*mu)>>
6.968 6.957 6.485 6.339 6.643 18.703 11.972 6.348 6.724 7.039 6.989 7.166

 covariance matrix (Sigma'=Q*Sigma*t(Q))>>

65.223 -0.044 1.994 0.134 1.285 0 0 4.648 0.035 -0.321 1.449 -0.392
-0.044 131.312 -0.559 -0.247 -3.427 0 0 -4.36 -0.177 -5.17 -0.296 -6.295
1.994 -0.559 77.76 0.381 3.448 0 0 14.116 0.077 -2.093 4.618 -2.553
0.134 -0.247 0.381 97.311 -0.111 0 0 0.532 -0.013 -0.674 0.29 -0.821
1.285 -3.427 3.448 -0.111 100.704 0 0 3.045 -0.212 -9.143 2.686 -11.137
0 0 0 0 0 11.802 -0.747 0 0 0 0 0
0 0 0 0 0 -0.747 7.392 0 0 0 0 0
4.648 -4.36 14.116 0.532 3.045 0 0 112.845 -0.082 -12.652 10.478 -15.416
0.035 -0.177 0.077 -0.013 -0.212 0 0 -0.082 113.001 -0.461 0.065 -0.562
-0.321 -5.17 -2.093 -0.674 -9.143 0 0 -12.652 -0.461 125.993 -1.242 -15.867
1.449 -0.296 4.618 0.29 2.686 0 0 10.478 0.065 -1.242 72.498 -1.515
-0.392 -6.295 -2.553 -0.821 -11.137 0 0 -15.416 -0.562 -15.867 -1.515 119.729

 Final eigenvalues for each cluster >> 
 (rows correspond to clusters)
139.051 139.023 133.352 113.014 103.49 97.309 85.965 71.437 69.131 64.603 9 7.749
139.051 139.023 133.352 113.014 103.49 97.309 85.965 71.437 69.131 64.603 8.194 5.075
139.051 139.023 133.352 113.014 103.49 97.309 85.965 71.437 69.131 64.603 9.633 5.508
139.051 139.023 133.352 113.014 103.49 97.309 85.965 71.437 69.131 64.603 10.873 5.587
139.051 139.023 133.352 113.014 103.49 97.309 85.965 71.437 69.131 64.603 11.925 7.269

 theoretical Separation index matrix >>

-1 0.21 0.25 0.497 0.44
0.21 -1 0.214 0.21 0.211
0.25 0.214 -1 0.457 0.21
0.497 0.21 0.457 -1 0.216
0.44 0.211 0.21 0.216 -1

 theoretical projection directions >>

**** cluster 1 and 2
0 0 0 0 0 0.415 0.91 0 0 0 0 0

**** cluster 1 and 3
0 0 0 0 0 0.966 0.257 0 0 0 0 0

**** cluster 1 and 4
0 0 0 0 0 0.158 0.987 0 0 0 0 0

**** cluster 1 and 5
0 0 0 0 0 0.657 0.754 0 0 0 0 0

**** cluster 2 and 3
0 0 0 0 0 0.842 -0.539 0 0 0 0 0

**** cluster 2 and 4
0 0 0 0 0 0.194 0.981 0 0 0 0 0

**** cluster 2 and 5
0 0 0 0 0 0.95 0.311 0 0 0 0 0

**** cluster 3 and 4
0 0 0 0 0 -0.312 0.95 0 0 0 0 0

**** cluster 3 and 5
0 0 0 0 0 0.348 0.938 0 0 0 0 0

**** cluster 4 and 5
0 0 0 0 0 0.557 -0.831 0 0 0 0 0

 empirical Separation index matrix (alpha= 0.05 )>>

-1 0.294 0.264 0.478 0.198
0.294 -1 0.183 0.191 0.321
0.264 0.183 -1 0.491 0.435
0.478 0.191 0.491 -1 0.362
0.198 0.321 0.435 0.362 -1

 empirical projection directions >>

**** cluster 1 and 2
-0.042 -0.015 0.038 -0.001 0.009 -0.989 -0.127 -0.002 -0.016 -0.011 -0.045 0.029

**** cluster 1 and 3
-0.017 -0.029 0.011 -0.008 0.017 -0.659 0.742 0.032 -0.009 -0.044 -0.089 -0.046

**** cluster 1 and 4
-0.069 -0.037 0.051 -0.014 0.044 -0.762 -0.636 0.025 -0.035 0.028 -0.03 0.002

**** cluster 1 and 5
-0.027 -0.002 0.035 -0.051 -0.007 -0.533 -0.837 0.02 -0.025 0.081 0.056 -0.004

**** cluster 2 and 3
0.035 0.02 0.029 0.022 -0.032 0.223 0.968 0.037 -0.055 -0.036 -0.044 -0.033

**** cluster 2 and 4
-0.013 -0.039 0.001 0.03 0.037 -0.54 -0.839 0.013 0.005 0.02 -0.015 0.012

**** cluster 2 and 5
0.038 -0.017 -0.018 -0.01 0.034 0.965 -0.246 0.01 0.01 0.022 0.05 -0.048

**** cluster 3 and 4
-0.073 -0.041 0.04 -0.034 0.023 -0.2 -0.974 -0.018 0.005 0.022 0 0

**** cluster 3 and 5
-0.008 -0.004 0.013 -0.033 0.042 0.422 -0.899 -0.019 0.023 0.062 0.076 0.024

**** cluster 4 and 5
0.044 -0.006 -0.014 -0.009 -0.015 0.979 0.193 -0.026 0.002 -0.031 -0.011 -0.032
