
 Log information for the data set datasetJMG2v5nv1out0_1.dat >>

 alpha = 0.05 sepVal = 0.21

 Number of clusters >> 2

 cluster sizes >>
50 50

 Number of data points >> 100

 Number of dimensions >> 6

 Number of noisy dimensions >> 1

 noisy variables >>
1

 Number of outliers >> 0

 initial eigenvalues for each cluster >> 
 (rows correspond to clusters)
4.042 9.753 1.303 7.674 7.349
8.53 8.053 5.037 7.312 1.328

 Mean vectors and covariance matrices before rotation --- 1th cluster >>

 mean vector (mu'=Q*mu)>>
-6.66 0 0 0 0 0

 covariance matrix (Sigma'=Q*Sigma*t(Q))>>

6.269 -1.672 1.23 -1.366 -0.465 0
-1.672 8.778 -0.114 -1.225 -0.469 0
1.23 -0.114 1.689 0.063 0.04 0
-1.366 -1.225 0.063 6.239 -0.541 0
-0.465 -0.469 0.04 -0.541 7.146 0
0 0 0 0 0 8.464

 Mean vectors and covariance matrices before rotation --- 2th cluster >>

 mean vector (mu'=Q*mu)>>
6.66 0 0 0 0 0

 covariance matrix (Sigma'=Q*Sigma*t(Q))>>

5.163 -0.93 0.342 -0.752 2.55 0
-0.93 7.808 0.184 -0.171 0.946 0
0.342 0.184 5.683 0.354 1.578 0
-0.752 -0.171 0.354 7.256 1.317 0
2.55 0.946 1.578 1.317 4.348 0
0 0 0 0 0 8.464

 Final eigenvalues for each cluster >> 
 (rows correspond to clusters)
9.753 8.464 7.674 7.349 4.042 1.303
8.53 8.464 8.053 7.312 5.037 1.328

 *************************************************

 ********************* rotation ******************

 *************************************************


 The orthogonal matrix Q >>
0.776 0.455 0.373 0.056 0.22
0.455 -0.883 0.096 0.014 0.056
0.373 0.096 -0.921 0.012 0.046
0.056 0.014 0.012 -0.998 0.007
0.22 0.056 0.046 0.007 -0.973

 Mean vectors and covariance matrices after rotation --- 1th cluster >>

 mean vector (mu'=Q*mu)>>
0 -2.486 -3.03 -5.166 -1.468 -0.372

 covariance matrix (Sigma'=Q*Sigma*t(Q))>>

8.464 0 0 0 0 0
0 1.418 0.097 0.48 0.116 0.684
0 0.097 9.694 -0.015 -0.058 -0.387
0 0.48 -0.015 5.248 0.21 1.668
0 0.116 -0.058 0.21 7.329 -0.139
0 0.684 -0.387 1.668 -0.139 6.431

 Mean vectors and covariance matrices after rotation --- 2th cluster >>

 mean vector (mu'=Q*mu)>>
0 2.486 3.03 5.166 1.468 0.372

 covariance matrix (Sigma'=Q*Sigma*t(Q))>>

8.464 0 0 0 0 0
0 5.242 0.005 -0.551 0.329 0.511
0 0.005 8.027 -0.311 -0.365 0.074
0 -0.551 -0.311 6.649 -2.679 0.176
0 0.329 -0.365 -2.679 3.027 1.262
0 0.511 0.074 0.176 1.262 7.313

 Final eigenvalues for each cluster >> 
 (rows correspond to clusters)
9.753 8.464 7.674 7.349 4.042 1.303
8.53 8.464 8.053 7.312 5.037 1.328

 theoretical Separation index matrix >>

-1 0.21
0.21 -1

 theoretical projection directions >>

**** cluster 1 and 2
0 0.497 0.257 0.714 0.401 -0.125

 empirical Separation index matrix (alpha= 0.05 )>>

-1 0.226
0.226 -1

 empirical projection directions >>

**** cluster 1 and 2
0.035 -0.357 -0.227 -0.779 -0.447 0.112
