
 Log information for the data set datasetJLG2v10nv10out0_1.dat >>

 alpha = 0.05 sepVal = 0.01

 Number of clusters >> 2

 cluster sizes >>
50 50

 Number of data points >> 100

 Number of dimensions >> 20

 Number of noisy dimensions >> 10

 noisy variables >>
1 3 4 6 13 14 15 16 18 19

 Number of outliers >> 0

 initial eigenvalues for each cluster >> 
 (rows correspond to clusters)
3.463 8.74 3.272 2.071 3.217 3.009 6.825 8.356 1.982 1.685
1.954 8.174 1.226 3.088 8.633 2.528 7.184 4.306 1.162 3.734

 Mean vectors and covariance matrices before rotation --- 1th cluster >>

 mean vector (mu'=Q*mu)>>
-3.532 0 0 0 0 0 0 0 0 0 0 0 0 0 0 0 0 0 0 0

 covariance matrix (Sigma'=Q*Sigma*t(Q))>>

4.141 -0.694 0.284 0.146 0.244 0.377 -1.128 -1.288 0.664 0.428 0 0 0 0 0 0 0 0 0 0
-0.694 8.587 -0.201 -0.028 -0.158 -0.182 -0.337 -0.298 -0.117 -0.06 0 0 0 0 0 0 0 0 0 0
0.284 -0.201 3.381 0.048 0.093 0.137 -0.318 -0.372 0.22 0.14 0 0 0 0 0 0 0 0 0 0
0.146 -0.028 0.048 2.086 0.04 0.052 -0.033 -0.049 0.064 0.039 0 0 0 0 0 0 0 0 0 0
0.244 -0.158 0.093 0.04 3.295 0.114 -0.247 -0.291 0.179 0.114 0 0 0 0 0 0 0 0 0 0
0.377 -0.182 0.137 0.052 0.114 3.17 -0.275 -0.334 0.236 0.149 0 0 0 0 0 0 0 0 0 0
-1.128 -0.337 -0.318 -0.033 -0.247 -0.275 6.126 -0.648 -0.133 -0.059 0 0 0 0 0 0 0 0 0 0
-1.288 -0.298 -0.372 -0.049 -0.291 -0.334 -0.648 7.779 -0.209 -0.105 0 0 0 0 0 0 0 0 0 0
0.664 -0.117 0.22 0.064 0.179 0.236 -0.133 -0.209 2.266 0.173 0 0 0 0 0 0 0 0 0 0
0.428 -0.06 0.14 0.039 0.114 0.149 -0.059 -0.105 0.173 1.79 0 0 0 0 0 0 0 0 0 0
0 0 0 0 0 0 0 0 0 0 8.861 0.077 1.533 0.096 -0.005 -0.068 -0.535 0.645 0.649 1.733
0 0 0 0 0 0 0 0 0 0 0.077 5.218 0.081 0.01 0.011 0.016 0.043 0.041 0.033 0.072
0 0 0 0 0 0 0 0 0 0 1.533 0.081 9.896 0.294 0.319 0.451 1.149 1.202 0.99 2.188
0 0 0 0 0 0 0 0 0 0 0.096 0.01 0.294 9.059 0.036 0.05 0.123 0.145 0.121 0.271
0 0 0 0 0 0 0 0 0 0 -0.005 0.011 0.319 0.036 10.296 0.049 0.113 0.155 0.131 0.3
0 0 0 0 0 0 0 0 0 0 -0.068 0.016 0.451 0.05 0.049 10.724 0.149 0.219 0.186 0.427
0 0 0 0 0 0 0 0 0 0 -0.535 0.043 1.149 0.123 0.113 0.149 11.735 0.551 0.476 1.107
0 0 0 0 0 0 0 0 0 0 0.645 0.041 1.202 0.145 0.155 0.219 0.551 8.642 0.494 1.098
0 0 0 0 0 0 0 0 0 0 0.649 0.033 0.99 0.121 0.131 0.186 0.476 0.494 7.775 0.898
0 0 0 0 0 0 0 0 0 0 1.733 0.072 2.188 0.271 0.3 0.427 1.107 1.098 0.898 8.444

 Mean vectors and covariance matrices before rotation --- 2th cluster >>

 mean vector (mu'=Q*mu)>>
3.532 0 0 0 0 0 0 0 0 0 0 0 0 0 0 0 0 0 0 0

 covariance matrix (Sigma'=Q*Sigma*t(Q))>>

3.374 -1.8 0.63 -0.053 -0.555 0.181 -0.017 -0.583 0.34 -0.036 0 0 0 0 0 0 0 0 0 0
-1.8 7.208 -0.398 -0.641 -0.285 -0.592 -0.01 -0.802 -0.204 -0.08 0 0 0 0 0 0 0 0 0 0
0.63 -0.398 1.456 0.064 -0.125 0.125 -0.004 -0.069 0.123 -0.001 0 0 0 0 0 0 0 0 0 0
-0.053 -0.641 0.064 2.936 -0.195 -0.086 -0.006 -0.314 0.037 -0.026 0 0 0 0 0 0 0 0 0 0
-0.555 -0.285 -0.125 -0.195 8.549 -0.181 -0.003 -0.241 -0.064 -0.024 0 0 0 0 0 0 0 0 0 0
0.181 -0.592 0.125 -0.086 -0.181 2.51 -0.006 -0.246 0.069 -0.019 0 0 0 0 0 0 0 0 0 0
-0.017 -0.01 -0.004 -0.006 -0.003 -0.006 7.184 -0.008 -0.002 -0.001 0 0 0 0 0 0 0 0 0 0
-0.583 -0.802 -0.069 -0.314 -0.241 -0.246 -0.008 3.814 -0.032 -0.045 0 0 0 0 0 0 0 0 0 0
0.34 -0.204 0.123 0.037 -0.064 0.069 -0.002 -0.032 1.227 0 0 0 0 0 0 0 0 0 0 0
-0.036 -0.08 -0.001 -0.026 -0.024 -0.019 -0.001 -0.045 0 3.73 0 0 0 0 0 0 0 0 0 0
0 0 0 0 0 0 0 0 0 0 8.861 0.077 1.533 0.096 -0.005 -0.068 -0.535 0.645 0.649 1.733
0 0 0 0 0 0 0 0 0 0 0.077 5.218 0.081 0.01 0.011 0.016 0.043 0.041 0.033 0.072
0 0 0 0 0 0 0 0 0 0 1.533 0.081 9.896 0.294 0.319 0.451 1.149 1.202 0.99 2.188
0 0 0 0 0 0 0 0 0 0 0.096 0.01 0.294 9.059 0.036 0.05 0.123 0.145 0.121 0.271
0 0 0 0 0 0 0 0 0 0 -0.005 0.011 0.319 0.036 10.296 0.049 0.113 0.155 0.131 0.3
0 0 0 0 0 0 0 0 0 0 -0.068 0.016 0.451 0.05 0.049 10.724 0.149 0.219 0.186 0.427
0 0 0 0 0 0 0 0 0 0 -0.535 0.043 1.149 0.123 0.113 0.149 11.735 0.551 0.476 1.107
0 0 0 0 0 0 0 0 0 0 0.645 0.041 1.202 0.145 0.155 0.219 0.551 8.642 0.494 1.098
0 0 0 0 0 0 0 0 0 0 0.649 0.033 0.99 0.121 0.131 0.186 0.476 0.494 7.775 0.898
0 0 0 0 0 0 0 0 0 0 1.733 0.072 2.188 0.271 0.3 0.427 1.107 1.098 0.898 8.444

 Final eigenvalues for each cluster >> 
 (rows correspond to clusters)
14.696 11.422 10.658 10.26 9.025 8.74 8.356 8.045 7.487 7.368 6.825 6.474 5.215 3.463 3.272 3.217 3.009 2.071 1.982 1.685
14.696 11.422 10.658 10.26 9.025 8.633 8.174 8.045 7.487 7.368 7.184 6.474 5.215 4.306 3.734 3.088 2.528 1.954 1.226 1.162

 *************************************************

 ********************* rotation ******************

 *************************************************


 The orthogonal matrix Q >>
0.411 0.073 0.283 0.284 0.361 0.05 0.063 0.534 0.276 0.408
0.073 -0.996 0.015 0.015 0.019 0.003 0.003 0.028 0.014 0.021
0.283 0.015 -0.943 0.057 0.072 0.01 0.013 0.107 0.055 0.082
0.284 0.015 0.057 -0.943 0.072 0.01 0.013 0.107 0.056 0.082
0.361 0.019 0.072 0.072 -0.908 0.013 0.016 0.136 0.071 0.104
0.05 0.003 0.01 0.01 0.013 -0.998 0.002 0.019 0.01 0.014
0.063 0.003 0.013 0.013 0.016 0.002 -0.997 0.024 0.012 0.018
0.534 0.028 0.107 0.107 0.136 0.019 0.024 -0.798 0.105 0.154
0.276 0.014 0.055 0.056 0.071 0.01 0.012 0.105 -0.946 0.08
0.408 0.021 0.082 0.082 0.104 0.014 0.018 0.154 0.08 -0.882

 Mean vectors and covariance matrices after rotation --- 1th cluster >>

 mean vector (mu'=Q*mu)>>
0 -1.443 0 0 -0.224 0 -1.002 -0.976 -1.274 -0.258 -1.885 -1 0 0 0 0 -0.176 0 0 -1.453

 covariance matrix (Sigma'=Q*Sigma*t(Q))>>

10.296 0 0.131 0.011 0 0.049 0 0 0 0 0 0 -0.005 0.113 0.3 0.155 0 0.036 0.319 0
0 1.891 0 0 0.552 0 0.154 0.038 0.135 0.24 0.005 0.119 0 0 0 0 0.008 0 0 0.569
0.131 0 7.775 0.033 0 0.186 0 0 0 0 0 0 0.649 0.476 0.898 0.494 0 0.121 0.99 0
0.011 0 0.033 5.218 0 0.016 0 0 0 0 0 0 0.077 0.043 0.072 0.041 0 0.01 0.081 0
0 0.552 0 0 6.314 0 0.399 0.249 0.282 -0.184 0.147 0.092 0 0 0 0 -0.224 0 0 0.951
0.049 0 0.186 0.016 0 10.724 0 0 0 0 0 0 -0.068 0.149 0.427 0.219 0 0.05 0.451 0
0 0.154 0 0 0.399 0 2.196 0 0.093 0.189 0.085 0.065 0 0 0 0 -0.04 0 0 0.398
0 0.038 0 0 0.249 0 0 2.037 0.014 0.05 -0.399 0.065 0 0 0 0 0.116 0 0 0.057
0 0.135 0 0 0.282 0 0.093 0.014 3.253 0.095 -0.284 0.027 0 0 0 0 -0.019 0 0 0.132
0 0.24 0 0 -0.184 0 0.189 0.05 0.095 8.691 0.09 -0.009 0 0 0 0 -0.172 0 0 0.305
0 0.005 0 0 0.147 0 0.085 -0.399 -0.284 0.09 7.894 -0.414 0 0 0 0 -0.521 0 0 -1.18
0 0.119 0 0 0.092 0 0.065 0.065 0.027 -0.009 -0.414 3.304 0 0 0 0 0.028 0 0 0.068
-0.005 0 0.649 0.077 0 -0.068 0 0 0 0 0 0 8.861 -0.535 1.733 0.645 0 0.096 1.533 0
0.113 0 0.476 0.043 0 0.149 0 0 0 0 0 0 -0.535 11.735 1.107 0.551 0 0.123 1.149 0
0.3 0 0.898 0.072 0 0.427 0 0 0 0 0 0 1.733 1.107 8.444 1.098 0 0.271 2.188 0
0.155 0 0.494 0.041 0 0.219 0 0 0 0 0 0 0.645 0.551 1.098 8.642 0 0.145 1.202 0
0 0.008 0 0 -0.224 0 -0.04 0.116 -0.019 -0.172 -0.521 0.028 0 0 0 0 3.134 0 0 -0.135
0.036 0 0.121 0.01 0 0.05 0 0 0 0 0 0 0.096 0.123 0.271 0.145 0 9.059 0.294 0
0.319 0 0.99 0.081 0 0.451 0 0 0 0 0 0 1.533 1.149 2.188 1.202 0 0.294 9.896 0
0 0.569 0 0 0.951 0 0.398 0.057 0.132 0.305 -1.18 0.068 0 0 0 0 -0.135 0 0 3.906

 Mean vectors and covariance matrices after rotation --- 2th cluster >>

 mean vector (mu'=Q*mu)>>
0 1.443 0 0 0.224 0 1.002 0.976 1.274 0.258 1.885 1 0 0 0 0 0.176 0 0 1.453

 covariance matrix (Sigma'=Q*Sigma*t(Q))>>

10.296 0 0.131 0.011 0 0.049 0 0 0 0 0 0 -0.005 0.113 0.3 0.155 0 0.036 0.319 0
0 3.617 0 0 -0.076 0 0.041 -0.032 -0.345 0.83 0.081 -0.154 0 0 0 0 -0.029 0 0 -0.265
0.131 0 7.775 0.033 0 0.186 0 0 0 0 0 0 0.649 0.476 0.898 0.494 0 0.121 0.99 0
0.011 0 0.033 5.218 0 0.016 0 0 0 0 0 0 0.077 0.043 0.072 0.041 0 0.01 0.081 0
0 -0.076 0 0 7.163 0 -0.036 -0.046 -0.104 0.121 -0.064 -0.068 0 0 0 0 -0.014 0 0 -0.253
0.049 0 0.186 0.016 0 10.724 0 0 0 0 0 0 -0.068 0.149 0.427 0.219 0 0.05 0.451 0
0 0.041 0 0 -0.036 0 3.084 0.113 -0.289 0.016 -0.037 0.058 0 0 0 0 -0.075 0 0 0.292
0 -0.032 0 0 -0.046 0 0.113 1.235 -0.242 0.419 0.111 0.05 0 0 0 0 0.067 0 0 0.338
0 -0.345 0 0 -0.104 0 -0.289 -0.242 8.071 0.479 -0.419 -0.413 0 0 0 0 -0.217 0 0 -1.522
0 0.83 0 0 0.121 0 0.016 0.419 0.479 7.537 0.436 0.219 0 0 0 0 -0.481 0 0 1.373
0 0.081 0 0 -0.064 0 -0.037 0.111 -0.419 0.436 4.335 -0.08 0 0 0 0 -0.227 0 0 0.062
0 -0.154 0 0 -0.068 0 0.058 0.05 -0.413 0.219 -0.08 1.297 0 0 0 0 0.108 0 0 0.212
-0.005 0 0.649 0.077 0 -0.068 0 0 0 0 0 0 8.861 -0.535 1.733 0.645 0 0.096 1.533 0
0.113 0 0.476 0.043 0 0.149 0 0 0 0 0 0 -0.535 11.735 1.107 0.551 0 0.123 1.149 0
0.3 0 0.898 0.072 0 0.427 0 0 0 0 0 0 1.733 1.107 8.444 1.098 0 0.271 2.188 0
0.155 0 0.494 0.041 0 0.219 0 0 0 0 0 0 0.645 0.551 1.098 8.642 0 0.145 1.202 0
0 -0.029 0 0 -0.014 0 -0.075 0.067 -0.217 -0.481 -0.227 0.108 0 0 0 0 2.509 0 0 0.165
0.036 0 0.121 0.01 0 0.05 0 0 0 0 0 0 0.096 0.123 0.271 0.145 0 9.059 0.294 0
0.319 0 0.99 0.081 0 0.451 0 0 0 0 0 0 1.533 1.149 2.188 1.202 0 0.294 9.896 0
0 -0.265 0 0 -0.253 0 0.292 0.338 -1.522 1.373 0.062 0.212 0 0 0 0 0.165 0 0 3.139

 Final eigenvalues for each cluster >> 
 (rows correspond to clusters)
14.696 11.422 10.658 10.26 9.025 8.74 8.356 8.045 7.487 7.368 6.825 6.474 5.215 3.463 3.272 3.217 3.009 2.071 1.982 1.685
14.696 11.422 10.658 10.26 9.025 8.633 8.174 8.045 7.487 7.368 7.184 6.474 5.215 4.306 3.734 3.088 2.528 1.954 1.226 1.162

 theoretical Separation index matrix >>

-1 0.01
0.01 -1

 theoretical projection directions >>

**** cluster 1 and 2
0 0.425 0 0 -0.021 0 0.238 0.484 0.295 -0.089 0.34 0.395 0 0 0 0 0.075 0 0 0.395

 empirical Separation index matrix (alpha= 0.05 )>>

-1 0.017
0.017 -1

 empirical projection directions >>

**** cluster 1 and 2
0.025 0.349 0.032 0.074 0.043 0.024 0.35 0.587 0.287 -0.012 0.271 0.375 -0.007 -0.033 0.053 0.006 0.14 0.107 -0.02 0.264
