
 Log information for the data set datasetJLG3v10nv0out0_3.dat >>

 alpha = 0.05 sepVal = 0.01

 Number of clusters >> 3

 cluster sizes >>
50 50 50

 Number of data points >> 150

 Number of dimensions >> 10

 Number of noisy dimensions >> 0

 noisy variables >>
0

 Number of outliers >> 0

 initial eigenvalues for each cluster >> 
 (rows correspond to clusters)
3.983 1.166 3.304 2.691 3.963 1.879 5.632 8.077 3.234 4.206
9.54 7.858 9.253 8.819 3.002 6.667 8.478 9.673 7.548 1.232
4.916 9.509 4.664 7.314 7.126 2.221 5.116 7.836 3.854 1.359

 Mean vectors and covariance matrices before rotation --- 1th cluster >>

 mean vector (mu'=Q*mu)>>
-5.524 0 0 0 0 0 0 0 0 0

 covariance matrix (Sigma'=Q*Sigma*t(Q))>>

7.243 2.771 -0.046 0.402 -1.033 1.029 -0.943 -0.038 -0.14 -0.082
2.771 6.001 0.147 1.623 0.774 1.423 0.025 -0.007 0.591 0.043
-0.046 0.147 9.181 0.05 -0.012 0.064 -0.027 -0.001 0.01 -0.001
0.402 1.623 0.05 8.2 0.118 0.762 -0.165 -0.01 0.211 0.002
-1.033 0.774 -0.012 0.118 10.729 0.289 -0.258 -0.01 -0.035 -0.022
1.029 1.423 0.064 0.762 0.289 5.929 -0.046 -0.005 0.26 0.014
-0.943 0.025 -0.027 -0.165 -0.258 -0.046 15.503 -0.005 -0.102 -0.018
-0.038 -0.007 -0.001 -0.01 -0.01 -0.005 -0.005 22.439 -0.005 -0.001
-0.14 0.591 0.01 0.211 -0.035 0.26 -0.102 -0.005 9.029 -0.005
-0.082 0.043 -0.001 0.002 -0.022 0.014 -0.018 -0.001 -0.005 11.683

 Mean vectors and covariance matrices before rotation --- 2th cluster >>

 mean vector (mu'=Q*mu)>>
5.524 0 0 0 0 0 0 0 0 0

 covariance matrix (Sigma'=Q*Sigma*t(Q))>>

6.214 -0.114 -0.712 0 1.656 0.04 -0.067 -0.299 -0.018 3.183
-0.114 7.913 -0.01 0 0.383 0.022 0.007 -0.013 0.039 0.679
-0.712 -0.01 9.104 0 0.437 0.014 -0.012 -0.065 0.006 0.825
0 0 0 8.819 0 0 0 0 0 0
1.656 0.383 0.437 0 3.98 0.091 0.083 0.136 0.227 1.558
0.04 0.022 0.014 0 0.091 6.674 0.004 0.003 0.014 0.156
-0.067 0.007 -0.012 0 0.083 0.004 8.478 -0.006 0.006 0.15
-0.299 -0.013 -0.065 0 0.136 0.003 -0.006 9.646 -0.003 0.264
-0.018 0.039 0.006 0 0.227 0.014 0.006 -0.003 7.575 0.398
3.183 0.679 0.825 0 1.558 0.156 0.15 0.264 0.398 3.668

 Mean vectors and covariance matrices before rotation --- 3th cluster >>

 mean vector (mu'=Q*mu)>>
0 9.568 0 0 0 0 0 0 0 0

 covariance matrix (Sigma'=Q*Sigma*t(Q))>>

5.484 -1.068 0.117 -0.216 -0.856 0.652 0.059 -0.745 0.611 0.938
-1.068 9.119 -0.126 -0.124 -0.526 -0.056 -0.238 -0.366 -0.231 -0.027
0.117 -0.126 4.684 -0.024 -0.093 0.088 0.017 -0.084 0.09 0.125
-0.216 -0.124 -0.024 7.279 -0.147 0.011 -0.051 -0.107 -0.029 0.027
-0.856 -0.526 -0.093 -0.147 6.514 0.06 -0.202 -0.451 -0.103 0.133
0.652 -0.056 0.088 0.011 0.06 2.399 0.13 0.007 0.253 0.229
0.059 -0.238 0.017 -0.051 -0.202 0.13 5.115 -0.171 0.112 0.189
-0.745 -0.366 -0.084 -0.107 -0.451 0.007 -0.171 7.511 -0.125 0.049
0.611 -0.231 0.09 -0.029 -0.103 0.253 0.112 -0.125 4.16 0.344
0.938 -0.027 0.125 0.027 0.133 0.229 0.189 0.049 0.344 1.65

 Final eigenvalues for each cluster >> 
 (rows correspond to clusters)
22.439 15.644 11.685 11.065 11.008 9.179 8.984 7.475 5.22 3.238
9.673 9.54 9.253 8.819 8.478 7.858 7.548 6.667 3.002 1.232
9.509 7.836 7.314 7.126 5.116 4.916 4.664 3.854 2.221 1.359

 *************************************************

 ********************* rotation ******************

 *************************************************


 The orthogonal matrix Q >>
0.388 0.182 0.008 0.197 0.559 0.208 0.255 0.149 0.058 0.575
0.182 -0.976 0.001 0.026 0.073 0.027 0.033 0.02 0.008 0.075
0.008 0.001 -1 0.001 0.003 0.001 0.001 0.001 0 0.003
0.197 0.026 0.001 -0.972 0.079 0.03 0.036 0.021 0.008 0.081
0.559 0.073 0.003 0.079 -0.774 0.084 0.103 0.06 0.024 0.232
0.208 0.027 0.001 0.03 0.084 -0.969 0.038 0.022 0.009 0.086
0.255 0.033 0.001 0.036 0.103 0.038 -0.953 0.027 0.011 0.106
0.149 0.02 0.001 0.021 0.06 0.022 0.027 -0.984 0.006 0.062
0.058 0.008 0 0.008 0.024 0.009 0.011 0.006 -0.998 0.024
0.575 0.075 0.003 0.081 0.232 0.086 0.106 0.062 0.024 -0.762

 Mean vectors and covariance matrices after rotation --- 1th cluster >>

 mean vector (mu'=Q*mu)>>
-3.177 -0.824 -1.409 -1.086 -1.006 -3.091 -0.045 -1.152 -2.141 -0.322

 covariance matrix (Sigma'=Q*Sigma*t(Q))>>

10.286 -1.014 -0.439 -0.643 -2.042 -0.674 -0.002 -0.846 -0.987 -0.07
-1.014 22.007 -0.403 -0.4 -0.753 -0.813 -0.01 -0.464 -1.843 -0.088
-0.439 -0.403 15.404 -0.383 -0.837 -0.354 -0.024 -0.355 -0.865 -0.111
-0.643 -0.4 -0.383 7.922 0.857 -0.267 0.048 0.407 -0.312 0.171
-2.042 -0.753 -0.837 0.857 4.822 -1.031 0.124 0.556 -1.479 0.403
-0.674 -0.813 -0.354 -0.267 -1.031 10.784 -0.002 -0.291 -0.205 -0.028
-0.002 -0.01 -0.024 0.048 0.124 -0.002 9.181 0.059 -0.012 0.011
-0.846 -0.464 -0.355 0.407 0.556 -0.291 0.059 5.489 -0.153 0.2
-0.987 -1.843 -0.865 -0.312 -1.479 -0.205 -0.012 -0.153 11.012 -0.049
-0.07 -0.088 -0.111 0.171 0.403 -0.028 0.011 0.2 -0.049 9.03

 Mean vectors and covariance matrices after rotation --- 2th cluster >>

 mean vector (mu'=Q*mu)>>
3.177 0.824 1.409 1.086 1.006 3.091 0.045 1.152 2.141 0.322

 covariance matrix (Sigma'=Q*Sigma*t(Q))>>

1.613 0.037 -0.266 -0.335 0.249 0.34 0.926 -0.098 1.203 0.187
0.037 9.667 0.022 0.018 -0.027 0.119 -0.034 0.048 -0.073 -0.027
-0.266 0.022 8.513 0.02 -0.027 0.024 0.04 0.07 0.249 -0.038
-0.335 0.018 0.02 8.83 -0.031 -0.059 0.04 0.046 0.208 -0.035
0.249 -0.027 -0.027 -0.031 7.847 0.212 0.026 0.021 -0.209 -0.006
0.34 0.119 0.024 -0.059 0.212 3.556 0.546 0.127 1.617 0.101
0.926 -0.034 0.04 0.04 0.026 0.546 9.108 0.057 -0.425 0.016
-0.098 0.048 0.07 0.046 0.021 0.127 0.057 6.759 0.506 -0.013
1.203 -0.073 0.249 0.208 -0.209 1.617 -0.425 0.506 8.625 -0.225
0.187 -0.027 -0.038 -0.035 -0.006 0.101 0.016 -0.013 -0.225 7.553

 Mean vectors and covariance matrices after rotation --- 3th cluster >>

 mean vector (mu'=Q*mu)>>
0.722 0.187 0.32 0.247 -9.34 0.702 0.01 0.262 1.742 0.073

 covariance matrix (Sigma'=Q*Sigma*t(Q))>>

2.018 0.522 0.249 0.08 0.534 0.529 0.058 0.063 1.165 -0.032
0.522 7.732 0.012 0.035 -0.101 0.019 -0.096 0.101 0.225 -0.184
0.249 0.012 5.096 -0.062 -0.022 -0.128 -0.014 0.018 -0.091 -0.065
0.08 0.035 -0.062 7.273 0.045 -0.083 -0.048 -0.072 -0.314 -0.166
0.534 -0.101 -0.022 0.045 9.437 0.031 -0.141 0.053 0.077 -0.305
0.529 0.019 -0.128 -0.083 0.031 6.934 -0.157 -0.089 -0.547 -0.466
0.058 -0.096 -0.014 -0.048 -0.141 -0.157 4.682 0.06 -0.054 0.077
0.063 0.101 0.018 -0.072 0.053 -0.089 0.06 2.23 0.011 0.087
1.165 0.225 -0.091 -0.314 0.077 -0.547 -0.054 0.011 4.433 -0.364
-0.032 -0.184 -0.065 -0.166 -0.305 -0.466 0.077 0.087 -0.364 4.08

 Final eigenvalues for each cluster >> 
 (rows correspond to clusters)
22.439 15.644 11.685 11.065 11.008 9.179 8.984 7.475 5.22 3.238
9.673 9.54 9.253 8.819 8.478 7.858 7.548 6.667 3.002 1.232
9.509 7.836 7.314 7.126 5.116 4.916 4.664 3.854 2.221 1.359

 theoretical Separation index matrix >>

-1 0.067 0.01
0.067 -1 0.01
0.01 0.01 -1

 theoretical projection directions >>

**** cluster 1 and 2
0.7 0.113 0.176 0.172 0.302 0.494 -0.048 0.233 0.212 0.029

**** cluster 1 and 3
0.383 0.064 0.122 0.187 -0.698 0.285 0.005 0.357 0.314 0.065

**** cluster 2 and 3
-0.687 -0.024 -0.099 -0.074 -0.663 -0.213 0.055 -0.114 0.106 -0.034

 empirical Separation index matrix (alpha= 0.05 )>>

-1 0.025 0.143
0.025 -1 0.125
0.143 0.125 -1

 empirical projection directions >>

**** cluster 1 and 2
-0.709 0.055 -0.1 -0.12 -0.645 -0.159 0.038 -0.042 0.155 0.037

**** cluster 1 and 3
-0.686 -0.262 -0.151 -0.293 -0.217 -0.457 0.101 -0.207 -0.197 -0.054

**** cluster 2 and 3
-0.375 -0.185 -0.017 -0.187 0.554 -0.348 0.03 -0.541 -0.261 -0.015
