
 Log information for the data set datasetJLG2v5nv10out0_3.dat >>

 alpha = 0.05 sepVal = 0.01

 Number of clusters >> 2

 cluster sizes >>
50 50

 Number of data points >> 100

 Number of dimensions >> 15

 Number of noisy dimensions >> 10

 noisy variables >>
1 3 4 5 9 10 11 12 14 15

 Number of outliers >> 0

 initial eigenvalues for each cluster >> 
 (rows correspond to clusters)
3.178 2.478 2.326 8.553 5.801
2.007 7.825 5.613 3.434 4.197

 Mean vectors and covariance matrices before rotation --- 1th cluster >>

 mean vector (mu'=Q*mu)>>
-4.44 0 0 0 0 0 0 0 0 0 0 0 0 0 0

 covariance matrix (Sigma'=Q*Sigma*t(Q))>>

5.334 0.646 1.884 -2.072 -0.19 0 0 0 0 0 0 0 0 0 0
0.646 2.66 0.524 -0.366 0.016 0 0 0 0 0 0 0 0 0 0
1.884 0.524 3.837 -0.953 0.08 0 0 0 0 0 0 0 0 0 0
-2.072 -0.366 -0.953 5.134 -1.371 0 0 0 0 0 0 0 0 0 0
-0.19 0.016 0.08 -1.371 5.372 0 0 0 0 0 0 0 0 0 0
0 0 0 0 0 8.65 2.464 -1.279 0.042 -0.23 0.235 1.339 -0.006 0.022 -0.293
0 0 0 0 0 2.464 8.798 0.247 0.216 -0.028 1.535 1.669 0.067 0.027 0.261
0 0 0 0 0 -1.279 0.247 14.344 -0.015 -0.052 -0.123 0.125 -0.009 0.002 -0.1
0 0 0 0 0 0.042 0.216 -0.015 9.245 -0.007 0.089 0.122 0.004 0.002 0.008
0 0 0 0 0 -0.23 -0.028 -0.052 -0.007 19.518 -0.05 -0.018 -0.003 0 -0.019
0 0 0 0 0 0.235 1.535 -0.123 0.089 -0.05 10.002 0.863 0.025 0.014 0.05
0 0 0 0 0 1.339 1.669 0.125 0.122 -0.018 0.863 7.103 0.038 0.015 0.143
0 0 0 0 0 -0.006 0.067 -0.009 0.004 -0.003 0.025 0.038 10.139 0.001 0.001
0 0 0 0 0 0.022 0.027 0.002 0.002 0 0.014 0.015 0.001 6.037 0.002
0 0 0 0 0 -0.293 0.261 -0.1 0.008 -0.019 0.05 0.143 0.001 0.002 12.132

 Mean vectors and covariance matrices before rotation --- 2th cluster >>

 mean vector (mu'=Q*mu)>>
4.44 0 0 0 0 0 0 0 0 0 0 0 0 0 0

 covariance matrix (Sigma'=Q*Sigma*t(Q))>>

4.916 -1.177 -0.43 0.984 0.122 0 0 0 0 0 0 0 0 0 0
-1.177 6.439 -1.524 -1.174 -0.362 0 0 0 0 0 0 0 0 0 0
-0.43 -1.524 4.128 -0.853 -0.303 0 0 0 0 0 0 0 0 0 0
0.984 -1.174 -0.853 3.444 -0.089 0 0 0 0 0 0 0 0 0 0
0.122 -0.362 -0.303 -0.089 4.149 0 0 0 0 0 0 0 0 0 0
0 0 0 0 0 8.65 2.464 -1.279 0.042 -0.23 0.235 1.339 -0.006 0.022 -0.293
0 0 0 0 0 2.464 8.798 0.247 0.216 -0.028 1.535 1.669 0.067 0.027 0.261
0 0 0 0 0 -1.279 0.247 14.344 -0.015 -0.052 -0.123 0.125 -0.009 0.002 -0.1
0 0 0 0 0 0.042 0.216 -0.015 9.245 -0.007 0.089 0.122 0.004 0.002 0.008
0 0 0 0 0 -0.23 -0.028 -0.052 -0.007 19.518 -0.05 -0.018 -0.003 0 -0.019
0 0 0 0 0 0.235 1.535 -0.123 0.089 -0.05 10.002 0.863 0.025 0.014 0.05
0 0 0 0 0 1.339 1.669 0.125 0.122 -0.018 0.863 7.103 0.038 0.015 0.143
0 0 0 0 0 -0.006 0.067 -0.009 0.004 -0.003 0.025 0.038 10.139 0.001 0.001
0 0 0 0 0 0.022 0.027 0.002 0.002 0 0.014 0.015 0.001 6.037 0.002
0 0 0 0 0 -0.293 0.261 -0.1 0.008 -0.019 0.05 0.143 0.001 0.002 12.132

 Final eigenvalues for each cluster >> 
 (rows correspond to clusters)
19.525 14.678 12.809 12.151 10.138 9.376 9.232 8.553 6.153 6.037 5.868 5.801 3.178 2.478 2.326
19.525 14.678 12.809 12.151 10.138 9.376 9.232 7.825 6.153 6.037 5.868 5.613 4.197 3.434 2.007

 *************************************************

 ********************* rotation ******************

 *************************************************


 The orthogonal matrix Q >>
0.327 0.758 0.425 0.318 0.194
0.758 -0.567 0.243 0.181 0.111
0.425 0.243 -0.864 0.102 0.062
0.318 0.181 0.102 -0.924 0.046
0.194 0.111 0.062 0.046 -0.972

 Mean vectors and covariance matrices after rotation --- 1th cluster >>

 mean vector (mu'=Q*mu)>>
0 -1.885 0 0 0 -1.452 -1.41 -3.365 0 0 0 0 -0.86 0 0

 covariance matrix (Sigma'=Q*Sigma*t(Q))>>

10.139 0 -0.003 0.025 0.038 0 0 0 -0.006 -0.009 0.004 0.067 0 0.001 0.001
0 2.523 0 0 0 -0.439 -0.26 -0.355 0 0 0 0 -0.028 0 0
-0.003 0 19.518 -0.05 -0.018 0 0 0 -0.23 -0.052 -0.007 -0.028 0 -0.019 0
0.025 0 -0.05 10.002 0.863 0 0 0 0.235 -0.123 0.089 1.535 0 0.05 0.014
0.038 0 -0.018 0.863 7.103 0 0 0 1.339 0.125 0.122 1.669 0 0.143 0.015
0 -0.439 0 0 0 3.652 1.429 1.085 0 0 0 0 0.285 0 0
0 -0.26 0 0 0 1.429 6.905 1.968 0 0 0 0 -0.687 0 0
0 -0.355 0 0 0 1.085 1.968 3.71 0 0 0 0 0.492 0 0
-0.006 0 -0.23 0.235 1.339 0 0 0 8.65 -1.279 0.042 2.464 0 -0.293 0.022
-0.009 0 -0.052 -0.123 0.125 0 0 0 -1.279 14.344 -0.015 0.247 0 -0.1 0.002
0.004 0 -0.007 0.089 0.122 0 0 0 0.042 -0.015 9.245 0.216 0 0.008 0.002
0.067 0 -0.028 1.535 1.669 0 0 0 2.464 0.247 0.216 8.798 0 0.261 0.027
0 -0.028 0 0 0 0.285 -0.687 0.492 0 0 0 0 5.546 0 0
0.001 0 -0.019 0.05 0.143 0 0 0 -0.293 -0.1 0.008 0.261 0 12.132 0.002
0.001 0 0 0.014 0.015 0 0 0 0.022 0.002 0.002 0.027 0 0.002 6.037

 Mean vectors and covariance matrices after rotation --- 2th cluster >>

 mean vector (mu'=Q*mu)>>
0 1.885 0 0 0 1.452 1.41 3.365 0 0 0 0 0.86 0 0

 covariance matrix (Sigma'=Q*Sigma*t(Q))>>

10.139 0 -0.003 0.025 0.038 0 0 0 -0.006 -0.009 0.004 0.067 0 0.001 0.001
0 5.314 0 0 0 1.125 -0.4 -0.292 0 0 0 0 0.023 0 0
-0.003 0 19.518 -0.05 -0.018 0 0 0 -0.23 -0.052 -0.007 -0.028 0 -0.019 0
0.025 0 -0.05 10.002 0.863 0 0 0 0.235 -0.123 0.089 1.535 0 0.05 0.014
0.038 0 -0.018 0.863 7.103 0 0 0 1.339 0.125 0.122 1.669 0 0.143 0.015
0 1.125 0 0 0 3.045 0.791 -1.169 0 0 0 0 0.158 0 0
0 -0.4 0 0 0 0.791 3.458 -1.027 0 0 0 0 -0.043 0 0
0 -0.292 0 0 0 -1.169 -1.027 7.058 0 0 0 0 -0.184 0 0
-0.006 0 -0.23 0.235 1.339 0 0 0 8.65 -1.279 0.042 2.464 0 -0.293 0.022
-0.009 0 -0.052 -0.123 0.125 0 0 0 -1.279 14.344 -0.015 0.247 0 -0.1 0.002
0.004 0 -0.007 0.089 0.122 0 0 0 0.042 -0.015 9.245 0.216 0 0.008 0.002
0.067 0 -0.028 1.535 1.669 0 0 0 2.464 0.247 0.216 8.798 0 0.261 0.027
0 0.023 0 0 0 0.158 -0.043 -0.184 0 0 0 0 4.2 0 0
0.001 0 -0.019 0.05 0.143 0 0 0 -0.293 -0.1 0.008 0.261 0 12.132 0.002
0.001 0 0 0.014 0.015 0 0 0 0.022 0.002 0.002 0.027 0 0.002 6.037

 Final eigenvalues for each cluster >> 
 (rows correspond to clusters)
19.525 14.678 12.809 12.151 10.138 9.376 9.232 8.553 6.153 6.037 5.868 5.801 3.178 2.478 2.326
19.525 14.678 12.809 12.151 10.138 9.376 9.232 7.825 6.153 6.037 5.868 5.613 4.197 3.434 2.007

 theoretical Separation index matrix >>

-1 0.01
0.01 -1

 theoretical projection directions >>

**** cluster 1 and 2
0 0.579 0 0 0 0.337 0.195 0.697 0 0 0 0 0.166 0 0

 empirical Separation index matrix (alpha= 0.05 )>>

-1 0.072
0.072 -1

 empirical projection directions >>

**** cluster 1 and 2
-0.094 0.531 0.001 0.088 -0.055 0.389 0.195 0.645 -0.221 0.122 0.007 -0.067 0.039 -0.009 0.151
