
 Log information for the data set datasetJHG2v10nv0out0_1.dat >>

 alpha = 0.05 sepVal = 0.34

 Number of clusters >> 2

 cluster sizes >>
50 50

 Number of data points >> 100

 Number of dimensions >> 10

 Number of noisy dimensions >> 0

 noisy variables >>
0

 Number of outliers >> 0

 initial eigenvalues for each cluster >> 
 (rows correspond to clusters)
3.671 2.87 1.036 5.133 7.497 6.283 7.297 5.554 3.12 7.053
9.633 7.661 1.244 7.105 4.713 8.262 6.507 3.762 7.639 2.727

 Mean vectors and covariance matrices before rotation --- 1th cluster >>

 mean vector (mu'=Q*mu)>>
-8.778 0 0 0 0 0 0 0 0 0

 covariance matrix (Sigma'=Q*Sigma*t(Q))>>

4.845 0.145 1.426 -0.208 -0.601 -0.789 -0.85 -0.31 0.195 -0.806
0.145 2.883 0.11 0.003 -0.028 -0.027 -0.038 -0.005 0.019 -0.035
1.426 0.11 1.761 0.186 -0.021 0.107 -0.015 0.132 0.164 0.007
-0.208 0.003 0.186 4.979 -0.202 -0.324 -0.293 -0.166 -0.003 -0.286
-0.601 -0.028 -0.021 -0.202 7.306 -0.346 -0.281 -0.199 -0.049 -0.281
-0.789 -0.027 0.107 -0.324 -0.346 5.687 -0.505 -0.329 -0.054 -0.501
-0.85 -0.038 -0.015 -0.293 -0.281 -0.505 6.885 -0.289 -0.068 -0.412
-0.31 -0.005 0.132 -0.166 -0.199 -0.329 -0.289 5.379 -0.015 -0.285
0.195 0.019 0.164 -0.003 -0.049 -0.054 -0.068 -0.015 3.147 -0.063
-0.806 -0.035 0.007 -0.286 -0.281 -0.501 -0.412 -0.285 -0.063 6.642

 Mean vectors and covariance matrices before rotation --- 2th cluster >>

 mean vector (mu'=Q*mu)>>
8.778 0 0 0 0 0 0 0 0 0

 covariance matrix (Sigma'=Q*Sigma*t(Q))>>

6.339 -0.393 0.187 -0.315 0.345 -0.779 -0.005 0.568 -0.518 1.671
-0.393 7.737 0.081 0.196 0.231 0.021 0.047 0.308 0.106 0.801
0.187 0.081 1.261 0.128 0.07 0.098 0.023 0.082 0.109 0.189
-0.315 0.196 0.128 7.518 0.392 0.141 0.09 0.51 0.267 1.298
0.345 0.231 0.07 0.392 4.968 0.257 0.074 0.31 0.311 0.748
-0.779 0.021 0.098 0.141 0.257 8.182 0.043 0.356 0.032 0.95
-0.005 0.047 0.023 0.09 0.074 0.043 6.525 0.094 0.064 0.234
0.568 0.308 0.082 0.51 0.31 0.356 0.094 4.132 0.415 0.883
-0.518 0.106 0.109 0.267 0.311 0.032 0.064 0.415 7.785 1.078
1.671 0.801 0.189 1.298 0.748 0.95 0.234 0.883 1.078 4.805

 Final eigenvalues for each cluster >> 
 (rows correspond to clusters)
7.497 7.297 7.053 6.283 5.554 5.133 3.671 3.12 2.87 1.036
9.633 8.262 7.661 7.639 7.105 6.507 4.713 3.762 2.727 1.244

 *************************************************

 ********************* rotation ******************

 *************************************************


 The orthogonal matrix Q >>
0.407 0.369 0.22 0.324 0.465 0.081 0.429 0.08 0.088 0.351
0.369 -0.903 0.058 0.085 0.122 0.021 0.113 0.021 0.023 0.092
0.22 0.058 -0.966 0.051 0.073 0.013 0.067 0.012 0.014 0.055
0.324 0.085 0.051 -0.926 0.107 0.019 0.099 0.018 0.02 0.081
0.465 0.122 0.073 0.107 -0.847 0.027 0.142 0.026 0.029 0.116
0.081 0.021 0.013 0.019 0.027 -0.995 0.025 0.005 0.005 0.02
0.429 0.113 0.067 0.099 0.142 0.025 -0.869 0.024 0.027 0.107
0.08 0.021 0.012 0.018 0.026 0.005 0.024 -0.995 0.005 0.02
0.088 0.023 0.014 0.02 0.029 0.005 0.027 0.005 -0.994 0.022
0.351 0.092 0.055 0.081 0.116 0.02 0.107 0.02 0.022 -0.912

 Mean vectors and covariance matrices after rotation --- 1th cluster >>

 mean vector (mu'=Q*mu)>>
-0.776 -3.576 -2.841 -1.933 -3.243 -4.079 -0.712 -3.767 -0.7 -3.085

 covariance matrix (Sigma'=Q*Sigma*t(Q))>>

3.128 0.03 -0.015 0.041 -0.002 -0.115 0.042 -0.083 0.021 -0.053
0.03 4.3 0.073 -0.217 0.356 -0.961 0.857 -0.451 0.384 -0.134
-0.015 0.073 5.137 -0.128 0.159 -0.151 0.078 -0.077 0.016 -0.03
0.041 -0.217 -0.128 1.26 -0.266 -0.592 0.275 -0.427 0.152 -0.277
-0.002 0.356 0.159 -0.266 3.032 -0.005 0.426 0.175 0.198 0.231
-0.115 -0.961 -0.151 -0.592 -0.005 7.128 0.188 -0.204 0.02 -0.104
0.042 0.857 0.078 0.275 0.426 0.188 5.878 0.03 -0.194 -0.043
-0.083 -0.451 -0.077 -0.427 0.175 -0.204 0.03 7.179 -0.046 -0.066
0.021 0.384 0.016 0.152 0.198 0.02 -0.194 -0.046 5.459 -0.065
-0.053 -0.134 -0.03 -0.277 0.231 -0.104 -0.043 -0.066 -0.065 7.012

 Mean vectors and covariance matrices after rotation --- 2th cluster >>

 mean vector (mu'=Q*mu)>>
0.776 3.576 2.841 1.933 3.243 4.079 0.712 3.767 0.7 3.085

 covariance matrix (Sigma'=Q*Sigma*t(Q))>>

7.778 -0.524 0.223 0.153 0.081 0.291 0.057 0.055 0.324 0.879
-0.524 7.913 -0.635 1.158 -0.344 0.578 -0.292 0.362 -0.796 -1.078
0.223 -0.635 7.288 0.245 0.029 0.221 0.214 -0.034 0.158 0.496
0.153 1.158 0.245 1.526 0.279 0.346 0.216 0.301 -0.091 -0.06
0.081 -0.344 0.029 0.279 7.655 0.172 0.128 0.032 -0.07 -0.012
0.291 0.578 0.221 0.346 0.172 4.95 0.401 0.108 -0.157 -0.231
0.057 -0.292 0.214 0.216 0.128 0.401 8.233 0.185 0.3 0.891
0.055 0.362 -0.034 0.301 0.032 0.108 0.185 6.603 -0.329 -0.632
0.324 -0.796 0.158 -0.091 -0.07 -0.157 0.3 -0.329 3.973 0.364
0.879 -1.078 0.496 -0.06 -0.012 -0.231 0.891 -0.632 0.364 3.333

 Final eigenvalues for each cluster >> 
 (rows correspond to clusters)
7.497 7.297 7.053 6.283 5.554 5.133 3.671 3.12 2.87 1.036
9.633 8.262 7.661 7.639 7.105 6.507 4.713 3.762 2.727 1.244

 theoretical Separation index matrix >>

-1 0.34
0.34 -1

 theoretical projection directions >>

**** cluster 1 and 2
0.038 0.302 0.211 0.686 0.276 0.35 -0.045 0.284 0.065 0.327

 empirical Separation index matrix (alpha= 0.05 )>>

-1 0.353
0.353 -1

 empirical projection directions >>

**** cluster 1 and 2
-0.081 0.369 0.261 0.647 0.191 0.406 -0.176 0.299 0.038 0.218
