
 Log information for the data set datasetJHG5v2nv10out0_1.dat >>

 alpha = 0.05 sepVal = 0.34

 Number of clusters >> 5

 cluster sizes >>
50 50 50 50 50

 Number of data points >> 250

 Number of dimensions >> 12

 Number of noisy dimensions >> 10

 noisy variables >>
1 2 3 4 5 6 7 10 11 12

 Number of outliers >> 0

 initial eigenvalues for each cluster >> 
 (rows correspond to clusters)
4.775 1.085
4.471 1.612
1.401 5.375
1.081 4.493
2.222 8.764

 Mean vectors and covariance matrices before rotation --- 1th cluster >>

 mean vector (mu'=Q*mu)>>
-9.556 0 8.763 8.996 7.154 6.936 9.462 6.766 7.191 9.305 7.914 7.437

 covariance matrix (Sigma'=Q*Sigma*t(Q))>>

9.209 3.679 0 0 0 0 0 0 0 0 0 0
3.679 4.59 0 0 0 0 0 0 0 0 0 0
0 0 141.291 2.148 10.883 -1.354 9.294 -13.274 -29.651 -3.26 -0.047 -1.82
0 0 2.148 110.395 0.733 -0.227 0.607 -1.138 -2.464 -0.315 -0.027 -0.189
0 0 10.883 0.733 84.577 0.94 2.298 -0.792 -2.491 0.131 0.212 0.19
0 0 -1.354 -0.227 0.94 131.129 0.512 -4.996 -9.923 -1.784 -0.385 -1.197
0 0 9.294 0.607 2.298 0.512 93.366 -1.369 -3.519 -0.129 0.132 0.003
0 0 -13.274 -1.138 -0.792 -4.996 -1.369 158.724 -15.365 -3.338 -0.904 -2.343
0 0 -29.651 -2.464 -2.491 -9.923 -3.519 -15.365 151.716 -6.434 -1.812 -4.554
0 0 -3.26 -0.315 0.131 -1.784 -0.129 -3.338 -6.434 146.234 -0.315 -0.88
0 0 -0.047 -0.027 0.212 -0.385 0.132 -0.904 -1.812 -0.315 129.896 -0.21
0 0 -1.82 -0.189 0.19 -1.197 0.003 -2.343 -4.554 -0.88 -0.21 142.334

 Mean vectors and covariance matrices before rotation --- 2th cluster >>

 mean vector (mu'=Q*mu)>>
9.556 0 8.763 8.996 7.154 6.936 9.462 6.766 7.191 9.305 7.914 7.437

 covariance matrix (Sigma'=Q*Sigma*t(Q))>>

4.991 2.45 0 0 0 0 0 0 0 0 0 0
2.45 10.147 0 0 0 0 0 0 0 0 0 0
0 0 141.291 2.148 10.883 -1.354 9.294 -13.274 -29.651 -3.26 -0.047 -1.82
0 0 2.148 110.395 0.733 -0.227 0.607 -1.138 -2.464 -0.315 -0.027 -0.189
0 0 10.883 0.733 84.577 0.94 2.298 -0.792 -2.491 0.131 0.212 0.19
0 0 -1.354 -0.227 0.94 131.129 0.512 -4.996 -9.923 -1.784 -0.385 -1.197
0 0 9.294 0.607 2.298 0.512 93.366 -1.369 -3.519 -0.129 0.132 0.003
0 0 -13.274 -1.138 -0.792 -4.996 -1.369 158.724 -15.365 -3.338 -0.904 -2.343
0 0 -29.651 -2.464 -2.491 -9.923 -3.519 -15.365 151.716 -6.434 -1.812 -4.554
0 0 -3.26 -0.315 0.131 -1.784 -0.129 -3.338 -6.434 146.234 -0.315 -0.88
0 0 -0.047 -0.027 0.212 -0.385 0.132 -0.904 -1.812 -0.315 129.896 -0.21
0 0 -1.82 -0.189 0.19 -1.197 0.003 -2.343 -4.554 -0.88 -0.21 142.334

 Mean vectors and covariance matrices before rotation --- 3th cluster >>

 mean vector (mu'=Q*mu)>>
0 16.552 8.763 8.996 7.154 6.936 9.462 6.766 7.191 9.305 7.914 7.437

 covariance matrix (Sigma'=Q*Sigma*t(Q))>>

1.912 -1.275 0 0 0 0 0 0 0 0 0 0
-1.275 5.244 0 0 0 0 0 0 0 0 0 0
0 0 141.291 2.148 10.883 -1.354 9.294 -13.274 -29.651 -3.26 -0.047 -1.82
0 0 2.148 110.395 0.733 -0.227 0.607 -1.138 -2.464 -0.315 -0.027 -0.189
0 0 10.883 0.733 84.577 0.94 2.298 -0.792 -2.491 0.131 0.212 0.19
0 0 -1.354 -0.227 0.94 131.129 0.512 -4.996 -9.923 -1.784 -0.385 -1.197
0 0 9.294 0.607 2.298 0.512 93.366 -1.369 -3.519 -0.129 0.132 0.003
0 0 -13.274 -1.138 -0.792 -4.996 -1.369 158.724 -15.365 -3.338 -0.904 -2.343
0 0 -29.651 -2.464 -2.491 -9.923 -3.519 -15.365 151.716 -6.434 -1.812 -4.554
0 0 -3.26 -0.315 0.131 -1.784 -0.129 -3.338 -6.434 146.234 -0.315 -0.88
0 0 -0.047 -0.027 0.212 -0.385 0.132 -0.904 -1.812 -0.315 129.896 -0.21
0 0 -1.82 -0.189 0.19 -1.197 0.003 -2.343 -4.554 -0.88 -0.21 142.334

 Mean vectors and covariance matrices before rotation --- 4th cluster >>

 mean vector (mu'=Q*mu)>>
28.669 0 8.763 8.996 7.154 6.936 9.462 6.766 7.191 9.305 7.914 7.437

 covariance matrix (Sigma'=Q*Sigma*t(Q))>>

2.179 -1.594 0 0 0 0 0 0 0 0 0 0
-1.594 3.394 0 0 0 0 0 0 0 0 0 0
0 0 141.291 2.148 10.883 -1.354 9.294 -13.274 -29.651 -3.26 -0.047 -1.82
0 0 2.148 110.395 0.733 -0.227 0.607 -1.138 -2.464 -0.315 -0.027 -0.189
0 0 10.883 0.733 84.577 0.94 2.298 -0.792 -2.491 0.131 0.212 0.19
0 0 -1.354 -0.227 0.94 131.129 0.512 -4.996 -9.923 -1.784 -0.385 -1.197
0 0 9.294 0.607 2.298 0.512 93.366 -1.369 -3.519 -0.129 0.132 0.003
0 0 -13.274 -1.138 -0.792 -4.996 -1.369 158.724 -15.365 -3.338 -0.904 -2.343
0 0 -29.651 -2.464 -2.491 -9.923 -3.519 -15.365 151.716 -6.434 -1.812 -4.554
0 0 -3.26 -0.315 0.131 -1.784 -0.129 -3.338 -6.434 146.234 -0.315 -0.88
0 0 -0.047 -0.027 0.212 -0.385 0.132 -0.904 -1.812 -0.315 129.896 -0.21
0 0 -1.82 -0.189 0.19 -1.197 0.003 -2.343 -4.554 -0.88 -0.21 142.334

 Mean vectors and covariance matrices before rotation --- 5th cluster >>

 mean vector (mu'=Q*mu)>>
19.112 16.552 8.763 8.996 7.154 6.936 9.462 6.766 7.191 9.305 7.914 7.437

 covariance matrix (Sigma'=Q*Sigma*t(Q))>>

5.6 -3.269 0 0 0 0 0 0 0 0 0 0
-3.269 5.386 0 0 0 0 0 0 0 0 0 0
0 0 141.291 2.148 10.883 -1.354 9.294 -13.274 -29.651 -3.26 -0.047 -1.82
0 0 2.148 110.395 0.733 -0.227 0.607 -1.138 -2.464 -0.315 -0.027 -0.189
0 0 10.883 0.733 84.577 0.94 2.298 -0.792 -2.491 0.131 0.212 0.19
0 0 -1.354 -0.227 0.94 131.129 0.512 -4.996 -9.923 -1.784 -0.385 -1.197
0 0 9.294 0.607 2.298 0.512 93.366 -1.369 -3.519 -0.129 0.132 0.003
0 0 -13.274 -1.138 -0.792 -4.996 -1.369 158.724 -15.365 -3.338 -0.904 -2.343
0 0 -29.651 -2.464 -2.491 -9.923 -3.519 -15.365 151.716 -6.434 -1.812 -4.554
0 0 -3.26 -0.315 0.131 -1.784 -0.129 -3.338 -6.434 146.234 -0.315 -0.88
0 0 -0.047 -0.027 0.212 -0.385 0.132 -0.904 -1.812 -0.315 129.896 -0.21
0 0 -1.82 -0.189 0.19 -1.197 0.003 -2.343 -4.554 -0.88 -0.21 142.334

 Final eigenvalues for each cluster >> 
 (rows correspond to clusters)
180.12 166.922 147.513 142.936 133.387 129.961 110.277 105.168 91.295 82.085 11.244 2.556
180.12 166.922 147.513 142.936 133.387 129.961 110.277 105.168 91.295 82.085 11.126 4.012
180.12 166.922 147.513 142.936 133.387 129.961 110.277 105.168 91.295 82.085 5.676 1.48
180.12 166.922 147.513 142.936 133.387 129.961 110.277 105.168 91.295 82.085 4.493 1.081
180.12 166.922 147.513 142.936 133.387 129.961 110.277 105.168 91.295 82.085 8.764 2.222

 *************************************************

 ********************* rotation ******************

 *************************************************


 The orthogonal matrix Q >>
0.984 0.176
0.176 -0.984

 Mean vectors and covariance matrices after rotation --- 1th cluster >>

 mean vector (mu'=Q*mu)>>
7.191 6.936 7.914 7.154 9.462 6.766 9.305 -9.407 -1.682 8.996 8.763 7.437

 covariance matrix (Sigma'=Q*Sigma*t(Q))>>

151.716 -9.923 -1.812 -2.491 -3.519 -15.365 -6.434 0 0 -2.464 -29.651 -4.554
-9.923 131.129 -0.385 0.94 0.512 -4.996 -1.784 0 0 -0.227 -1.354 -1.197
-1.812 -0.385 129.896 0.212 0.132 -0.904 -0.315 0 0 -0.027 -0.047 -0.21
-2.491 0.94 0.212 84.577 2.298 -0.792 0.131 0 0 0.733 10.883 0.19
-3.519 0.512 0.132 2.298 93.366 -1.369 -0.129 0 0 0.607 9.294 0.003
-15.365 -4.996 -0.904 -0.792 -1.369 158.724 -3.338 0 0 -1.138 -13.274 -2.343
-6.434 -1.784 -0.315 0.131 -0.129 -3.338 146.234 0 0 -0.315 -3.26 -0.88
0 0 0 0 0 0 0 10.341 -2.651 0 0 0
0 0 0 0 0 0 0 -2.651 3.458 0 0 0
-2.464 -0.227 -0.027 0.733 0.607 -1.138 -0.315 0 0 110.395 2.148 -0.189
-29.651 -1.354 -0.047 10.883 9.294 -13.274 -3.26 0 0 2.148 141.291 -1.82
-4.554 -1.197 -0.21 0.19 0.003 -2.343 -0.88 0 0 -0.189 -1.82 142.334

 Mean vectors and covariance matrices after rotation --- 2th cluster >>

 mean vector (mu'=Q*mu)>>
7.191 6.936 7.914 7.154 9.462 6.766 9.305 9.407 1.682 8.996 8.763 7.437

 covariance matrix (Sigma'=Q*Sigma*t(Q))>>

151.716 -9.923 -1.812 -2.491 -3.519 -15.365 -6.434 0 0 -2.464 -29.651 -4.554
-9.923 131.129 -0.385 0.94 0.512 -4.996 -1.784 0 0 -0.227 -1.354 -1.197
-1.812 -0.385 129.896 0.212 0.132 -0.904 -0.315 0 0 -0.027 -0.047 -0.21
-2.491 0.94 0.212 84.577 2.298 -0.792 0.131 0 0 0.733 10.883 0.19
-3.519 0.512 0.132 2.298 93.366 -1.369 -0.129 0 0 0.607 9.294 0.003
-15.365 -4.996 -0.904 -0.792 -1.369 158.724 -3.338 0 0 -1.138 -13.274 -2.343
-6.434 -1.784 -0.315 0.131 -0.129 -3.338 146.234 0 0 -0.315 -3.26 -0.88
0 0 0 0 0 0 0 6 -3.192 0 0 0
0 0 0 0 0 0 0 -3.192 9.138 0 0 0
-2.464 -0.227 -0.027 0.733 0.607 -1.138 -0.315 0 0 110.395 2.148 -0.189
-29.651 -1.354 -0.047 10.883 9.294 -13.274 -3.26 0 0 2.148 141.291 -1.82
-4.554 -1.197 -0.21 0.19 0.003 -2.343 -0.88 0 0 -0.189 -1.82 142.334

 Mean vectors and covariance matrices after rotation --- 3th cluster >>

 mean vector (mu'=Q*mu)>>
7.191 6.936 7.914 7.154 9.462 6.766 9.305 2.914 -16.293 8.996 8.763 7.437

 covariance matrix (Sigma'=Q*Sigma*t(Q))>>

151.716 -9.923 -1.812 -2.491 -3.519 -15.365 -6.434 0 0 -2.464 -29.651 -4.554
-9.923 131.129 -0.385 0.94 0.512 -4.996 -1.784 0 0 -0.227 -1.354 -1.197
-1.812 -0.385 129.896 0.212 0.132 -0.904 -0.315 0 0 -0.027 -0.047 -0.21
-2.491 0.94 0.212 84.577 2.298 -0.792 0.131 0 0 0.733 10.883 0.19
-3.519 0.512 0.132 2.298 93.366 -1.369 -0.129 0 0 0.607 9.294 0.003
-15.365 -4.996 -0.904 -0.792 -1.369 158.724 -3.338 0 0 -1.138 -13.274 -2.343
-6.434 -1.784 -0.315 0.131 -0.129 -3.338 146.234 0 0 -0.315 -3.26 -0.88
0 0 0 0 0 0 0 1.573 0.619 0 0 0
0 0 0 0 0 0 0 0.619 5.583 0 0 0
-2.464 -0.227 -0.027 0.733 0.607 -1.138 -0.315 0 0 110.395 2.148 -0.189
-29.651 -1.354 -0.047 10.883 9.294 -13.274 -3.26 0 0 2.148 141.291 -1.82
-4.554 -1.197 -0.21 0.19 0.003 -2.343 -0.88 0 0 -0.189 -1.82 142.334

 Mean vectors and covariance matrices after rotation --- 4th cluster >>

 mean vector (mu'=Q*mu)>>
7.191 6.936 7.914 7.154 9.462 6.766 9.305 28.221 5.046 8.996 8.763 7.437

 covariance matrix (Sigma'=Q*Sigma*t(Q))>>

151.716 -9.923 -1.812 -2.491 -3.519 -15.365 -6.434 0 0 -2.464 -29.651 -4.554
-9.923 131.129 -0.385 0.94 0.512 -4.996 -1.784 0 0 -0.227 -1.354 -1.197
-1.812 -0.385 129.896 0.212 0.132 -0.904 -0.315 0 0 -0.027 -0.047 -0.21
-2.491 0.94 0.212 84.577 2.298 -0.792 0.131 0 0 0.733 10.883 0.19
-3.519 0.512 0.132 2.298 93.366 -1.369 -0.129 0 0 0.607 9.294 0.003
-15.365 -4.996 -0.904 -0.792 -1.369 158.724 -3.338 0 0 -1.138 -13.274 -2.343
-6.434 -1.784 -0.315 0.131 -0.129 -3.338 146.234 0 0 -0.315 -3.26 -0.88
0 0 0 0 0 0 0 1.664 1.285 0 0 0
0 0 0 0 0 0 0 1.285 3.909 0 0 0
-2.464 -0.227 -0.027 0.733 0.607 -1.138 -0.315 0 0 110.395 2.148 -0.189
-29.651 -1.354 -0.047 10.883 9.294 -13.274 -3.26 0 0 2.148 141.291 -1.82
-4.554 -1.197 -0.21 0.19 0.003 -2.343 -0.88 0 0 -0.189 -1.82 142.334

 Mean vectors and covariance matrices after rotation --- 5th cluster >>

 mean vector (mu'=Q*mu)>>
7.191 6.936 7.914 7.154 9.462 6.766 9.305 21.728 -12.929 8.996 8.763 7.437

 covariance matrix (Sigma'=Q*Sigma*t(Q))>>

151.716 -9.923 -1.812 -2.491 -3.519 -15.365 -6.434 0 0 -2.464 -29.651 -4.554
-9.923 131.129 -0.385 0.94 0.512 -4.996 -1.784 0 0 -0.227 -1.354 -1.197
-1.812 -0.385 129.896 0.212 0.132 -0.904 -0.315 0 0 -0.027 -0.047 -0.21
-2.491 0.94 0.212 84.577 2.298 -0.792 0.131 0 0 0.733 10.883 0.19
-3.519 0.512 0.132 2.298 93.366 -1.369 -0.129 0 0 0.607 9.294 0.003
-15.365 -4.996 -0.904 -0.792 -1.369 158.724 -3.338 0 0 -1.138 -13.274 -2.343
-6.434 -1.784 -0.315 0.131 -0.129 -3.338 146.234 0 0 -0.315 -3.26 -0.88
0 0 0 0 0 0 0 4.46 3.104 0 0 0
0 0 0 0 0 0 0 3.104 6.525 0 0 0
-2.464 -0.227 -0.027 0.733 0.607 -1.138 -0.315 0 0 110.395 2.148 -0.189
-29.651 -1.354 -0.047 10.883 9.294 -13.274 -3.26 0 0 2.148 141.291 -1.82
-4.554 -1.197 -0.21 0.19 0.003 -2.343 -0.88 0 0 -0.189 -1.82 142.334

 Final eigenvalues for each cluster >> 
 (rows correspond to clusters)
180.12 166.922 147.513 142.936 133.387 129.961 110.277 105.168 91.295 82.085 11.244 2.556
180.12 166.922 147.513 142.936 133.387 129.961 110.277 105.168 91.295 82.085 11.126 4.012
180.12 166.922 147.513 142.936 133.387 129.961 110.277 105.168 91.295 82.085 5.676 1.48
180.12 166.922 147.513 142.936 133.387 129.961 110.277 105.168 91.295 82.085 4.493 1.081
180.12 166.922 147.513 142.936 133.387 129.961 110.277 105.168 91.295 82.085 8.764 2.222

 theoretical Separation index matrix >>

-1 0.34 0.34 0.625 0.551
0.34 -1 0.362 0.449 0.34
0.34 0.362 -1 0.674 0.497
0.625 0.449 0.674 -1 0.34
0.551 0.34 0.497 0.34 -1

 theoretical projection directions >>

**** cluster 1 and 2
0 0 0 0 0 0 0 0.852 0.523 0 0 0

**** cluster 1 and 3
0 0 0 0 0 0 0 0.6 -0.8 0 0 0

**** cluster 1 and 4
0 0 0 0 0 0 0 0.974 0.228 0 0 0

**** cluster 1 and 5
0 0 0 0 0 0 0 0.86 -0.51 0 0 0

**** cluster 2 and 3
0 0 0 0 0 0 0 -0.68 -0.733 0 0 0

**** cluster 2 and 4
0 0 0 0 0 0 0 0.984 0.179 0 0 0

**** cluster 2 and 5
0 0 0 0 0 0 0 0.779 -0.627 0 0 0

**** cluster 3 and 4
0 0 0 0 0 0 0 0.994 0.105 0 0 0

**** cluster 3 and 5
0 0 0 0 0 0 0 0.981 -0.194 0 0 0

**** cluster 4 and 5
0 0 0 0 0 0 0 0.119 -0.993 0 0 0

 empirical Separation index matrix (alpha= 0.05 )>>

-1 0.364 0.399 0.545 0.546
0.364 -1 0.487 0.704 0.635
0.399 0.487 -1 0.359 0.359
0.545 0.704 0.359 -1 0.323
0.546 0.635 0.359 0.323 -1

 empirical projection directions >>

**** cluster 1 and 2
-0.008 -0.002 0.006 -0.045 -0.044 0.007 -0.045 -0.02 0.996 -0.014 0.028 0.017

**** cluster 1 and 3
0.016 0.024 0.002 0.01 -0.019 -0.006 0.008 -0.798 0.598 0.055 0.01 0.009

**** cluster 1 and 4
-0.02 0.002 0.005 0.015 0.002 0 0.021 -0.982 0.188 0.003 -0.008 -0.004

**** cluster 1 and 5
-0.028 -0.019 0.007 0.029 0.008 0.001 0.013 -0.905 0.422 0.035 -0.014 0.003

**** cluster 2 and 3
0.003 -0.001 0.022 0.011 0.002 -0.015 0.025 -0.993 -0.108 0.036 -0.009 -0.002

**** cluster 2 and 4
-0.001 0.012 0.031 -0.006 -0.004 0.001 0.018 -0.999 -0.004 0.002 -0.01 -0.008

**** cluster 2 and 5
0.001 -0.014 0.04 0.017 0.01 -0.006 0.03 -0.93 -0.36 0.039 -0.033 0.001

**** cluster 3 and 4
-0.019 -0.02 0.036 -0.043 -0.044 -0.028 0.002 -0.684 -0.723 -0.007 0.04 -0.022

**** cluster 3 and 5
-0.003 -0.067 0.034 0.021 -0.009 -0.011 0.004 -0.838 -0.537 0.027 0.018 -0.035

**** cluster 4 and 5
-0.036 -0.055 0.009 0.027 0.025 -0.009 0.015 -0.618 0.781 0.032 -0.022 -0.019
