
 Log information for the data set datasetJMG2v5nv0out0_3.dat >>

 alpha = 0.05 sepVal = 0.21

 Number of clusters >> 2

 cluster sizes >>
50 50

 Number of data points >> 100

 Number of dimensions >> 5

 Number of noisy dimensions >> 0

 noisy variables >>
0

 Number of outliers >> 0

 initial eigenvalues for each cluster >> 
 (rows correspond to clusters)
3.784 1.33 7.284 3.37 1.226
3.095 6.932 4.305 1.154 3.858

 Mean vectors and covariance matrices before rotation --- 1th cluster >>

 mean vector (mu'=Q*mu)>>
-4.717 0 0 0 0

 covariance matrix (Sigma'=Q*Sigma*t(Q))>>

2.501 0.306 -1.519 -0.455 0.96
0.306 1.556 -0.179 0.218 0.673
-1.519 -0.179 6.466 -0.736 -0.494
-0.455 0.218 -0.736 3.249 0.67
0.96 0.673 -0.494 0.67 3.221

 Mean vectors and covariance matrices before rotation --- 2th cluster >>

 mean vector (mu'=Q*mu)>>
4.717 0 0 0 0

 covariance matrix (Sigma'=Q*Sigma*t(Q))>>

3.189 -1.308 -0.601 1.278 -0.218
-1.308 6.234 -0.694 -0.306 -0.378
-0.601 -0.694 3.807 0.205 -0.241
1.278 -0.306 0.205 2.366 0.191
-0.218 -0.378 -0.241 0.191 3.747

 Final eigenvalues for each cluster >> 
 (rows correspond to clusters)
7.284 3.784 3.37 1.33 1.226
6.932 4.305 3.858 3.095 1.154

 *************************************************

 ********************* rotation ******************

 *************************************************


 The orthogonal matrix Q >>
0.601 0.002 0.121 0.211 0.761
0.002 -1 0 0 0.001
0.121 0 -0.991 0.016 0.058
0.211 0 0.016 -0.972 0.1
0.761 0.001 0.058 0.1 -0.638

 Mean vectors and covariance matrices after rotation --- 1th cluster >>

 mean vector (mu'=Q*mu)>>
-2.835 -0.995 -0.008 -3.592 -0.573

 covariance matrix (Sigma'=Q*Sigma*t(Q))>>

3.64 -0.096 -0.717 -0.451 1.083
-0.096 3.324 0.083 0.583 -0.378
-0.717 0.083 1.554 0.184 -0.254
-0.451 0.583 0.184 1.621 0.595
1.083 -0.378 -0.254 0.595 6.854

 Mean vectors and covariance matrices after rotation --- 2th cluster >>

 mean vector (mu'=Q*mu)>>
2.835 0.995 0.008 3.592 0.573

 covariance matrix (Sigma'=Q*Sigma*t(Q))>>

3.545 -0.713 1.219 -0.122 0.457
-0.713 1.836 0.024 -0.766 0.189
1.219 0.024 6.239 0.823 -0.502
-0.122 -0.766 0.823 3.759 0.256
0.457 0.189 -0.502 0.256 3.966

 Final eigenvalues for each cluster >> 
 (rows correspond to clusters)
7.284 3.784 3.37 1.33 1.226
6.932 4.305 3.858 3.095 1.154

 theoretical Separation index matrix >>

-1 0.21
0.21 -1

 theoretical projection directions >>

**** cluster 1 and 2
0.519 0.288 -0.142 0.787 -0.088

 empirical Separation index matrix (alpha= 0.05 )>>

-1 0.308
0.308 -1

 empirical projection directions >>

**** cluster 1 and 2
-0.588 -0.352 0.177 -0.696 0.117
