
 Log information for the data set datasetJLG5v5nv0out0_2.dat >>

 alpha = 0.05 sepVal = 0.01

 Number of clusters >> 5

 cluster sizes >>
50 50 50 50 50

 Number of data points >> 250

 Number of dimensions >> 5

 Number of noisy dimensions >> 0

 noisy variables >>
0

 Number of outliers >> 0

 initial eigenvalues for each cluster >> 
 (rows correspond to clusters)
6.581 8.837 6.518 3.347 8.997
3.457 4.24 2.767 9.847 8.03
3.561 4.595 5.737 1.756 9.128
2.312 4.95 3.637 4.103 3.996
3.074 1.639 5.574 2.278 2.839

 Mean vectors and covariance matrices before rotation --- 1th cluster >>

 mean vector (mu'=Q*mu)>>
-5.103 0 0 0 0

 covariance matrix (Sigma'=Q*Sigma*t(Q))>>

6.68 -1.123 0.071 1.688 -0.897
-1.123 7.908 -0.433 0.219 -0.715
0.071 -0.433 6.559 0.684 -0.347
1.688 0.219 0.684 4.687 0.138
-0.897 -0.715 -0.347 0.138 8.447

 Mean vectors and covariance matrices before rotation --- 2th cluster >>

 mean vector (mu'=Q*mu)>>
5.103 0 0 0 0

 covariance matrix (Sigma'=Q*Sigma*t(Q))>>

6.927 0.05 1.175 -2.825 -0.761
0.05 4.24 0.019 -0.073 -0.022
1.175 0.019 3.144 -0.612 -0.138
-2.825 -0.073 -0.612 6.514 -1.338
-0.761 -0.022 -0.138 -1.338 7.517

 Mean vectors and covariance matrices before rotation --- 3th cluster >>

 mean vector (mu'=Q*mu)>>
0 8.839 0 0 0

 covariance matrix (Sigma'=Q*Sigma*t(Q))>>

9.086 0.071 -0.089 1.599 -4.389
0.071 7.48 -0.031 0.181 -0.937
-0.089 -0.031 9.42 0.014 -0.215
1.599 0.181 0.014 3.388 -0.506
-4.389 -0.937 -0.215 -0.506 11.347

 Mean vectors and covariance matrices before rotation --- 4th cluster >>

 mean vector (mu'=Q*mu)>>
0 2.946 8.334 0 0

 covariance matrix (Sigma'=Q*Sigma*t(Q))>>

4.926 -0.468 0.074 -0.015 0.069
-0.468 5.008 -0.158 -0.608 -0.953
0.074 -0.158 4.245 -0.098 -0.147
-0.015 -0.608 -0.098 4.395 -0.64
0.069 -0.953 -0.147 -0.64 3.706

 Mean vectors and covariance matrices before rotation --- 5th cluster >>

 mean vector (mu'=Q*mu)>>
0 2.946 2.083 8.069 0

 covariance matrix (Sigma'=Q*Sigma*t(Q))>>

5.441 1.304 -1.381 0.376 -0.18
1.304 4.842 -0.285 0.717 0.549
-1.381 -0.285 11.752 -0.311 -0.435
0.376 0.717 -0.311 5.319 0.207
-0.18 0.549 -0.435 0.207 6.209

 Final eigenvalues for each cluster >> 
 (rows correspond to clusters)
8.997 8.837 6.581 6.518 3.347
9.847 8.03 4.24 3.457 2.767
15.001 9.429 7.552 5.852 2.886
5.806 4.812 4.686 4.265 2.712
12.146 6.698 6.185 4.965 3.571

 *************************************************

 ********************* rotation ******************

 *************************************************


 The orthogonal matrix Q >>
0.378 0.509 0.043 0.666 0.391
0.509 -0.812 0.016 0.246 0.144
0.043 0.016 -0.999 0.021 0.012
0.666 0.246 0.021 -0.678 0.189
0.391 0.144 0.012 0.189 -0.889

 Mean vectors and covariance matrices after rotation --- 1th cluster >>

 mean vector (mu'=Q*mu)>>
-0.22 -1.931 -2.596 -3.398 -1.996

 covariance matrix (Sigma'=Q*Sigma*t(Q))>>

6.547 -0.12 -0.468 0.557 -0.373
-0.12 6.483 -0.044 0.498 -0.063
-0.468 -0.044 8.731 0.336 -0.081
0.557 0.498 0.336 3.583 0.23
-0.373 -0.063 -0.081 0.23 8.936

 Mean vectors and covariance matrices after rotation --- 2th cluster >>

 mean vector (mu'=Q*mu)>>
0.22 1.931 2.596 3.398 1.996

 covariance matrix (Sigma'=Q*Sigma*t(Q))>>

3.074 0.005 -0.395 -1.06 -0.435
0.005 3.747 -0.545 -0.621 -0.534
-0.395 -0.545 4.234 1.02 0.226
-1.06 -0.621 1.02 9.385 -0.167
-0.435 -0.534 0.226 -0.167 7.902

 Mean vectors and covariance matrices after rotation --- 3th cluster >>

 mean vector (mu'=Q*mu)>>
0.14 4.496 -7.18 2.172 1.276

 covariance matrix (Sigma'=Q*Sigma*t(Q))>>

9.428 -0.022 0.016 0.09 -0.014
-0.022 5.5 -0.514 1.262 0.405
0.016 -0.514 7.536 0.413 1.042
0.09 1.262 0.413 3.9 2.206
-0.014 0.405 1.042 2.206 14.357

 Mean vectors and covariance matrices after rotation --- 4th cluster >>

 mean vector (mu'=Q*mu)>>
-8.276 1.857 -2.261 0.897 0.527

 covariance matrix (Sigma'=Q*Sigma*t(Q))>>

4.251 0.144 -0.091 -0.038 -0.088
0.144 3.217 0.208 -0.008 0.821
-0.091 0.208 5.74 0.026 -0.304
-0.038 -0.008 0.026 4.801 -0.04
-0.088 0.821 -0.304 -0.04 4.271

 Mean vectors and covariance matrices after rotation --- 5th cluster >>

 mean vector (mu'=Q*mu)>>
-1.866 6.961 -0.378 -4.707 1.976

 covariance matrix (Sigma'=Q*Sigma*t(Q))>>

11.889 0.838 0.475 0.746 0.187
0.838 6.721 -0.107 0.504 -0.045
0.475 -0.107 3.627 -0.146 0.065
0.746 0.504 -0.146 5.144 0.133
0.187 -0.045 0.065 0.133 6.183

 Final eigenvalues for each cluster >> 
 (rows correspond to clusters)
8.997 8.837 6.581 6.518 3.347
9.847 8.03 4.24 3.457 2.767
15.001 9.429 7.552 5.852 2.886
5.806 4.812 4.686 4.265 2.712
12.146 6.698 6.185 4.965 3.571

 theoretical Separation index matrix >>

-1 0.01 0.01 0.071 0.016
0.01 -1 0.028 0.151 0.01
0.01 0.028 -1 0.01 0.101
0.071 0.151 0.01 -1 0.041
0.016 0.01 0.101 0.041 -1

 theoretical projection directions >>

**** cluster 1 and 2
0.17 0.533 0.472 0.603 0.317

**** cluster 1 and 3
-0.009 0.507 -0.36 0.778 0.096

**** cluster 1 and 4
-0.763 0.359 -0.019 0.519 0.136

**** cluster 1 and 5
-0.12 0.859 0.237 -0.282 0.335

**** cluster 2 and 3
-0.044 0.213 -0.976 -0.006 0.016

**** cluster 2 and 4
-0.9 -0.026 -0.38 -0.168 -0.127

**** cluster 2 and 5
-0.205 0.585 -0.358 -0.697 0.025

**** cluster 3 and 4
-0.803 -0.342 0.464 -0.148 -0.032

**** cluster 3 and 5
-0.078 0.32 0.554 -0.761 0.082

**** cluster 4 and 5
0.444 0.556 0.187 -0.668 0.114

 empirical Separation index matrix (alpha= 0.05 )>>

-1 0.042 0.121 0.135 0.022
0.042 -1 0.148 0.053 0.08
0.121 0.148 -1 0.043 0.139
0.135 0.053 0.043 -1 -0.01
0.022 0.08 0.139 -0.01 -1

 empirical projection directions >>

**** cluster 1 and 2
-0.158 -0.566 -0.503 -0.604 -0.192

**** cluster 1 and 3
-0.261 0.547 -0.359 -0.704 0.087

**** cluster 1 and 4
-0.872 0.009 -0.439 -0.141 -0.164

**** cluster 1 and 5
0.049 0.251 -0.956 -0.001 0.142

**** cluster 2 and 3
-0.127 0.866 0.31 -0.228 0.294

**** cluster 2 and 4
-0.735 0.457 -0.071 0.482 0.119

**** cluster 2 and 5
-0.007 0.622 -0.19 0.759 -0.042

**** cluster 3 and 4
-0.21 -0.771 -0.172 0.543 -0.19

**** cluster 3 and 5
0.212 -0.403 -0.466 0.758 -0.041

**** cluster 4 and 5
0.767 0.518 -0.297 0.235 -0.01
