
 Log information for the data set datasetJLG3v10nv0out0_1.dat >>

 alpha = 0.05 sepVal = 0.01

 Number of clusters >> 3

 cluster sizes >>
50 50 50

 Number of data points >> 150

 Number of dimensions >> 10

 Number of noisy dimensions >> 0

 noisy variables >>
0

 Number of outliers >> 0

 initial eigenvalues for each cluster >> 
 (rows correspond to clusters)
9.163 2.709 2.172 8.733 7.762 5.378 6.869 9.899 6.409 1.264
7.979 2.721 8.247 1.145 4.565 7.071 3.193 9.458 2.751 3.97
6.051 3.602 6.473 9.371 6.803 6.281 1.205 1.949 7.183 3.209

 Mean vectors and covariance matrices before rotation --- 1th cluster >>

 mean vector (mu'=Q*mu)>>
-4.32 0 0 0 0 0 0 0 0 0

 covariance matrix (Sigma'=Q*Sigma*t(Q))>>

6.184 0.713 1.986 -0.416 -0.239 0.152 -0.016 -1.386 0.161 1.747
0.713 2.958 0.644 0.135 0.191 0.113 0.322 0.207 0.362 0.513
1.986 0.644 3.836 0.372 0.516 0.297 0.86 0.592 0.963 1.321
-0.416 0.135 0.372 8.678 -0.022 0.034 0.024 -0.204 0.056 0.322
-0.239 0.191 0.516 -0.022 7.786 0.06 0.1 -0.151 0.141 0.437
0.152 0.113 0.297 0.034 0.06 5.423 0.114 0.026 0.134 0.242
-0.016 0.322 0.86 0.024 0.1 0.114 7.11 -0.102 0.305 0.716
-1.386 0.207 0.592 -0.204 -0.151 0.026 -0.102 9.291 -0.044 0.536
0.161 0.362 0.963 0.056 0.141 0.134 0.305 -0.044 6.784 0.796
1.747 0.513 1.321 0.322 0.437 0.242 0.716 0.536 0.796 2.307

 Mean vectors and covariance matrices before rotation --- 2th cluster >>

 mean vector (mu'=Q*mu)>>
4.32 0 0 0 0 0 0 0 0 0

 covariance matrix (Sigma'=Q*Sigma*t(Q))>>

4.401 0.069 -1.273 1.834 0.074 -0.346 0.915 -0.968 1.1 0.195
0.069 2.726 0.02 0.093 0.016 0.014 0.074 0.005 0.077 0.023
-1.273 0.02 7.798 0.556 0.014 -0.128 0.257 -0.334 0.318 0.049
1.834 0.093 0.556 2.908 0.323 0.321 1.451 0.206 1.497 0.462
0.074 0.016 0.014 0.323 4.612 0.026 0.237 -0.019 0.252 0.071
-0.346 0.014 -0.128 0.321 0.026 7.046 0.191 -0.109 0.216 0.049
0.915 0.074 0.257 1.451 0.237 0.191 4.323 0.041 1.183 0.35
-0.968 0.005 -0.334 0.206 -0.019 -0.109 0.041 9.228 0.076 -0.008
1.1 0.077 0.318 1.497 0.252 0.216 1.183 0.076 3.985 0.369
0.195 0.023 0.049 0.462 0.071 0.049 0.35 -0.008 0.369 4.076

 Mean vectors and covariance matrices before rotation --- 3th cluster >>

 mean vector (mu'=Q*mu)>>
0 7.483 0 0 0 0 0 0 0 0

 covariance matrix (Sigma'=Q*Sigma*t(Q))>>

7.417 0.219 -0.188 -3.696 -0.3 -0.958 2.87 1.876 -0.363 0.709
0.219 5.696 0.01 -0.191 0.008 0.071 0.539 0.39 0.001 0.201
-0.188 0.01 10.087 -0.28 -0.025 -0.085 0.176 0.111 -0.03 0.036
-3.696 -0.191 -0.28 11.451 -0.397 -1.547 0.112 -0.151 -0.432 -0.38
-0.3 0.008 -0.025 -0.397 10.579 -0.133 0.209 0.128 -0.044 0.035
-0.958 0.071 -0.085 -1.547 -0.133 9.363 1.071 0.687 -0.159 0.242
2.87 0.539 0.176 0.112 0.209 1.071 5.175 2.475 0.184 1.399
1.876 0.39 0.111 -0.151 0.128 0.687 2.475 4.884 0.106 1.02
-0.363 0.001 -0.03 -0.432 -0.044 -0.159 0.184 0.106 11.161 0.019
0.709 0.201 0.036 -0.38 0.035 0.242 1.399 1.02 0.019 5.545

 Final eigenvalues for each cluster >> 
 (rows correspond to clusters)
9.899 9.163 8.733 7.762 6.869 6.409 5.378 2.709 2.172 1.264
9.458 8.247 7.979 7.071 4.565 3.97 3.193 2.751 2.721 1.145
14.625 11.211 10.617 10.103 9.804 9.445 5.621 5.008 3.042 1.88

 *************************************************

 ********************* rotation ******************

 *************************************************


 The orthogonal matrix Q >>
0.412 0.266 0.424 0.392 0.327 0.122 0.164 0.21 0.106 0.471
0.266 -0.95 0.08 0.074 0.062 0.023 0.031 0.04 0.02 0.089
0.424 0.08 -0.873 0.118 0.098 0.037 0.049 0.063 0.032 0.141
0.392 0.074 0.118 -0.891 0.091 0.034 0.046 0.058 0.029 0.131
0.327 0.062 0.098 0.091 -0.924 0.028 0.038 0.049 0.025 0.109
0.122 0.023 0.037 0.034 0.028 -0.989 0.014 0.018 0.009 0.041
0.164 0.031 0.049 0.046 0.038 0.014 -0.981 0.024 0.012 0.055
0.21 0.04 0.063 0.058 0.049 0.018 0.024 -0.969 0.016 0.07
0.106 0.02 0.032 0.029 0.025 0.009 0.012 0.016 -0.992 0.035
0.471 0.089 0.141 0.131 0.109 0.041 0.055 0.07 0.035 -0.843

 Mean vectors and covariance matrices after rotation --- 1th cluster >>

 mean vector (mu'=Q*mu)>>
-1.693 -0.529 -2.036 -1.83 -0.905 -0.458 -1.413 -1.779 -0.71 -1.15

 covariance matrix (Sigma'=Q*Sigma*t(Q))>>

8.686 -0.031 0.025 -0.332 0.153 -0.249 -0.037 -0.063 -0.164 0.015
-0.031 5.382 0.068 0.004 0.102 0.021 -0.001 0.018 0.027 0.029
0.025 0.068 1.579 0.143 0.801 0.346 0.163 1.063 0.36 0.16
-0.332 0.004 0.143 2.306 0.596 0.441 -0.094 -0.199 0.358 0.031
0.153 0.102 0.801 0.596 9.67 -0.112 0.135 0.071 -0.055 0.382
-0.249 0.021 0.346 0.441 -0.112 6.618 -0.12 -0.851 0.125 0.121
-0.037 -0.001 0.163 -0.094 0.135 -0.12 7.756 -0.022 -0.066 0.077
-0.063 0.018 1.063 -0.199 0.071 -0.851 -0.022 8.618 -0.559 0.501
-0.164 0.027 0.36 0.358 -0.055 0.125 -0.066 -0.559 6.95 0.141
0.015 0.029 0.16 0.031 0.382 0.121 0.077 0.501 0.141 2.792

 Mean vectors and covariance matrices after rotation --- 2th cluster >>

 mean vector (mu'=Q*mu)>>
1.693 0.529 2.036 1.83 0.905 0.458 1.413 1.779 0.71 1.15

 covariance matrix (Sigma'=Q*Sigma*t(Q))>>

1.397 0.123 -0.457 -0.124 -0.029 0.557 -0.341 -0.635 0.514 -0.281
0.123 7.069 0.09 -0.045 -0.036 -0.004 0.047 -0.132 0.013 0.082
-0.457 0.09 4.051 0.202 0.19 -0.519 0.022 0.461 -0.4 0.183
-0.124 -0.045 0.202 8.093 -0.079 -0.441 0.091 -0.508 -0.355 0.263
-0.029 -0.036 0.19 -0.079 9.408 -0.272 0.104 -0.224 -0.219 0.194
0.557 -0.004 -0.519 -0.441 -0.272 3.587 -0.371 -1.482 0.707 -0.385
-0.341 0.047 0.022 0.091 0.104 -0.371 4.556 0.165 -0.293 0.109
-0.635 -0.132 0.461 -0.508 -0.224 -1.482 0.165 6.223 -1.21 0.74
0.514 0.013 -0.4 -0.355 -0.219 0.707 -0.293 -1.21 3.803 -0.289
-0.281 0.082 0.183 0.263 0.194 -0.385 0.109 0.74 -0.289 2.915

 Mean vectors and covariance matrices after rotation --- 3th cluster >>

 mean vector (mu'=Q*mu)>>
0.553 0.173 0.665 0.598 0.296 0.15 0.461 1.992 0.232 -7.107

 covariance matrix (Sigma'=Q*Sigma*t(Q))>>

13.849 -0.798 0.901 0.779 -0.414 -0.037 0.454 0.724 -0.874 0.599
-0.798 9.597 0.642 0.246 0.605 -0.035 0.133 0.424 0.763 0.318
0.901 0.642 5.159 -0.423 -0.154 0.062 -0.28 0.251 -0.458 0.063
0.779 0.246 -0.423 9.574 -0.993 -0.017 -0.385 -0.933 -1.532 -0.177
-0.414 0.605 -0.154 -0.993 3.917 -0.1 -0.707 -1.328 1.3 -0.238
-0.037 -0.035 0.062 -0.017 -0.1 11.199 -0.025 -0.079 -0.188 0.043
0.454 0.133 -0.28 -0.385 -0.707 -0.025 10.329 -0.756 -1.095 -0.115
0.724 0.424 0.251 -0.933 -1.328 -0.079 -0.756 8.144 -2.449 0.201
-0.874 0.763 -0.458 -1.532 1.3 -0.188 -1.095 -2.449 3.926 -0.482
0.599 0.318 0.063 -0.177 -0.238 0.043 -0.115 0.201 -0.482 5.663

 Final eigenvalues for each cluster >> 
 (rows correspond to clusters)
9.899 9.163 8.733 7.762 6.869 6.409 5.378 2.709 2.172 1.264
9.458 8.247 7.979 7.071 4.565 3.97 3.193 2.751 2.721 1.145
14.625 11.211 10.617 10.103 9.804 9.445 5.621 5.008 3.042 1.88

 theoretical Separation index matrix >>

-1 0.01 0.01
0.01 -1 0.036
0.01 0.036 -1

 theoretical projection directions >>

**** cluster 1 and 2
0.434 0.073 0.637 0.347 0.05 0.162 0.246 0.241 0.172 0.32

**** cluster 1 and 3
0.107 0.03 0.383 0.268 0.095 0.048 0.137 0.287 0.17 -0.792

**** cluster 2 and 3
-0.062 0.014 -0.138 -0.077 -0.036 -0.047 -0.083 0.027 -0.178 -0.963

 empirical Separation index matrix (alpha= 0.05 )>>

-1 -0.006 0.02
-0.006 -1 0.009
0.02 0.009 -1

 empirical projection directions >>

**** cluster 1 and 2
0.444 0.043 0.612 0.299 -0.042 0.286 0.368 0.13 0.256 0.189

**** cluster 1 and 3
0.235 -0.054 0.232 0.305 0.101 0.118 0.174 0.357 0.139 -0.771

**** cluster 2 and 3
-0.004 -0.012 -0.153 -0.029 -0.102 -0.062 -0.016 0.082 -0.185 -0.959
