
 Log information for the data set datasetJHG2v10nv1out0_2.dat >>

 alpha = 0.05 sepVal = 0.34

 Number of clusters >> 2

 cluster sizes >>
50 50

 Number of data points >> 100

 Number of dimensions >> 11

 Number of noisy dimensions >> 1

 noisy variables >>
11

 Number of outliers >> 0

 initial eigenvalues for each cluster >> 
 (rows correspond to clusters)
4.901 1.195 7.286 5.096 6.399 1.392 8.71 8.05 2.769 4.896
2.73 9.588 4.468 3.998 1.859 4.446 3.277 3.26 8.455 4.214

 Mean vectors and covariance matrices before rotation --- 1th cluster >>

 mean vector (mu'=Q*mu)>>
-8.323 0 0 0 0 0 0 0 0 0 0

 covariance matrix (Sigma'=Q*Sigma*t(Q))>>

4.131 1.05 -0.774 -0.288 -0.072 1.32 -1.264 -0.066 0.524 -0.043 0
1.05 1.688 0.047 0.267 0.013 0.642 -0.039 0 0.374 0.059 0
-0.774 0.047 7.037 -0.223 -0.028 0.048 -0.347 -0.019 -0.043 -0.043 0
-0.288 0.267 -0.223 4.996 -0.021 0.334 -0.357 -0.019 0.125 -0.016 0
-0.072 0.013 -0.028 -0.021 6.396 0.016 -0.041 -0.002 0.001 -0.004 0
1.32 0.642 0.048 0.334 0.016 2.227 -0.069 -0.001 0.482 0.074 0
-1.264 -0.039 -0.347 -0.357 -0.041 -0.069 8.25 -0.026 -0.137 -0.071 0
-0.066 0 -0.019 -0.019 -0.002 -0.001 -0.026 8.048 -0.006 -0.004 0
0.524 0.374 -0.043 0.125 0.001 0.482 -0.137 -0.006 3.028 0.03 0
-0.043 0.059 -0.043 -0.016 -0.004 0.074 -0.071 -0.004 0.03 4.894 0
0 0 0 0 0 0 0 0 0 0 31.29

 Mean vectors and covariance matrices before rotation --- 2th cluster >>

 mean vector (mu'=Q*mu)>>
8.323 0 0 0 0 0 0 0 0 0 0

 covariance matrix (Sigma'=Q*Sigma*t(Q))>>

5.334 -2.092 0.139 0.262 0.219 0.084 0.092 0.638 -1.02 0.238 0
-2.092 7.809 -0.933 -0.683 -0.101 -0.524 -0.112 -0.765 -1.026 -0.878 0
0.139 -0.933 4.281 -0.098 0.029 -0.104 -0.004 -0.026 -0.493 -0.15 0
0.262 -0.683 -0.098 3.96 0.032 -0.054 0.004 0.03 -0.355 -0.07 0
0.219 -0.101 0.029 0.032 1.875 0.017 0.009 0.059 -0.046 0.035 0
0.084 -0.524 -0.104 -0.054 0.017 4.389 -0.002 -0.013 -0.276 -0.083 0
0.092 -0.112 -0.004 0.004 0.009 -0.002 3.28 0.02 -0.056 0.001 0
0.638 -0.765 -0.026 0.03 0.059 -0.013 0.02 3.398 -0.384 0.008 0
-1.02 -1.026 -0.493 -0.355 -0.046 -0.276 -0.056 -0.384 7.87 -0.459 0
0.238 -0.878 -0.15 -0.07 0.035 -0.083 0.001 0.008 -0.459 4.1 0
0 0 0 0 0 0 0 0 0 0 31.29

 Final eigenvalues for each cluster >> 
 (rows correspond to clusters)
31.29 8.71 8.05 7.286 6.399 5.096 4.901 4.896 2.769 1.392 1.195
31.29 9.588 8.455 4.468 4.446 4.214 3.998 3.277 3.26 2.73 1.859

 *************************************************

 ********************* rotation ******************

 *************************************************


 The orthogonal matrix Q >>
0.243 0.362 0.1 0.328 0.216 0.081 0.498 0.413 0.409 0.229
0.362 -0.894 0.029 0.096 0.063 0.024 0.145 0.12 0.119 0.067
0.1 0.029 -0.992 0.026 0.017 0.006 0.04 0.033 0.033 0.018
0.328 0.096 0.026 -0.914 0.057 0.021 0.131 0.109 0.108 0.06
0.216 0.063 0.017 0.057 -0.963 0.014 0.086 0.072 0.071 0.04
0.081 0.024 0.006 0.021 0.014 -0.995 0.032 0.027 0.027 0.015
0.498 0.145 0.04 0.131 0.086 0.032 -0.8 0.166 0.164 0.092
0.413 0.12 0.033 0.109 0.072 0.027 0.166 -0.863 0.136 0.076
0.409 0.119 0.033 0.108 0.071 0.027 0.164 0.136 -0.865 0.075
0.229 0.067 0.018 0.06 0.04 0.015 0.092 0.076 0.075 -0.958

 Mean vectors and covariance matrices after rotation --- 1th cluster >>

 mean vector (mu'=Q*mu)>>
-0.832 -1.794 -4.148 -2.026 -3.438 -3.407 -2.729 -0.672 -3.015 -1.904 0

 covariance matrix (Sigma'=Q*Sigma*t(Q))>>

7.194 0.12 0.047 0.264 0.2 0.266 0.057 -0.048 0.288 0.136 0
0.12 6.299 -0.153 -0.231 -0.326 -0.12 -0.05 -0.346 -0.165 -0.058 0
0.047 -0.153 8.249 -0.987 -0.56 -0.205 -0.254 -0.864 -0.263 -0.077 0
0.264 -0.231 -0.987 5.519 -1.168 0.583 0.154 -0.617 0.695 0.071 0
0.2 -0.326 -0.56 -1.168 7.163 -0.501 -0.284 -0.746 -0.573 -0.253 0
0.266 -0.12 -0.205 0.583 -0.501 2.916 0.165 -0.181 0.141 -0.006 0
0.057 -0.05 -0.254 0.154 -0.284 0.165 5.133 -0.172 0.195 0.028 0
-0.048 -0.346 -0.864 -0.617 -0.746 -0.181 -0.172 1.969 0.028 -0.291 0
0.288 -0.165 -0.263 0.695 -0.573 0.141 0.195 0.028 1.364 -0.047 0
0.136 -0.058 -0.077 0.071 -0.253 -0.006 0.028 -0.291 -0.047 4.889 0
0 0 0 0 0 0 0 0 0 0 31.29

 Mean vectors and covariance matrices after rotation --- 2th cluster >>

 mean vector (mu'=Q*mu)>>
0.832 1.794 4.148 2.026 3.438 3.407 2.729 0.672 3.015 1.904 0

 covariance matrix (Sigma'=Q*Sigma*t(Q))>>

4.347 0.115 0.182 0.463 0.097 -0.316 0.016 -0.06 -0.607 -0.058 0
0.115 1.935 0.123 0.202 0.087 0.1 0.089 0.065 0.394 0.102 0
0.182 0.123 3.488 -0.088 0.037 0.235 0.098 0.1 0.993 0.13 0
0.463 0.202 -0.088 3.143 0.102 -0.866 0.037 0.224 0.157 0.239 0
0.097 0.087 0.037 0.102 3.284 -0.27 0.006 0.046 0.039 0.044 0
-0.316 0.1 0.235 -0.866 -0.27 8.209 -0.198 -0.173 -0.031 -0.298 0
0.016 0.089 0.098 0.037 0.006 -0.198 3.993 0.006 0.013 -0.005 0
-0.06 0.065 0.1 0.224 0.046 -0.173 0.006 4.416 -0.296 -0.031 0
-0.607 0.394 0.993 0.157 0.039 -0.031 0.013 -0.296 9.305 -0.346 0
-0.058 0.102 0.13 0.239 0.044 -0.298 -0.005 -0.031 -0.346 4.175 0
0 0 0 0 0 0 0 0 0 0 31.29

 Final eigenvalues for each cluster >> 
 (rows correspond to clusters)
31.29 8.71 8.05 7.286 6.399 5.096 4.901 4.896 2.769 1.392 1.195
31.29 9.588 8.455 4.468 4.446 4.214 3.998 3.277 3.26 2.73 1.859

 theoretical Separation index matrix >>

-1 0.34
0.34 -1

 theoretical projection directions >>

**** cluster 1 and 2
0.031 0.232 0.405 0.321 0.458 0.373 0.309 0.314 0.277 0.241 0

 empirical Separation index matrix (alpha= 0.05 )>>

-1 0.354
0.354 -1

 empirical projection directions >>

**** cluster 1 and 2
-0.117 -0.062 -0.441 -0.37 -0.496 -0.428 -0.35 -0.213 -0.134 -0.191 0.001
