
 Log information for the data set datasetJHG5v10nv1out0_3.dat >>

 alpha = 0.05 sepVal = 0.34

 Number of clusters >> 5

 cluster sizes >>
50 50 50 50 50

 Number of data points >> 250

 Number of dimensions >> 11

 Number of noisy dimensions >> 1

 noisy variables >>
7

 Number of outliers >> 0

 initial eigenvalues for each cluster >> 
 (rows correspond to clusters)
7.56 3.77 6.983 6.369 2.5 9.739 9.791 7.454 8.379 5.362
7.125 8.93 4.456 3.796 8.686 6.885 5.222 1.001 4.446 1.491
7.702 7.81 9.751 1.598 9.412 5.922 5.761 1.89 1.29 1.855
8.704 8.653 5.247 8.718 6.314 9.268 2.784 9.481 7.198 6.243
5.991 7.071 7.051 3.927 4.47 3.15 6.154 9.534 4.272 7.535

 Mean vectors and covariance matrices before rotation --- 1th cluster >>

 mean vector (mu'=Q*mu)>>
-11.243 0 0 0 0 0 0 0 0 0 0.266

 covariance matrix (Sigma'=Q*Sigma*t(Q))>>

8.11 0.452 0.002 0.262 2.108 -1.183 -1.246 -0.026 -0.51 0.906 0
0.452 4.507 0.008 0.144 0.333 0.043 0.043 0.02 0.085 0.251 0
0.002 0.008 8.193 0.007 0.036 -0.014 -0.015 0 -0.004 0.019 0
0.262 0.144 0.007 7.637 0.622 -0.153 -0.164 0.013 -0.01 0.359 0
2.108 0.333 0.036 0.622 4.228 0.312 0.315 0.095 0.431 1.044 0
-1.183 0.043 -0.014 -0.153 0.312 10.819 -0.634 -0.05 -0.385 -0.069 0
-1.246 0.043 -0.015 -0.164 0.315 -0.634 10.826 -0.053 -0.404 -0.079 0
-0.026 0.02 0 0.013 0.095 -0.05 -0.053 8.744 -0.021 0.042 0
-0.51 0.085 -0.004 -0.01 0.431 -0.385 -0.404 -0.021 9.624 0.118 0
0.906 0.251 0.019 0.359 1.044 -0.069 -0.079 0.042 0.118 6.982 0
0 0 0 0 0 0 0 0 0 0 54.839

 Mean vectors and covariance matrices before rotation --- 2th cluster >>

 mean vector (mu'=Q*mu)>>
11.243 0 0 0 0 0 0 0 0 0 0.266

 covariance matrix (Sigma'=Q*Sigma*t(Q))>>

4.966 -1.04 0.393 0.405 -1.211 -0.253 0.088 1.692 0.03 1.319 0
-1.04 8.562 -0.079 -0.01 -0.44 -0.132 -0.161 0.234 -0.006 0.167 0
0.393 -0.079 4.925 0.34 -0.07 0.067 0.394 0.863 0.035 0.705 0
0.405 -0.01 0.34 4.037 0.005 0.063 0.298 0.58 0.026 0.476 0
-1.211 -0.44 -0.07 0.005 8.162 -0.153 -0.171 0.32 -0.005 0.233 0
-0.253 -0.132 0.067 0.063 -0.153 6.856 0.026 0.243 0.005 0.191 0
0.088 -0.161 0.394 0.298 -0.171 0.026 5.529 0.82 0.03 0.663 0
1.692 0.234 0.863 0.58 0.32 0.243 0.82 2.214 0.065 1.014 0
0.03 -0.006 0.035 0.026 -0.005 0.005 0.03 0.065 4.449 0.053 0
1.319 0.167 0.705 0.476 0.233 0.191 0.663 1.014 0.053 2.337 0
0 0 0 0 0 0 0 0 0 0 54.839

 Mean vectors and covariance matrices before rotation --- 3th cluster >>

 mean vector (mu'=Q*mu)>>
0 19.474 0 0 0 0 0 0 0 0 0.266

 covariance matrix (Sigma'=Q*Sigma*t(Q))>>

4.885 -1.877 -0.187 0.464 -0.991 -0.167 -0.119 0.628 2.185 0.645 0
-1.877 6.562 -0.122 0.288 -0.65 -0.119 -0.086 0.388 1.359 0.399 0
-0.187 -0.122 9.741 0.007 -0.055 -0.02 -0.016 0.008 0.037 0.008 0
0.464 0.288 0.007 1.77 0.05 0.121 0.107 0.248 0.769 0.252 0
-0.991 -0.65 -0.055 0.05 9.115 -0.101 -0.082 0.061 0.253 0.063 0
-0.167 -0.119 -0.02 0.121 -0.101 5.948 0.026 0.169 0.554 0.173 0
-0.119 -0.086 -0.016 0.107 -0.082 0.026 5.786 0.15 0.489 0.153 0
0.628 0.388 0.008 0.248 0.061 0.169 0.15 2.245 1.106 0.362 0
2.185 1.359 0.037 0.769 0.253 0.554 0.489 1.106 4.714 1.126 0
0.645 0.399 0.008 0.252 0.063 0.173 0.153 0.362 1.126 2.224 0
0 0 0 0 0 0 0 0 0 0 54.839

 Mean vectors and covariance matrices before rotation --- 4th cluster >>

 mean vector (mu'=Q*mu)>>
0 6.491 18.36 0 0 0 0 0 0 0 0.266

 covariance matrix (Sigma'=Q*Sigma*t(Q))>>

7.104 -0.004 0.585 -0.624 0.286 -0.314 0.886 -0.765 -0.037 0.338 0
-0.004 8.653 0.002 -0.002 0.001 -0.001 0.003 -0.002 0 0.001 0
0.585 0.002 5.752 0.224 0.456 0.059 0.484 0.11 0.578 0.503 0
-0.624 -0.002 0.224 8.475 0.109 -0.122 0.341 -0.297 -0.017 0.128 0
0.286 0.001 0.456 0.109 6.7 0.013 0.472 0.005 0.447 0.428 0
-0.314 -0.001 0.059 -0.122 0.013 9.211 0.111 -0.137 -0.051 0.018 0
0.886 0.003 0.484 0.341 0.472 0.111 3.202 0.233 0.655 0.517 0
-0.765 -0.002 0.11 -0.297 0.005 -0.137 0.233 9.155 -0.151 0.014 0
-0.037 0 0.578 -0.017 0.447 -0.051 0.655 -0.151 7.641 0.5 0
0.338 0.001 0.503 0.128 0.428 0.018 0.517 0.014 0.5 6.717 0
0 0 0 0 0 0 0 0 0 0 54.839

 Mean vectors and covariance matrices before rotation --- 5th cluster >>

 mean vector (mu'=Q*mu)>>
0 6.491 4.59 17.777 0 0 0 0 0 0 0.266

 covariance matrix (Sigma'=Q*Sigma*t(Q))>>

11.336 -0.131 -0.823 0.3 1.621 1.318 0.01 -2.255 0.417 -0.521 0
-0.131 12.674 -0.119 0.01 0.039 0.054 -0.008 -0.187 0.012 -0.059 0
-0.823 -0.119 11.898 0.065 0.259 0.349 -0.053 -1.201 0.077 -0.38 0
0.3 0.01 0.065 7.079 0.186 0.116 0.015 -0.045 0.045 0.016 0
1.621 0.039 0.259 0.186 9.153 0.735 0.079 -0.454 0.277 0.031 0
1.318 0.054 0.349 0.116 0.735 6.094 0.067 -0.055 0.177 0.106 0
0.01 -0.008 -0.053 0.015 0.079 0.067 11.046 -0.127 0.021 -0.031 0
-2.255 -0.187 -1.201 -0.045 -0.454 -0.055 -0.127 15.828 -0.093 -0.532 0
0.417 0.012 0.077 0.045 0.277 0.177 0.021 -0.093 7.737 0.014 0
-0.521 -0.059 -0.38 0.016 0.031 0.106 -0.031 -0.532 0.014 13.344 0
0 0 0 0 0 0 0 0 0 0 54.839

 Final eigenvalues for each cluster >> 
 (rows correspond to clusters)
54.839 11.487 11.426 9.831 8.869 8.745 8.193 7.472 6.291 4.423 2.933
54.839 8.93 8.686 7.125 6.885 5.222 4.456 4.446 3.796 1.491 1.001
54.839 9.751 9.412 7.81 7.702 5.922 5.761 1.89 1.855 1.598 1.29
54.839 9.481 9.268 8.718 8.704 8.653 7.198 6.314 6.243 5.247 2.784
54.839 17.114 13.526 12.693 12.657 11.046 10.755 8.025 7.669 7.049 5.655

 *************************************************

 ********************* rotation ******************

 *************************************************


 The orthogonal matrix Q >>
0.099 0.081 0.594 0.396 0.571 0.226 0.212 0.002 0.079 0.216
0.081 -0.994 0.044 0.029 0.042 0.017 0.016 0 0.006 0.016
0.594 0.044 -0.679 0.214 0.308 0.122 0.115 0.001 0.042 0.117
0.396 0.029 0.214 -0.857 0.206 0.081 0.076 0.001 0.028 0.078
0.571 0.042 0.308 0.206 -0.704 0.117 0.11 0.001 0.041 0.112
0.226 0.017 0.122 0.081 0.117 -0.954 0.044 0 0.016 0.044
0.212 0.016 0.115 0.076 0.11 0.044 -0.959 0 0.015 0.042
0.002 0 0.001 0.001 0.001 0 0 -1 0 0
0.079 0.006 0.042 0.028 0.041 0.016 0.015 0 -0.994 0.015
0.216 0.016 0.117 0.078 0.112 0.044 0.042 0 0.015 -0.958

 Mean vectors and covariance matrices after rotation --- 1th cluster >>

 mean vector (mu'=Q*mu)>>
-6.416 -0.884 -2.385 -0.024 -6.674 -0.911 0.266 -1.112 -4.453 -2.427 -2.538

 covariance matrix (Sigma'=Q*Sigma*t(Q))>>

3.872 0.616 0.791 0.085 0.057 0.063 0 1.713 0.412 0.287 0.726
0.616 9.682 -0.251 -0.021 0.243 0.081 0 -0.113 0.124 0.102 -0.235
0.791 -0.251 11.229 -0.054 0.625 0.029 0 -0.223 0.18 -0.131 -0.239
0.085 -0.021 -0.054 8.744 -0.008 0.018 0 -0.044 0.007 0.036 -0.052
0.057 0.243 0.625 -0.008 8.62 -0.218 0 0.342 0.06 -0.621 0.571
0.063 0.081 0.029 0.018 -0.218 4.437 0 -0.028 -0.039 0.061 0.015
0 0 0 0 0 0 54.839 0 0 0 0
1.713 -0.113 -0.223 -0.044 0.342 -0.028 0 7.906 0.059 -0.442 -0.27
0.412 0.124 0.18 0.007 0.06 -0.039 0 0.059 7.516 -0.152 0.149
0.287 0.102 -0.131 0.036 -0.621 0.061 0 -0.442 -0.152 6.46 -0.158
0.726 -0.235 -0.239 -0.052 0.571 0.015 0 -0.27 0.149 -0.158 11.203

 Mean vectors and covariance matrices after rotation --- 2th cluster >>

 mean vector (mu'=Q*mu)>>
6.416 0.884 2.385 0.024 6.674 0.911 0.266 1.112 4.453 2.427 2.538

 covariance matrix (Sigma'=Q*Sigma*t(Q))>>

8.07 -0.01 -0.445 -1.367 -0.341 0.19 0 -0.924 -0.157 -0.672 -0.193
-0.01 4.45 -0.005 -0.167 0.007 0.082 0 0.085 0.009 -0.068 0.003
-0.445 -0.005 5.338 0.191 0.043 0.039 0 -0.268 0.071 0.236 -0.084
-1.367 -0.167 0.191 2.201 -0.892 -0.003 0 -1.555 -0.591 0.373 -0.425
-0.341 0.007 0.043 -0.892 4.461 0.551 0 0.354 0.05 -0.303 -0.044
0.19 0.082 0.039 -0.003 0.551 8.742 0 0.238 0.413 0.281 0.117
0 0 0 0 0 0 54.839 0 0 0 0
-0.924 0.085 -0.268 -1.555 0.354 0.238 0 6.415 0.415 -0.248 -0.145
-0.157 0.009 0.071 -0.591 0.05 0.413 0 0.415 3.857 -0.189 -0.003
-0.672 -0.068 0.236 0.373 -0.303 0.281 0 -0.248 -0.189 1.665 -0.169
-0.193 0.003 -0.084 -0.425 -0.044 0.117 0 -0.145 -0.003 -0.169 6.839

 Mean vectors and covariance matrices after rotation --- 3th cluster >>

 mean vector (mu'=Q*mu)>>
0.819 0.113 0.305 0.003 0.852 -19.357 0.266 1.578 0.569 0.31 0.324

 covariance matrix (Sigma'=Q*Sigma*t(Q))>>

8.326 -1.554 -0.194 -0.505 -1.567 0.425 0 -1.052 0.215 -0.232 -0.214
-1.554 4.231 -0.158 1.021 -1.938 1.266 0 -1.094 -0.387 0.443 -0.133
-0.194 -0.158 5.812 -0.06 -0.391 0.339 0 0.207 0.294 0.112 0.055
-0.505 1.021 -0.06 2.241 -0.583 0.313 0 -0.456 -0.142 0.148 -0.054
-1.567 -1.938 -0.391 -0.583 7.448 0.898 0 -1.582 -0.301 -0.56 -0.411
0.425 1.266 0.339 0.313 0.898 6.883 0 0.4 1.135 0.806 0.334
0 0 0 0 0 0 54.839 0 0 0 0
-1.052 -1.094 0.207 -0.456 -1.582 0.4 0 7.575 1.794 0.627 0.193
0.215 -0.387 0.294 -0.142 -0.301 1.135 0 1.794 2.379 0.317 0.325
-0.232 0.443 0.112 0.148 -0.56 0.806 0 0.627 0.317 2.113 0.132
-0.214 -0.133 0.055 -0.054 -0.411 0.334 0 0.193 0.325 0.132 5.982

 Mean vectors and covariance matrices after rotation --- 4th cluster >>

 mean vector (mu'=Q*mu)>>
5.933 0.818 2.206 0.022 -12.189 -5.649 0.266 11.424 4.117 2.244 2.347

 covariance matrix (Sigma'=Q*Sigma*t(Q))>>

6.511 0.036 -0.01 0.461 0.36 -0.043 0 0.319 0.14 -0.057 -0.009
0.036 7.531 0.445 -0.089 0.164 -0.061 0 -0.774 -0.28 0.287 -0.206
-0.01 0.445 2.87 0.401 0.021 -0.072 0 0.105 0.067 0.181 -0.06
0.461 -0.089 0.401 9.159 0.585 0.062 0 0.114 0.02 0.185 0.044
0.36 0.164 0.021 0.585 5.757 -0.03 0 0.812 0.327 0.036 0.076
-0.043 -0.061 -0.072 0.062 -0.03 8.645 0 -0.033 -0.009 -0.074 -0.011
0 0 0 0 0 0 54.839 0 0 0 0
0.319 -0.774 0.105 0.114 0.812 -0.033 0 7.928 -0.288 -0.447 -0.2
0.14 -0.28 0.067 0.02 0.327 -0.009 0 -0.288 8.61 -0.147 -0.073
-0.057 0.287 0.181 0.185 0.036 -0.074 0 -0.447 -0.147 6.377 -0.154
-0.009 -0.206 -0.06 0.044 0.076 -0.011 0 -0.2 -0.073 -0.154 9.223

 Mean vectors and covariance matrices after rotation --- 5th cluster >>

 mean vector (mu'=Q*mu)>>
5.344 0.737 1.987 0.02 0.969 -5.733 0.266 10.291 -14.068 2.021 2.114

 covariance matrix (Sigma'=Q*Sigma*t(Q))>>

8.368 0.007 -0.013 1.432 0.187 0.042 0 0.69 0.603 0.097 0.109
0.007 7.677 -0.052 0.166 -0.101 -0.011 0 -0.021 -0.009 -0.038 0.027
-0.013 -0.052 11.086 0.575 0.129 0.021 0 0.049 0.309 0.069 -0.086
1.432 0.166 0.575 15.842 0.764 0.081 0 1.38 1.268 0.183 0.69
0.187 -0.101 0.129 0.764 12.597 -0.01 0 -0.357 1.015 -0.031 -0.007
0.042 -0.011 0.021 0.081 -0.01 12.691 0 -0.043 0.148 -0.007 0.01
0 0 0 0 0 0 54.839 0 0 0 0
0.69 -0.021 0.049 1.38 -0.357 -0.043 0 10.665 1.506 -0.175 0.344
0.603 -0.009 0.309 1.268 1.015 0.148 0 1.506 8.036 0.425 0.063
0.097 -0.038 0.069 0.183 -0.031 -0.007 0 -0.175 0.425 13.505 0.012
0.109 0.027 -0.086 0.69 -0.007 0.01 0 0.344 0.063 0.012 5.722

 Final eigenvalues for each cluster >> 
 (rows correspond to clusters)
54.839 11.487 11.426 9.831 8.869 8.745 8.193 7.472 6.291 4.423 2.933
54.839 8.93 8.686 7.125 6.885 5.222 4.456 4.446 3.796 1.491 1.001
54.839 9.751 9.412 7.81 7.702 5.922 5.761 1.89 1.855 1.598 1.29
54.839 9.481 9.268 8.718 8.704 8.653 7.198 6.314 6.243 5.247 2.784
54.839 17.114 13.526 12.693 12.657 11.046 10.755 8.025 7.669 7.049 5.655

 theoretical Separation index matrix >>

-1 0.408 0.448 0.362 0.34
0.408 -1 0.34 0.428 0.397
0.448 0.34 -1 0.351 0.444
0.362 0.428 0.351 -1 0.34
0.34 0.397 0.444 0.34 -1

 theoretical projection directions >>

**** cluster 1 and 2
0.52 0.039 0.114 0.174 0.556 0.003 0 0.073 0.398 0.442 0.13

**** cluster 1 and 3
0.306 0.206 0.073 0.05 0.327 -0.765 0 0.094 0.292 0.253 0.078

**** cluster 1 and 4
0.618 0.072 0.19 -0.015 -0.322 -0.228 0 0.475 0.33 0.247 0.159

**** cluster 1 and 5
0.611 0.051 0.124 -0.046 0.266 -0.194 0 0.4 -0.53 0.175 0.161

**** cluster 2 and 3
-0.29 -0.053 -0.11 -0.197 -0.347 -0.776 0 0 -0.249 -0.255 -0.114

**** cluster 2 and 4
0.006 0.034 0.002 0.03 -0.897 -0.152 0 0.413 0.016 -0.004 0.007

**** cluster 2 and 5
-0.003 -0.009 0.013 0.034 -0.132 -0.14 0 0.391 -0.899 0.004 -0.017

**** cluster 3 and 4
0.183 -0.028 0.091 -0.005 -0.665 0.597 0 0.376 0.098 0.063 0.064

**** cluster 3 and 5
0.154 0.02 0.06 0.013 0.065 0.329 0 0.355 -0.852 0.056 0.067

**** cluster 4 and 5
-0.01 -0.024 0.004 0.011 0.574 0.003 0 -0.01 -0.818 0.002 -0.015

 empirical Separation index matrix (alpha= 0.05 )>>

-1 0.46 0.346 0.527 0.414
0.46 -1 0.397 0.406 0.401
0.346 0.397 -1 0.542 0.439
0.527 0.406 0.542 -1 0.342
0.414 0.401 0.439 0.342 -1

 empirical projection directions >>

**** cluster 1 and 2
0.041 -0.056 0.186 0.187 -0.769 -0.136 -0.013 0.521 -0.048 0.057 -0.194

**** cluster 1 and 3
-0.247 -0.136 -0.299 -0.185 -0.202 -0.709 0.073 0.088 -0.399 -0.251 -0.138

**** cluster 1 and 4
-0.022 -0.044 0.161 0.115 -0.092 -0.221 0.068 0.389 -0.855 -0.111 -0.053

**** cluster 1 and 5
-0.474 -0.138 0.012 -0.194 -0.446 -0.141 0.019 -0.052 -0.559 -0.309 -0.297

**** cluster 2 and 3
-0.095 0.168 -0.246 -0.046 0.644 -0.567 0.053 -0.306 0.021 -0.256 0.03

**** cluster 2 and 4
0.084 -0.068 0.262 0.116 0.311 -0.054 0.04 0.016 -0.895 -0.03 0.056

**** cluster 2 and 5
-0.527 -0.271 -0.119 -0.044 0.37 0.275 -0.007 -0.276 -0.422 -0.391 -0.11

**** cluster 3 and 4
0.144 0.032 0.283 -0.012 0.025 0.181 0.006 0.27 -0.886 0.005 0.078

**** cluster 3 and 5
-0.276 -0.244 0.123 -0.138 -0.255 0.63 -0.002 -0.108 -0.574 -0.091 -0.14

**** cluster 4 and 5
-0.503 -0.024 -0.204 0.016 -0.136 0.072 -0.028 -0.451 0.62 0.011 -0.303
