
 Log information for the data set datasetJLG5v10nv0out0_2.dat >>

 alpha = 0.05 sepVal = 0.01

 Number of clusters >> 5

 cluster sizes >>
50 50 50 50 50

 Number of data points >> 250

 Number of dimensions >> 10

 Number of noisy dimensions >> 0

 noisy variables >>
0

 Number of outliers >> 0

 initial eigenvalues for each cluster >> 
 (rows correspond to clusters)
4.274 3.915 9.42 8.695 8.622 9.942 9.421 4.877 4.489 7.265
3.586 8.068 5.007 7.411 1.274 8.462 1.308 8.906 2.692 4.775
6.104 9.426 3.353 3.354 1.784 8.118 5.478 1.787 3.942 7.208
3.418 5.042 1.947 1.657 4.556 2.38 5.678 2.729 5.704 1.993
6.277 1.783 6.689 1.658 5.771 4.833 3.519 7.637 2.572 7.704

 Mean vectors and covariance matrices before rotation --- 1th cluster >>

 mean vector (mu'=Q*mu)>>
-5.668 0 0 0 0 0 0 0 0 0

 covariance matrix (Sigma'=Q*Sigma*t(Q))>>

7.474 0.486 -0.443 -0.509 -0.847 -0.81 -0.773 0.91 0.125 -0.157
0.486 3.988 -0.051 -0.054 -0.089 -0.095 -0.089 0.143 0.019 0.001
-0.443 -0.051 9.222 -0.289 -0.496 -0.319 -0.345 -0.203 -0.02 -0.359
-0.509 -0.054 -0.289 8.276 -0.718 -0.47 -0.504 -0.251 -0.024 -0.504
-0.847 -0.089 -0.496 -0.718 7.391 -0.808 -0.866 -0.423 -0.041 -0.861
-0.81 -0.095 -0.319 -0.47 -0.808 9.428 -0.557 -0.358 -0.037 -0.595
-0.773 -0.089 -0.345 -0.504 -0.866 -0.557 8.82 -0.354 -0.036 -0.627
0.91 0.143 -0.203 -0.251 -0.423 -0.358 -0.354 5.113 0.035 -0.157
0.125 0.019 -0.02 -0.024 -0.041 -0.037 -0.036 0.035 4.493 -0.011
-0.157 0.001 -0.359 -0.504 -0.861 -0.595 -0.627 -0.157 -0.011 6.712

 Mean vectors and covariance matrices before rotation --- 2th cluster >>

 mean vector (mu'=Q*mu)>>
5.668 0 0 0 0 0 0 0 0 0

 covariance matrix (Sigma'=Q*Sigma*t(Q))>>

5.769 -0.784 0.127 -0.242 0.409 -1.75 2.5 -0.971 0.009 0.118
-0.784 7.39 -0.234 -0.259 -0.003 -1.376 -0.026 -0.699 -0.001 -0.149
0.127 -0.234 4.977 -0.082 0.052 -0.496 0.317 -0.263 0.001 -0.014
-0.242 -0.259 -0.082 7.313 0.007 -0.529 0.038 -0.271 0 -0.052
0.409 -0.003 0.052 0.007 1.329 -0.028 0.338 -0.025 0.001 0.038
-1.75 -1.376 -0.496 -0.529 -0.028 5.677 -0.183 -1.412 -0.003 -0.318
2.5 -0.026 0.317 0.038 0.338 -0.183 3.379 -0.159 0.009 0.232
-0.971 -0.699 -0.263 -0.271 -0.025 -1.412 -0.159 8.193 -0.002 -0.169
0.009 -0.001 0.001 0 0.001 -0.003 0.009 -0.002 2.692 0.001
0.118 -0.149 -0.014 -0.052 0.038 -0.318 0.232 -0.169 0.001 4.769

 Mean vectors and covariance matrices before rotation --- 3th cluster >>

 mean vector (mu'=Q*mu)>>
0 9.817 0 0 0 0 0 0 0 0

 covariance matrix (Sigma'=Q*Sigma*t(Q))>>

5.961 -1.571 0.611 1.342 0.498 -0.561 0.234 0.326 0.212 -0.416
-1.571 8.274 -0.059 -0.131 0.039 -0.536 -0.482 0.025 -0.049 -0.577
0.611 -0.059 3.589 0.52 0.156 0.031 0.284 0.102 0.094 0.099
1.342 -0.131 0.52 4.496 0.343 0.068 0.623 0.224 0.207 0.217
0.498 0.039 0.156 0.343 1.882 0.056 0.215 0.064 0.064 0.102
-0.561 -0.536 0.031 0.068 0.056 7.883 -0.149 0.036 0.001 -0.237
0.234 -0.482 0.284 0.623 0.215 -0.149 5.674 0.14 0.104 -0.076
0.326 0.025 0.102 0.224 0.064 0.036 0.14 1.829 0.042 0.067
0.212 -0.049 0.094 0.207 0.064 0.001 0.104 0.042 3.979 0.027
-0.416 -0.577 0.099 0.217 0.102 -0.237 -0.076 0.067 0.027 6.988

 Mean vectors and covariance matrices before rotation --- 4th cluster >>

 mean vector (mu'=Q*mu)>>
0 3.272 9.255 0 0 0 0 0 0 0

 covariance matrix (Sigma'=Q*Sigma*t(Q))>>

8.717 -0.901 1.827 1.244 -0.99 0.972 -2.405 0.027 -0.296 0.065
-0.901 12.178 -0.016 0.024 -0.413 -0.074 -0.693 -0.005 -0.085 -0.001
1.827 -0.016 6.024 0.756 0.127 0.762 -0.266 0.026 -0.034 0.044
1.244 0.024 0.756 4.574 0.125 0.486 -0.091 0.017 -0.012 0.027
-0.99 -0.413 0.127 0.125 10.74 -0.007 -0.967 -0.003 -0.118 0.004
0.972 -0.074 0.762 0.486 -0.007 6.362 -0.315 0.016 -0.039 0.028
-2.405 -0.693 -0.266 -0.091 -0.967 -0.315 12.528 -0.016 -0.187 -0.01
0.027 -0.005 0.026 0.017 -0.003 0.016 -0.016 6.757 -0.002 0.001
-0.296 -0.085 -0.034 -0.012 -0.118 -0.039 -0.187 -0.002 14.099 -0.001
0.065 -0.001 0.044 0.027 0.004 0.028 -0.01 0.001 -0.001 4.936

 Mean vectors and covariance matrices before rotation --- 5th cluster >>

 mean vector (mu'=Q*mu)>>
0 3.272 2.314 8.961 0 0 0 0 0 0

 covariance matrix (Sigma'=Q*Sigma*t(Q))>>

7.836 0.526 -1.093 2.988 -1.731 -0.229 0.033 -1.257 1.792 -1.469
0.526 4.101 0.065 0.76 0.235 0.09 0.029 0.026 0.645 0.028
-1.093 0.065 14.67 0.373 -0.323 -0.052 0.001 -0.212 0.194 -0.247
2.988 0.76 0.373 7.844 1.324 0.498 0.161 0.162 3.543 0.173
-1.731 0.235 -0.323 1.324 12.37 -0.032 0.024 -0.395 0.883 -0.462
-0.229 0.09 -0.052 0.498 -0.032 10.755 0.013 -0.078 0.371 -0.092
0.033 0.029 0.001 0.161 0.024 0.013 7.823 -0.007 0.13 -0.009
-1.257 0.026 -0.212 0.162 -0.395 -0.078 -0.007 16.743 0.013 -0.258
1.792 0.645 0.194 3.543 0.883 0.371 0.13 0.013 8.662 0.002
-1.469 0.028 -0.247 0.173 -0.462 -0.092 -0.009 -0.258 0.002 16.815

 Final eigenvalues for each cluster >> 
 (rows correspond to clusters)
9.942 9.421 9.42 8.695 8.622 7.265 4.877 4.489 4.274 3.915
8.906 8.462 8.068 7.411 5.007 4.775 3.586 2.692 1.308 1.274
9.426 8.118 7.208 6.104 5.478 3.942 3.354 3.353 1.787 1.784
14.122 14.059 12.483 11.281 8.462 6.756 5.893 4.934 4.822 4.102
17.115 16.965 14.861 13.944 12.82 10.737 7.818 5.713 3.962 3.683

 *************************************************

 ********************* rotation ******************

 *************************************************


 The orthogonal matrix Q >>
0.193 0.374 0.38 0.459 0.39 0.077 0.42 0.342 0.12 0.037
0.374 -0.883 0.119 0.144 0.122 0.024 0.131 0.107 0.038 0.011
0.38 0.119 -0.879 0.146 0.124 0.025 0.134 0.109 0.038 0.012
0.459 0.144 0.146 -0.823 0.15 0.03 0.162 0.132 0.046 0.014
0.39 0.122 0.124 0.15 -0.872 0.025 0.137 0.112 0.039 0.012
0.077 0.024 0.025 0.03 0.025 -0.995 0.027 0.022 0.008 0.002
0.42 0.131 0.134 0.162 0.137 0.027 -0.852 0.12 0.042 0.013
0.342 0.107 0.109 0.132 0.112 0.022 0.12 -0.902 0.034 0.01
0.12 0.038 0.038 0.046 0.039 0.008 0.042 0.034 -0.988 0.004
0.037 0.011 0.012 0.014 0.012 0.002 0.013 0.01 0.004 -0.999

 Mean vectors and covariance matrices after rotation --- 1th cluster >>

 mean vector (mu'=Q*mu)>>
-2.118 -1.938 -0.208 -1.096 -2.156 -0.681 -2.604 -2.379 -0.436 -2.212

 covariance matrix (Sigma'=Q*Sigma*t(Q))>>

4.157 0.133 0.394 0.422 0.012 0.069 0.161 0.223 0.479 0.516
0.133 4.953 0.187 0.327 -0.312 0.028 -0.256 -0.254 0.134 -0.041
0.394 0.187 6.788 1.042 0.031 0.116 -0.019 -0.172 -0.461 -0.408
0.422 0.327 1.042 5.349 -0.854 0.092 -0.561 -0.455 0.9 0.457
0.012 -0.312 0.031 -0.854 9.176 -0.004 -0.203 -0.15 0.243 0.007
0.069 0.028 0.116 0.092 -0.004 4.508 0.04 0.06 0.147 0.15
0.161 -0.256 -0.019 -0.561 -0.203 0.04 8.551 -0.112 0.238 0.035
0.223 -0.254 -0.172 -0.455 -0.15 0.06 -0.112 9.307 0.113 -0.059
0.479 0.134 -0.461 0.9 0.243 0.147 0.238 0.113 9.658 -0.12
0.516 -0.041 -0.408 0.457 0.007 0.15 0.035 -0.059 -0.12 8.472

 Mean vectors and covariance matrices after rotation --- 2th cluster >>

 mean vector (mu'=Q*mu)>>
2.118 1.938 0.208 1.096 2.156 0.681 2.604 2.379 0.436 2.212

 covariance matrix (Sigma'=Q*Sigma*t(Q))>>

7.949 -0.131 -0.137 -0.024 0.126 0.199 0.026 -0.399 -0.184 0.627
-0.131 8.765 -0.153 -0.093 0.125 0.2 0.06 -0.436 -0.31 0.612
-0.137 -0.153 4.766 0.055 -0.023 0.007 -0.076 0.147 -0.21 0.055
-0.024 -0.093 0.055 4.927 0.234 0.32 -0.591 0.161 1.845 1.353
0.126 0.125 -0.023 0.234 5.131 0.138 -0.049 -0.297 0.674 0.476
0.199 0.2 0.007 0.32 0.138 2.763 0.117 -0.088 0.384 0.226
0.026 0.06 -0.076 -0.591 -0.049 0.117 7.169 -0.872 0.853 0.362
-0.399 -0.436 0.147 0.161 -0.297 -0.088 -0.872 1.838 0.95 0.002
-0.184 -0.31 -0.21 1.845 0.674 0.384 0.853 0.95 6.145 1.227
0.627 0.612 0.055 1.353 0.476 0.226 0.362 0.002 1.227 2.037

 Mean vectors and covariance matrices after rotation --- 3th cluster >>

 mean vector (mu'=Q*mu)>>
-8.668 1.051 0.113 3.669 1.169 0.369 1.413 1.291 0.237 1.2

 covariance matrix (Sigma'=Q*Sigma*t(Q))>>

9.185 0.719 -0.366 -0.199 0.354 0.042 -0.024 -0.087 -0.21 0.752
0.719 2.335 0.247 1.133 0.338 0.081 0.151 0.344 0.305 0.57
-0.366 0.247 7.02 0.109 0.264 0.075 0.378 0.1 -0.18 0.3
-0.199 1.133 0.109 5.431 0.368 0.011 -0.205 -0.232 0.161 1.17
0.354 0.338 0.264 0.368 3.488 0.023 -0.002 0.109 0.256 0.346
0.042 0.081 0.075 0.011 0.023 3.944 -0.006 0.005 0.064 0.083
-0.024 0.151 0.378 -0.205 -0.002 -0.006 3.383 -0.029 0.259 0.162
-0.087 0.344 0.1 -0.232 0.109 0.005 -0.029 5.411 0.087 0.36
-0.21 0.305 -0.18 0.161 0.256 0.064 0.259 0.087 7.978 0.347
0.752 0.57 0.3 1.17 0.346 0.083 0.162 0.36 0.347 2.378

 Mean vectors and covariance matrices after rotation --- 4th cluster >>

 mean vector (mu'=Q*mu)>>
-1.787 1.359 0.146 4.743 -7.744 0.478 1.826 1.668 0.306 1.552

 covariance matrix (Sigma'=Q*Sigma*t(Q))>>

12.198 0.14 0.004 -0.952 -0.543 -0.139 -0.025 -0.099 -0.503 -0.203
0.14 7.005 0.017 0.383 -0.328 -0.011 0.128 0.67 -0.35 0.321
0.004 0.017 4.936 0.068 -0.006 -0.006 0.026 0.051 -0.014 0.027
-0.952 0.383 0.068 8.179 0.023 -0.507 0.946 -0.638 -0.42 -0.439
-0.543 -0.328 -0.006 0.023 4.929 -0.265 0.032 -0.277 0.213 -0.232
-0.139 -0.011 -0.006 -0.507 -0.265 14.062 -0.102 -0.065 -0.19 -0.114
-0.025 0.128 0.026 0.946 0.032 -0.102 4.424 0.558 -0.056 0.307
-0.099 0.67 0.051 -0.638 -0.277 -0.065 0.558 13.838 -0.679 -0.133
-0.503 -0.35 -0.014 -0.42 0.213 -0.19 -0.056 -0.679 6.185 -0.415
-0.203 0.321 0.027 -0.439 -0.232 -0.114 0.307 -0.133 -0.415 11.157

 Mean vectors and covariance matrices after rotation --- 5th cluster >>

 mean vector (mu'=Q*mu)>>
-1.324 1.782 0.191 6.221 -0.331 0.626 -6.566 2.188 0.401 2.035

 covariance matrix (Sigma'=Q*Sigma*t(Q))>>

4.63 0.023 0.608 1.956 0.133 -0.649 -0.264 0.51 0.123 0.649
0.023 16.294 0.225 -1.506 -0.646 -1.328 -1.374 -0.115 -0.148 -0.526
0.608 0.225 16.924 0.359 0.298 0.046 0.723 0.632 0.02 0.13
1.956 -1.506 0.359 11.57 -1.14 -2.424 -0.6 1.276 -0.177 -0.682
0.133 -0.646 0.298 -1.14 14.261 -1.275 -1.247 -0.038 -0.115 -0.394
-0.649 -1.328 0.046 -2.424 -1.275 7.775 1.414 -1.36 0.08 -0.513
-0.264 -1.374 0.723 -0.6 -1.247 1.414 4.527 -1.128 0.194 0.084
0.51 -0.115 0.632 1.276 -0.038 -1.36 -1.128 8.236 0.027 0.37
0.123 -0.148 0.02 -0.177 -0.115 0.08 0.194 0.027 10.746 -0.026
0.649 -0.526 0.13 -0.682 -0.394 -0.513 0.084 0.37 -0.026 12.657

 Final eigenvalues for each cluster >> 
 (rows correspond to clusters)
9.942 9.421 9.42 8.695 8.622 7.265 4.877 4.489 4.274 3.915
8.906 8.462 8.068 7.411 5.007 4.775 3.586 2.692 1.308 1.274
9.426 8.118 7.208 6.104 5.478 3.942 3.354 3.353 1.787 1.784
14.122 14.059 12.483 11.281 8.462 6.756 5.893 4.934 4.822 4.102
17.115 16.965 14.861 13.944 12.82 10.737 7.818 5.713 3.962 3.683

 theoretical Separation index matrix >>

-1 0.079 0.098 0.01 0.01
0.079 -1 0.01 0.11 0.089
0.098 0.01 -1 0.111 0.124
0.01 0.11 0.111 -1 0.08
0.01 0.089 0.124 0.08 -1

 theoretical projection directions >>

**** cluster 1 and 2
0.3 0.285 0.016 0.234 0.344 0.135 0.399 0.591 -0.12 0.338

**** cluster 1 and 3
-0.562 0.366 -0.036 0.423 0.288 0.109 0.368 0.265 -0.015 0.264

**** cluster 1 and 4
0.016 0.317 -0.003 0.566 -0.49 0.094 0.442 0.252 0.08 0.254

**** cluster 1 and 5
-0.107 0.297 -0.017 0.659 0.183 0.382 -0.298 0.332 0.033 0.295

**** cluster 2 and 3
-0.846 -0.075 -0.036 0.374 -0.116 -0.036 -0.131 -0.276 -0.04 -0.165

**** cluster 2 and 4
-0.188 -0.046 -0.013 0.265 -0.938 -0.015 -0.072 -0.077 0.023 -0.037

**** cluster 2 and 5
-0.338 -0.037 0.038 0.291 -0.157 0.117 -0.845 -0.208 0.03 0.036

**** cluster 3 and 4
0.29 -0.02 0.032 0.125 -0.946 -0.001 0.037 0.021 0.051 0.012

**** cluster 3 and 5
0.428 -0.035 0.041 0.051 -0.134 0.136 -0.879 -0.026 0.031 0.022

**** cluster 4 and 5
0.019 0 0.023 0.134 0.367 0.096 -0.913 0.014 0.018 0.054

 empirical Separation index matrix (alpha= 0.05 )>>

-1 0.052 -0.01 0.04 0.131
0.052 -1 0.116 0.11 0.031
-0.01 0.116 -1 0.141 0.132
0.04 0.11 0.141 -1 0.165
0.131 0.031 0.132 0.165 -1

 empirical projection directions >>

**** cluster 1 and 2
-0.396 0.402 -0.132 0.312 0.341 0.314 0.361 0.235 0.026 0.407

**** cluster 1 and 3
-0.131 0.321 -0.065 0.249 -0.529 0.112 0.469 0.333 0.272 0.342

**** cluster 1 and 4
0.054 0.155 -0.019 0.606 0.089 0.468 -0.378 0.32 0.085 0.354

**** cluster 1 and 5
0.21 0.269 0.123 -0.001 0.321 0.302 0.374 0.31 -0.051 0.66

**** cluster 2 and 3
0.176 -0.067 0.039 -0.113 -0.953 0.064 0.119 0.027 0.033 0.147

**** cluster 2 and 4
0.362 -0.062 0.077 0.046 -0.103 -0.012 -0.899 0.149 -0.062 0.114

**** cluster 2 and 5
0.737 0.262 0.185 -0.396 0.123 0.108 0.263 0.293 0.095 -0.079

**** cluster 3 and 4
0.112 -0.085 -0.014 0.142 0.39 -0.027 -0.895 -0.036 0.067 0.006

**** cluster 3 and 5
0.29 0.081 0.063 -0.099 0.92 0.073 0.174 0.054 -0.078 -0.065

**** cluster 4 and 5
0.363 0.053 -0.001 -0.229 0.17 0.065 0.862 0.123 -0.137 -0.051
