
 Log information for the data set datasetJMG2v10nv10out0_3.dat >>

 alpha = 0.05 sepVal = 0.21

 Number of clusters >> 2

 cluster sizes >>
50 50

 Number of data points >> 100

 Number of dimensions >> 20

 Number of noisy dimensions >> 10

 noisy variables >>
2 4 5 8 11 12 15 18 19 20

 Number of outliers >> 0

 initial eigenvalues for each cluster >> 
 (rows correspond to clusters)
4.602 7.86 3.869 6.446 5.804 2.053 4.441 8.183 7.432 6.785
5.777 5.579 3.339 3.061 2.403 7.921 4.072 9.321 7.341 7.368

 Mean vectors and covariance matrices before rotation --- 1th cluster >>

 mean vector (mu'=Q*mu)>>
-7.267 0 0 0 0 0 0 0 0 0 0 0 0 0 0 0 0 0 0 0

 covariance matrix (Sigma'=Q*Sigma*t(Q))>>

6.661 -0.897 0.02 -0.009 0.204 0.817 0.612 -0.249 -0.043 -0.186 0 0 0 0 0 0 0 0 0 0
-0.897 6.262 -0.003 -0.504 -0.483 0.113 -0.218 -0.387 -0.098 -0.998 0 0 0 0 0 0 0 0 0 0
0.02 -0.003 3.869 0.001 0.003 0.007 0.006 -0.001 0 0.001 0 0 0 0 0 0 0 0 0 0
-0.009 -0.504 0.001 6.317 -0.102 0.116 0.01 -0.125 -0.03 -0.275 0 0 0 0 0 0 0 0 0 0
0.204 -0.483 0.003 -0.102 5.746 0.174 0.07 -0.123 -0.027 -0.233 0 0 0 0 0 0 0 0 0 0
0.817 0.113 0.007 0.116 0.174 2.267 0.231 0.018 0.011 0.181 0 0 0 0 0 0 0 0 0 0
0.612 -0.218 0.006 0.01 0.07 0.231 4.622 -0.062 -0.01 -0.029 0 0 0 0 0 0 0 0 0 0
-0.249 -0.387 -0.001 -0.125 -0.123 0.018 -0.062 8.09 -0.024 -0.247 0 0 0 0 0 0 0 0 0 0
-0.043 -0.098 0 -0.03 -0.027 0.011 -0.01 -0.024 7.426 -0.06 0 0 0 0 0 0 0 0 0 0
-0.186 -0.998 0.001 -0.275 -0.233 0.181 -0.029 -0.247 -0.06 6.216 0 0 0 0 0 0 0 0 0 0
0 0 0 0 0 0 0 0 0 0 46.3 -5.893 -0.022 -0.256 -4.956 -6.629 -1.734 1.704 -7.404 -0.205
0 0 0 0 0 0 0 0 0 0 -5.893 52.269 -0.023 -1.964 -4.424 -4.882 -3.364 -2.196 -5.531 -0.394
0 0 0 0 0 0 0 0 0 0 -0.022 -0.023 50.16 -0.01 -0.023 -0.026 -0.017 -0.01 -0.029 -0.002
0 0 0 0 0 0 0 0 0 0 -0.256 -1.964 -0.01 39.765 -1.916 -2.2 -1.308 -0.647 -2.484 -0.153
0 0 0 0 0 0 0 0 0 0 -4.956 -4.424 -0.023 -1.916 48.129 -4.948 -3.322 -2.081 -5.603 -0.389
0 0 0 0 0 0 0 0 0 0 -6.629 -4.882 -0.026 -2.2 -4.948 51.33 -3.765 -2.462 -6.185 -0.441
0 0 0 0 0 0 0 0 0 0 -1.734 -3.364 -0.017 -1.308 -3.322 -3.765 42.034 -1.292 -4.256 -0.276
0 0 0 0 0 0 0 0 0 0 1.704 -2.196 -0.01 -0.647 -2.081 -2.462 -1.292 33.271 -2.774 -0.152
0 0 0 0 0 0 0 0 0 0 -7.404 -5.531 -0.029 -2.484 -5.603 -6.185 -4.256 -2.774 49.418 -0.499
0 0 0 0 0 0 0 0 0 0 -0.205 -0.394 -0.002 -0.153 -0.389 -0.441 -0.276 -0.152 -0.499 44.394

 Mean vectors and covariance matrices before rotation --- 2th cluster >>

 mean vector (mu'=Q*mu)>>
7.267 0 0 0 0 0 0 0 0 0 0 0 0 0 0 0 0 0 0 0

 covariance matrix (Sigma'=Q*Sigma*t(Q))>>

5.582 0.03 0.383 0.888 0.626 -0.822 0.575 -0.944 -0.354 -0.092 0 0 0 0 0 0 0 0 0 0
0.03 5.616 0.127 0.292 0.203 -0.229 0.198 -0.273 -0.096 -0.025 0 0 0 0 0 0 0 0 0 0
0.383 0.127 3.427 0.193 0.123 0.007 0.164 -0.036 0.017 0.004 0 0 0 0 0 0 0 0 0 0
0.888 0.292 0.193 3.483 0.266 0.037 0.363 -0.057 0.049 0.012 0 0 0 0 0 0 0 0 0 0
0.626 0.203 0.123 0.266 2.568 0.052 0.235 -0.01 0.046 0.011 0 0 0 0 0 0 0 0 0 0
-0.822 -0.229 0.007 0.037 0.052 7.533 -0.051 -0.364 -0.195 -0.05 0 0 0 0 0 0 0 0 0 0
0.575 0.198 0.164 0.363 0.235 -0.051 4.367 -0.125 0.001 0 0 0 0 0 0 0 0 0 0 0
-0.944 -0.273 -0.036 -0.057 -0.01 -0.364 -0.125 9 -0.189 -0.049 0 0 0 0 0 0 0 0 0 0
-0.354 -0.096 0.017 0.049 0.046 -0.195 0.001 -0.189 7.245 -0.025 0 0 0 0 0 0 0 0 0 0
-0.092 -0.025 0.004 0.012 0.011 -0.05 0 -0.049 -0.025 7.362 0 0 0 0 0 0 0 0 0 0
0 0 0 0 0 0 0 0 0 0 46.3 -5.893 -0.022 -0.256 -4.956 -6.629 -1.734 1.704 -7.404 -0.205
0 0 0 0 0 0 0 0 0 0 -5.893 52.269 -0.023 -1.964 -4.424 -4.882 -3.364 -2.196 -5.531 -0.394
0 0 0 0 0 0 0 0 0 0 -0.022 -0.023 50.16 -0.01 -0.023 -0.026 -0.017 -0.01 -0.029 -0.002
0 0 0 0 0 0 0 0 0 0 -0.256 -1.964 -0.01 39.765 -1.916 -2.2 -1.308 -0.647 -2.484 -0.153
0 0 0 0 0 0 0 0 0 0 -4.956 -4.424 -0.023 -1.916 48.129 -4.948 -3.322 -2.081 -5.603 -0.389
0 0 0 0 0 0 0 0 0 0 -6.629 -4.882 -0.026 -2.2 -4.948 51.33 -3.765 -2.462 -6.185 -0.441
0 0 0 0 0 0 0 0 0 0 -1.734 -3.364 -0.017 -1.308 -3.322 -3.765 42.034 -1.292 -4.256 -0.276
0 0 0 0 0 0 0 0 0 0 1.704 -2.196 -0.01 -0.647 -2.081 -2.462 -1.292 33.271 -2.774 -0.152
0 0 0 0 0 0 0 0 0 0 -7.404 -5.531 -0.029 -2.484 -5.603 -6.185 -4.256 -2.774 49.418 -0.499
0 0 0 0 0 0 0 0 0 0 -0.205 -0.394 -0.002 -0.153 -0.389 -0.441 -0.276 -0.152 -0.499 44.394

 Final eigenvalues for each cluster >> 
 (rows correspond to clusters)
56.789 56.635 56.425 52.58 50.161 44.427 44.386 40.474 33.711 21.484 8.183 7.86 7.432 6.785 6.446 5.804 4.602 4.441 3.869 2.053
56.789 56.635 56.425 52.58 50.161 44.427 44.386 40.474 33.711 21.484 9.321 7.921 7.368 7.341 5.777 5.579 4.072 3.339 3.061 2.403

 *************************************************

 ********************* rotation ******************

 *************************************************


 The orthogonal matrix Q >>
0.198 0.1 0.198 0.437 0.077 0.405 0.588 0.245 0.315 0.213
0.1 -0.992 0.016 0.036 0.006 0.034 0.049 0.02 0.026 0.018
0.198 0.016 -0.967 0.072 0.013 0.067 0.097 0.04 0.052 0.035
0.437 0.036 0.072 -0.841 0.028 0.148 0.215 0.089 0.115 0.078
0.077 0.006 0.013 0.028 -0.995 0.026 0.038 0.016 0.02 0.014
0.405 0.034 0.067 0.148 0.026 -0.863 0.199 0.083 0.107 0.072
0.588 0.049 0.097 0.215 0.038 0.199 -0.711 0.12 0.155 0.105
0.245 0.02 0.04 0.089 0.016 0.083 0.12 -0.95 0.064 0.044
0.315 0.026 0.052 0.115 0.02 0.107 0.155 0.064 -0.917 0.056
0.213 0.018 0.035 0.078 0.014 0.072 0.105 0.044 0.056 -0.962

 Mean vectors and covariance matrices after rotation --- 1th cluster >>

 mean vector (mu'=Q*mu)>>
-1.44 0 -3.177 0 0 -4.273 -0.562 0 -0.726 -1.55 0 0 -2.944 -2.29 0 -1.779 -1.437 0 0 0

 covariance matrix (Sigma'=Q*Sigma*t(Q))>>

5.297 0 -0.058 0 0 0.597 0.043 0 0.825 0.239 0 0 1.067 -0.414 0 -0.284 0.399 0 0 0
0 51.33 0 -0.441 -6.185 0 0 -6.629 0 0 -4.948 -2.2 0 0 -2.462 0 0 -0.026 -4.882 -3.765
-0.058 0 6.462 0 0 0.224 -0.131 0 0.162 -0.04 0 0 0.359 -0.047 0 -0.047 0.214 0 0 0
0 -0.441 0 44.394 -0.499 0 0 -0.205 0 0 -0.389 -0.153 0 0 -0.152 0 0 -0.002 -0.394 -0.276
0 -6.185 0 -0.499 49.418 0 0 -7.404 0 0 -5.603 -2.484 0 0 -2.774 0 0 -0.029 -5.531 -4.256
0.597 0 0.224 0 0 4.935 0.034 0 0.682 0.296 0 0 0.575 -0.02 0 0.055 0.3 0 0 0
0.043 0 -0.131 0 0 0.034 5.731 0 -0.378 -0.218 0 0 0.166 -0.071 0 -0.14 0.016 0 0 0
0 -6.629 0 -0.205 -7.404 0 0 46.3 0 0 -4.956 -0.256 0 0 1.704 0 0 -0.022 -5.893 -1.734
0.825 0 0.162 0 0 0.682 -0.378 0 6.559 -0.636 0 0 0.755 0.353 0 -0.015 0.332 0 0 0
0.239 0 -0.04 0 0 0.296 -0.218 0 -0.636 6.411 0 0 0.451 0.05 0 -0.116 0.179 0 0 0
0 -4.948 0 -0.389 -5.603 0 0 -4.956 0 0 48.129 -1.916 0 0 -2.081 0 0 -0.023 -4.424 -3.322
0 -2.2 0 -0.153 -2.484 0 0 -0.256 0 0 -1.916 39.765 0 0 -0.647 0 0 -0.01 -1.964 -1.308
1.067 0 0.359 0 0 0.575 0.166 0 0.755 0.451 0 0 2.592 0.072 0 0.152 0.252 0 0 0
-0.414 0 -0.047 0 0 -0.02 -0.071 0 0.353 0.05 0 0 0.072 7.325 0 -0.036 0.098 0 0 0
0 -2.462 0 -0.152 -2.774 0 0 1.704 0 0 -2.081 -0.647 0 0 33.271 0 0 -0.01 -2.196 -1.292
-0.284 0 -0.047 0 0 0.055 -0.14 0 -0.015 -0.116 0 0 0.152 -0.036 0 8.133 0.117 0 0 0
0.399 0 0.214 0 0 0.3 0.016 0 0.332 0.179 0 0 0.252 0.098 0 0.117 4.031 0 0 0
0 -0.026 0 -0.002 -0.029 0 0 -0.022 0 0 -0.023 -0.01 0 0 -0.01 0 0 50.16 -0.023 -0.017
0 -4.882 0 -0.394 -5.531 0 0 -5.893 0 0 -4.424 -1.964 0 0 -2.196 0 0 -0.023 52.269 -3.364
0 -3.765 0 -0.276 -4.256 0 0 -1.734 0 0 -3.322 -1.308 0 0 -1.292 0 0 -0.017 -3.364 42.034

 Mean vectors and covariance matrices after rotation --- 2th cluster >>

 mean vector (mu'=Q*mu)>>
1.44 0 3.177 0 0 4.273 0.562 0 0.726 1.55 0 0 2.944 2.29 0 1.779 1.437 0 0 0

 covariance matrix (Sigma'=Q*Sigma*t(Q))>>

5.606 0 0.487 0 0 0.512 -0.213 0 -0.084 -0.293 0 0 -0.373 -0.295 0 -0.262 0.177 0 0 0
0 51.33 0 -0.441 -6.185 0 0 -6.629 0 0 -4.948 -2.2 0 0 -2.462 0 0 -0.026 -4.882 -3.765
0.487 0 3.187 0 0 0.139 -0.066 0 0.217 -0.134 0 0 0.062 -0.037 0 0.108 0.05 0 0 0
0 -0.441 0 44.394 -0.499 0 0 -0.205 0 0 -0.389 -0.153 0 0 -0.152 0 0 -0.002 -0.394 -0.276
0 -6.185 0 -0.499 49.418 0 0 -7.404 0 0 -5.603 -2.484 0 0 -2.774 0 0 -0.029 -5.531 -4.256
0.512 0 0.139 0 0 4.299 -0.182 0 0.136 -0.112 0 0 0.144 0.01 0 0.195 0.051 0 0 0
-0.213 0 -0.066 0 0 -0.182 2.46 0 0.125 -0.151 0 0 -0.204 -0.172 0 -0.138 -0.029 0 0 0
0 -6.629 0 -0.205 -7.404 0 0 46.3 0 0 -4.956 -0.256 0 0 1.704 0 0 -0.022 -5.893 -1.734
-0.084 0 0.217 0 0 0.136 0.125 0 5.597 -0.062 0 0 -0.231 -0.121 0 -0.24 0.091 0 0 0
-0.293 0 -0.134 0 0 -0.112 -0.151 0 -0.062 7.289 0 0 -0.04 -0.068 0 0.031 -0.066 0 0 0
0 -4.948 0 -0.389 -5.603 0 0 -4.956 0 0 48.129 -1.916 0 0 -2.081 0 0 -0.023 -4.424 -3.322
0 -2.2 0 -0.153 -2.484 0 0 -0.256 0 0 -1.916 39.765 0 0 -0.647 0 0 -0.01 -1.964 -1.308
-0.373 0 0.062 0 0 0.144 -0.204 0 -0.231 -0.04 0 0 7.833 -0.059 0 -0.043 0.01 0 0 0
-0.295 0 -0.037 0 0 0.01 -0.172 0 -0.121 -0.068 0 0 -0.059 7.275 0 0.001 -0.028 0 0 0
0 -2.462 0 -0.152 -2.774 0 0 1.704 0 0 -2.081 -0.647 0 0 33.271 0 0 -0.01 -2.196 -1.292
-0.262 0 0.108 0 0 0.195 -0.138 0 -0.24 0.031 0 0 -0.043 0.001 0 9.278 0.034 0 0 0
0.177 0 0.05 0 0 0.051 -0.029 0 0.091 -0.066 0 0 0.01 -0.028 0 0.034 3.359 0 0 0
0 -0.026 0 -0.002 -0.029 0 0 -0.022 0 0 -0.023 -0.01 0 0 -0.01 0 0 50.16 -0.023 -0.017
0 -4.882 0 -0.394 -5.531 0 0 -5.893 0 0 -4.424 -1.964 0 0 -2.196 0 0 -0.023 52.269 -3.364
0 -3.765 0 -0.276 -4.256 0 0 -1.734 0 0 -3.322 -1.308 0 0 -1.292 0 0 -0.017 -3.364 42.034

 Final eigenvalues for each cluster >> 
 (rows correspond to clusters)
56.789 56.635 56.425 52.58 50.161 44.427 44.386 40.474 33.711 21.484 8.183 7.86 7.432 6.785 6.446 5.804 4.602 4.441 3.869 2.053
56.789 56.635 56.425 52.58 50.161 44.427 44.386 40.474 33.711 21.484 9.321 7.921 7.368 7.341 5.777 5.579 4.072 3.339 3.061 2.403

 theoretical Separation index matrix >>

-1 0.21
0.21 -1

 theoretical projection directions >>

**** cluster 1 and 2
0.116 0 0.483 0 0 0.656 0.163 0 0.02 0.172 0 0 0.35 0.257 0 0.152 0.232 0 0 0

 empirical Separation index matrix (alpha= 0.05 )>>

-1 0.309
0.309 -1

 empirical projection directions >>

**** cluster 1 and 2
0.173 -0.029 0.486 0.003 -0.03 0.661 -0.066 -0.04 0.224 0.218 -0.006 -0.032 0.196 0.364 -0.058 0.111 -0.03 -0.049 -0.008 0.027
