
 Log information for the data set datasetJLG5v5nv3out0_2.dat >>

 alpha = 0.05 sepVal = 0.01

 Number of clusters >> 5

 cluster sizes >>
50 50 50 50 50

 Number of data points >> 250

 Number of dimensions >> 8

 Number of noisy dimensions >> 3

 noisy variables >>
4 6 8

 Number of outliers >> 0

 initial eigenvalues for each cluster >> 
 (rows correspond to clusters)
5.676 7.234 9.392 7.636 7.476
6.076 5.283 3.05 7.125 7.803
9.214 6.385 4.283 1.213 2.041
8.016 5.944 4.095 5.488 1.513
4.17 5.906 6.722 2.611 5.675

 Mean vectors and covariance matrices before rotation --- 1th cluster >>

 mean vector (mu'=Q*mu)>>
-5.344 0 0 0 0 2.474 1.398 2.201

 covariance matrix (Sigma'=Q*Sigma*t(Q))>>

7.163 -0.278 -0.854 -0.323 -0.443 0 0 0
-0.278 6.897 -0.435 -0.272 -0.419 0 0 0
-0.854 -0.435 8.973 -0.324 -0.513 0 0 0
-0.323 -0.272 -0.324 7.421 -0.333 0 0 0
-0.443 -0.419 -0.513 -0.333 6.96 0 0 0
0 0 0 0 0 17.907 -2.4 1.292
0 0 0 0 0 -2.4 8.401 -2.484
0 0 0 0 0 1.292 -2.484 12.624

 Mean vectors and covariance matrices before rotation --- 2th cluster >>

 mean vector (mu'=Q*mu)>>
5.344 0 0 0 0 2.474 1.398 2.201

 covariance matrix (Sigma'=Q*Sigma*t(Q))>>

7.377 0.866 0.006 -0.168 -1.026 0 0 0
0.866 6.746 0.004 0.012 -0.228 0 0 0
0.006 0.004 3.45 0.001 0.002 0 0 0
-0.168 0.012 0.001 7.986 -0.305 0 0 0
-1.026 -0.228 0.002 -0.305 7.618 0 0 0
0 0 0 0 0 17.907 -2.4 1.292
0 0 0 0 0 -2.4 8.401 -2.484
0 0 0 0 0 1.292 -2.484 12.624

 Mean vectors and covariance matrices before rotation --- 3th cluster >>

 mean vector (mu'=Q*mu)>>
0 9.257 0 0 0 2.474 1.398 2.201

 covariance matrix (Sigma'=Q*Sigma*t(Q))>>

6.336 0.478 1.571 1.212 0.868 0 0 0
0.478 7.694 1.389 0.79 0.596 0 0 0
1.571 1.389 6.037 0.813 0.626 0 0 0
1.212 0.79 0.813 1.647 0.302 0 0 0
0.868 0.596 0.626 0.302 2.359 0 0 0
0 0 0 0 0 17.907 -2.4 1.292
0 0 0 0 0 -2.4 8.401 -2.484
0 0 0 0 0 1.292 -2.484 12.624

 Mean vectors and covariance matrices before rotation --- 4th cluster >>

 mean vector (mu'=Q*mu)>>
0 3.086 8.727 0 0 2.474 1.398 2.201

 covariance matrix (Sigma'=Q*Sigma*t(Q))>>

5.505 0.08 1.544 0.249 1.562 0 0 0
0.08 5.981 0.27 0.072 0.207 0 0 0
1.544 0.27 5.731 0.497 1.118 0 0 0
0.249 0.072 0.497 5.627 0.367 0 0 0
1.562 0.207 1.118 0.367 2.212 0 0 0
0 0 0 0 0 17.907 -2.4 1.292
0 0 0 0 0 -2.4 8.401 -2.484
0 0 0 0 0 1.292 -2.484 12.624

 Mean vectors and covariance matrices before rotation --- 5th cluster >>

 mean vector (mu'=Q*mu)>>
0 3.086 2.182 8.45 0 2.474 1.398 2.201

 covariance matrix (Sigma'=Q*Sigma*t(Q))>>

9.101 -1.487 -1.004 1.573 -0.763 0 0 0
-1.487 10.5 -0.579 0.032 -0.606 0 0 0
-1.004 -0.579 12.865 -0.083 -0.334 0 0 0
1.573 0.032 -0.083 5.891 0.059 0 0 0
-0.763 -0.606 -0.334 0.059 10.773 0 0 0
0 0 0 0 0 17.907 -2.4 1.292
0 0 0 0 0 -2.4 8.401 -2.484
0 0 0 0 0 1.292 -2.484 12.624

 Final eigenvalues for each cluster >> 
 (rows correspond to clusters)
19.037 12.905 9.392 7.636 7.476 7.234 6.991 5.676
19.037 12.905 8.824 8.057 6.991 6.871 5.974 3.45
19.037 12.905 9.587 6.991 6.644 4.457 2.124 1.262
19.037 12.905 8.016 6.991 5.944 5.488 4.095 1.513
19.037 13.166 12.905 11.568 11.114 8.167 6.991 5.115

 *************************************************

 ********************* rotation ******************

 *************************************************


 The orthogonal matrix Q >>
0.763 0.398 0.086 0.044 0.501
0.398 -0.91 0.02 0.01 0.113
0.086 0.02 -0.996 0.002 0.025
0.044 0.01 0.002 -0.999 0.012
0.501 0.113 0.025 0.012 -0.858

 Mean vectors and covariance matrices after rotation --- 1th cluster >>

 mean vector (mu'=Q*mu)>>
-2.675 -4.076 -0.462 1.398 -2.126 2.201 -0.233 2.474

 covariance matrix (Sigma'=Q*Sigma*t(Q))>>

7.442 0.265 0.025 0 -0.043 0 -0.074 0
0.265 6.175 0.87 0 0.26 0 0.503 0
0.025 0.87 9.145 0 -0.009 0 -0.239 0
0 0 0 8.401 0 -2.484 0 -2.4
-0.043 0.26 -0.009 0 7.19 0 -0.067 0
0 0 0 -2.484 0 12.624 0 1.292
-0.074 0.503 -0.239 0 -0.067 0 7.463 0
0 0 0 -2.4 0 1.292 0 17.907

 Mean vectors and covariance matrices after rotation --- 2th cluster >>

 mean vector (mu'=Q*mu)>>
2.675 4.076 0.462 1.398 2.126 2.201 0.233 2.474

 covariance matrix (Sigma'=Q*Sigma*t(Q))>>

8.572 0.591 0.171 0 -0.204 0 -0.148 0
0.591 6.937 0.302 0 -0.435 0 0.234 0
0.171 0.302 3.48 0 0.012 0 0.028 0
0 0 0 8.401 0 -2.484 0 -2.4
-0.204 -0.435 0.012 0 6.181 0 0.074 0
0 0 0 -2.484 0 12.624 0 1.292
-0.148 0.234 0.028 0 0.074 0 8.006 0
0 0 0 -2.4 0 1.292 0 17.907

 Mean vectors and covariance matrices after rotation --- 3th cluster >>

 mean vector (mu'=Q*mu)>>
1.046 3.683 0.181 1.398 -8.426 2.201 0.091 2.474

 covariance matrix (Sigma'=Q*Sigma*t(Q))>>

2.65 1.505 -0.367 0 0.271 0 -0.378 0
1.505 7.217 -1.991 0 -0.975 0 -1.214 0
-0.367 -1.991 5.686 0 0.504 0 0.605 0
0 0 0 8.401 0 -2.484 0 -2.4
0.271 -0.975 0.504 0 6.994 0 0.202 0
0 0 0 -2.484 0 12.624 0 1.292
-0.378 -1.214 0.605 0 0.202 0 1.526 0
0 0 0 -2.4 0 1.292 0 17.907

 Mean vectors and covariance matrices after rotation --- 4th cluster >>

 mean vector (mu'=Q*mu)>>
0.563 1.982 -8.63 1.398 -2.638 2.201 0.049 2.474

 covariance matrix (Sigma'=Q*Sigma*t(Q))>>

1.704 0.799 0.12 0 -0.035 0 0.157 0
0.799 6.438 -1.794 0 0.046 0 -0.404 0
0.12 -1.794 5.402 0 -0.495 0 0.381 0
0 0 0 8.401 0 -2.484 0 -2.4
-0.035 0.046 -0.495 0 5.918 0 -0.081 0
0 0 0 -2.484 0 12.624 0 1.292
0.157 -0.404 0.381 0 -0.081 0 5.594 0
0 0 0 -2.4 0 1.292 0 17.907

 Mean vectors and covariance matrices after rotation --- 5th cluster >>

 mean vector (mu'=Q*mu)>>
0.507 1.784 -2.094 1.398 -2.683 2.201 -8.406 2.474

 covariance matrix (Sigma'=Q*Sigma*t(Q))>>

10.96 -0.598 0.185 0 0.054 0 -0.702 0
-0.598 7.943 0.736 0 0.444 0 -1.148 0
0.185 0.736 13.038 0 -0.079 0 -0.172 0
0 0 0 8.401 0 -2.484 0 -2.4
0.054 0.444 -0.079 0 11.43 0 -0.528 0
0 0 0 -2.484 0 12.624 0 1.292
-0.702 -1.148 -0.172 0 -0.528 0 5.757 0
0 0 0 -2.4 0 1.292 0 17.907

 Final eigenvalues for each cluster >> 
 (rows correspond to clusters)
19.037 12.905 9.392 7.636 7.476 7.234 6.991 5.676
19.037 12.905 8.824 8.057 6.991 6.871 5.974 3.45
19.037 12.905 9.587 6.991 6.644 4.457 2.124 1.262
19.037 12.905 8.016 6.991 5.944 5.488 4.095 1.513
19.037 13.166 12.905 11.568 11.114 8.167 6.991 5.115

 theoretical Separation index matrix >>

-1 0.01 0.01 0.01 0.01
0.01 -1 0.034 0.13 0.017
0.01 0.034 -1 0.092 0.16
0.01 0.13 0.092 -1 0.036
0.01 0.017 0.16 0.036 -1

 theoretical projection directions >>

**** cluster 1 and 2
0.407 0.801 0.016 0 0.439 0 0.007 0

**** cluster 1 and 3
0.387 0.705 0.135 0 -0.565 0 0.125 0

**** cluster 1 and 4
0.422 0.545 -0.719 0 -0.09 0 0.03 0

**** cluster 1 and 5
0.21 0.548 -0.156 0 -0.086 0 -0.79 0

**** cluster 2 and 3
-0.149 -0.11 -0.005 0 -0.983 0 -0.008 0

**** cluster 2 and 4
-0.12 -0.224 -0.895 0 -0.367 0 0.013 0

**** cluster 2 and 5
-0.18 -0.241 -0.183 0 -0.37 0 -0.86 0

**** cluster 3 and 4
-0.002 -0.323 -0.858 0 0.397 0 0.033 0

**** cluster 3 and 5
-0.092 -0.217 -0.081 0 0.19 0 -0.95 0

**** cluster 4 and 5
-0.051 -0.071 0.435 0 -0.016 0 -0.896 0

 empirical Separation index matrix (alpha= 0.05 )>>

-1 0.081 0.252 0.14 0.083
0.081 -1 0.084 0.204 0.082
0.252 0.084 -1 0.129 0.018
0.14 0.204 0.129 -1 0.053
0.083 0.082 0.018 0.053 -1

 empirical projection directions >>

**** cluster 1 and 2
0.187 0.159 0.072 -0.091 0.256 -0.046 0.926 -0.036

**** cluster 1 and 3
0.076 0.14 0 -0.018 -0.222 0.093 0.954 0.078

**** cluster 1 and 4
0.255 0.012 -0.503 -0.067 0.125 0.018 0.813 -0.03

**** cluster 1 and 5
-0.185 -0.421 0.102 0.062 -0.069 -0.058 0.875 0.031

**** cluster 2 and 3
-0.325 -0.139 -0.023 -0.035 -0.924 0.133 0.028 -0.013

**** cluster 2 and 4
-0.256 -0.144 -0.891 0.056 -0.333 -0.013 -0.071 -0.024

**** cluster 2 and 5
-0.625 -0.605 -0.107 -0.009 -0.457 0.089 0.007 -0.119

**** cluster 3 and 4
0.168 -0.275 -0.862 -0.05 0.297 -0.133 0.211 0.006

**** cluster 3 and 5
-0.599 -0.604 -0.058 0.046 0.489 -0.03 -0.132 -0.111

**** cluster 4 and 5
-0.529 -0.431 0.709 -0.097 0.136 0.012 -0.034 -0.048
