
 Log information for the data set datasetJMG2v5nv0out0_1.dat >>

 alpha = 0.05 sepVal = 0.21

 Number of clusters >> 2

 cluster sizes >>
50 50

 Number of data points >> 100

 Number of dimensions >> 5

 Number of noisy dimensions >> 0

 noisy variables >>
0

 Number of outliers >> 0

 initial eigenvalues for each cluster >> 
 (rows correspond to clusters)
9.07 3.085 7.64 4.422 7.122
6.647 4.722 1.81 6.052 3.621

 Mean vectors and covariance matrices before rotation --- 1th cluster >>

 mean vector (mu'=Q*mu)>>
-6.588 0 0 0 0

 covariance matrix (Sigma'=Q*Sigma*t(Q))>>

4.921 1.389 -0.721 0.975 -0.132
1.389 4.888 0.655 2.111 0.187
-0.721 0.655 7.59 0.614 0.003
0.975 2.111 0.614 6.813 0.185
-0.132 0.187 0.003 0.185 7.127

 Mean vectors and covariance matrices before rotation --- 2th cluster >>

 mean vector (mu'=Q*mu)>>
6.588 0 0 0 0

 covariance matrix (Sigma'=Q*Sigma*t(Q))>>

5.189 0.492 0.154 -0.164 1.08
0.492 5.22 0.078 0.235 0.705
0.154 0.078 1.82 0.052 0.095
-0.164 0.235 0.052 6.082 0.41
1.08 0.705 0.095 0.41 4.542

 Final eigenvalues for each cluster >> 
 (rows correspond to clusters)
9.07 7.64 7.122 4.422 3.085
6.647 6.052 4.722 3.621 1.81

 *************************************************

 ********************* rotation ******************

 *************************************************


 The orthogonal matrix Q >>
0.762 0.088 0.625 0.084 0.121
0.088 -0.996 0.031 0.004 0.006
0.625 0.031 -0.778 0.03 0.043
0.084 0.004 0.03 -0.996 0.006
0.121 0.006 0.043 0.006 -0.992

 Mean vectors and covariance matrices after rotation --- 1th cluster >>

 mean vector (mu'=Q*mu)>>
-4.118 -0.579 -5.017 -0.794 -0.553

 covariance matrix (Sigma'=Q*Sigma*t(Q))>>

7.273 -0.448 -1.015 -0.047 -0.28
-0.448 4.584 -1.634 -0.024 1.844
-1.015 -1.634 5.785 -0.158 -1.464
-0.047 -0.024 -0.158 7.119 0.014
-0.28 1.844 -1.464 0.014 6.579

 Mean vectors and covariance matrices after rotation --- 2th cluster >>

 mean vector (mu'=Q*mu)>>
4.118 0.579 5.017 0.794 0.553

 covariance matrix (Sigma'=Q*Sigma*t(Q))>>

3.06 -0.201 1.747 -0.492 0.172
-0.201 5.117 -0.561 0.535 0.191
1.747 -0.561 4.314 -0.942 -0.082
-0.492 0.535 -0.942 4.269 0.323
0.172 0.191 -0.082 0.323 6.092

 Final eigenvalues for each cluster >> 
 (rows correspond to clusters)
9.07 7.64 7.122 4.422 3.085
6.647 6.052 4.722 3.621 1.81

 theoretical Separation index matrix >>

-1 0.21
0.21 -1

 theoretical projection directions >>

**** cluster 1 and 2
0.542 0.265 0.768 0.181 0.116

 empirical Separation index matrix (alpha= 0.05 )>>

-1 0.241
0.241 -1

 empirical projection directions >>

**** cluster 1 and 2
0.527 0.255 0.804 -0.026 -0.102
