
 Log information for the data set datasetJHG2v5nv0out0_3.dat >>

 alpha = 0.05 sepVal = 0.34

 Number of clusters >> 2

 cluster sizes >>
50 50

 Number of data points >> 100

 Number of dimensions >> 5

 Number of noisy dimensions >> 0

 noisy variables >>
0

 Number of outliers >> 0

 initial eigenvalues for each cluster >> 
 (rows correspond to clusters)
8.344 8.137 5.539 6.937 5.331
1.325 6.038 3.226 1.541 9.042

 Mean vectors and covariance matrices before rotation --- 1th cluster >>

 mean vector (mu'=Q*mu)>>
-8.993 0 0 0 0

 covariance matrix (Sigma'=Q*Sigma*t(Q))>>

5.935 -0.222 0.482 -0.171 0.81
-0.222 8.117 0.061 -0.01 0.099
0.482 0.061 6.287 0.351 1.087
-0.171 -0.01 0.351 7.043 0.525
0.81 0.099 1.087 0.525 6.907

 Mean vectors and covariance matrices before rotation --- 2th cluster >>

 mean vector (mu'=Q*mu)>>
8.993 0 0 0 0

 covariance matrix (Sigma'=Q*Sigma*t(Q))>>

4.947 -0.652 0.745 1.719 -1.894
-0.652 4.109 -0.766 -0.392 -2.318
0.745 -0.766 3.184 0.328 -1.211
1.719 -0.392 0.328 2.353 -1.006
-1.894 -2.318 -1.211 -1.006 6.579

 Final eigenvalues for each cluster >> 
 (rows correspond to clusters)
8.344 8.137 6.937 5.539 5.331
9.042 6.038 3.226 1.541 1.325

 *************************************************

 ********************* rotation ******************

 *************************************************


 The orthogonal matrix Q >>
0.009 0.654 0.713 0.149 0.203
0.654 -0.575 0.463 0.097 0.132
0.713 0.463 -0.496 0.105 0.143
0.149 0.097 0.105 -0.978 0.03
0.203 0.132 0.143 0.03 -0.959

 Mean vectors and covariance matrices after rotation --- 1th cluster >>

 mean vector (mu'=Q*mu)>>
-1.823 -1.34 -5.886 -0.079 -6.411

 covariance matrix (Sigma'=Q*Sigma*t(Q))>>

6.226 0.241 -1.101 -0.715 -0.154
0.241 6.993 -0.193 -0.215 0.199
-1.101 -0.193 7.467 -0.176 -0.433
-0.715 -0.215 -0.176 7.62 0.862
-0.154 0.199 -0.433 0.862 5.982

 Mean vectors and covariance matrices after rotation --- 2th cluster >>

 mean vector (mu'=Q*mu)>>
1.823 1.34 5.886 0.079 6.411

 covariance matrix (Sigma'=Q*Sigma*t(Q))>>

8.108 -0.715 0.411 1.61 1.504
-0.715 1.955 -1.074 0.153 -0.604
0.411 -1.074 5.789 -0.329 0.232
1.61 0.153 -0.329 1.953 -0.184
1.504 -0.604 0.232 -0.184 3.366

 Final eigenvalues for each cluster >> 
 (rows correspond to clusters)
8.344 8.137 6.937 5.539 5.331
9.042 6.038 3.226 1.541 1.325

 theoretical Separation index matrix >>

-1 0.34
0.34 -1

 theoretical projection directions >>

**** cluster 1 and 2
0.085 0.316 0.532 -0.018 0.781

 empirical Separation index matrix (alpha= 0.05 )>>

-1 0.35
0.35 -1

 empirical projection directions >>

**** cluster 1 and 2
-0.241 -0.187 -0.646 -0.159 -0.682
