
 Log information for the data set datasetJHG5v10nv0out0_2.dat >>

 alpha = 0.05 sepVal = 0.34

 Number of clusters >> 5

 cluster sizes >>
50 50 50 50 50

 Number of data points >> 250

 Number of dimensions >> 10

 Number of noisy dimensions >> 0

 noisy variables >>
0

 Number of outliers >> 0

 initial eigenvalues for each cluster >> 
 (rows correspond to clusters)
3.218 9.569 9.411 5.183 2.585 5.213 6.425 8.88 5.631 2.425
5.047 9.556 4.099 5.051 3.318 2.043 1.161 6.62 2.017 8.479
1.722 6.028 7.815 9.23 6.139 4.91 3.901 8.819 8.905 7.534
2.787 3.479 8.756 9.791 9.446 3.345 2.831 9.677 1.368 4.488
9.189 9.972 7.817 3.333 2.902 1.41 5.106 4.362 6.991 8.701

 Mean vectors and covariance matrices before rotation --- 1th cluster >>

 mean vector (mu'=Q*mu)>>
-10.479 0 0 0 0 0 0 0 0 0

 covariance matrix (Sigma'=Q*Sigma*t(Q))>>

8.139 -0.87 -0.604 0.307 0.135 0.849 0.307 -1.1 0.73 0.507
-0.87 10.093 -0.654 -0.22 -0.017 -0.622 -0.853 -1.441 -0.759 -0.056
-0.604 -0.654 10.336 -0.157 -0.012 -0.445 -0.614 -1.046 -0.544 -0.038
0.307 -0.22 -0.157 5.952 0.011 -0.009 -0.097 -0.324 -0.042 0.041
0.135 -0.017 -0.012 0.011 2.974 0.03 0.016 -0.019 0.028 0.015
0.849 -0.622 -0.445 -0.009 0.03 5.956 -0.279 -0.916 -0.123 0.115
0.307 -0.853 -0.614 -0.097 0.016 -0.279 6.815 -1.303 -0.406 0.067
-1.1 -1.441 -1.046 -0.324 -0.019 -0.916 -1.303 7.911 -1.134 -0.059
0.73 -0.759 -0.544 -0.042 0.028 -0.123 -0.406 -1.134 6.235 0.108
0.507 -0.056 -0.038 0.041 0.015 0.115 0.067 -0.059 0.108 2.842

 Mean vectors and covariance matrices before rotation --- 2th cluster >>

 mean vector (mu'=Q*mu)>>
10.479 0 0 0 0 0 0 0 0 0

 covariance matrix (Sigma'=Q*Sigma*t(Q))>>

3.74 -0.771 -0.069 -0.578 0.277 0.626 1.062 -0.733 0.31 -0.599
-0.771 9.387 -0.173 -0.34 -0.244 -0.113 -0.086 -0.236 -0.054 -0.145
-0.069 -0.173 4.157 -0.031 0.203 0.256 0.386 -0.129 0.126 -0.128
-0.578 -0.34 -0.031 4.795 0.121 0.275 0.467 -0.323 0.136 -0.264
0.277 -0.244 0.203 0.121 3.84 0.554 0.791 -0.124 0.273 -0.17
0.626 -0.113 0.256 0.275 0.554 2.556 0.693 0.021 0.252 -0.065
1.062 -0.086 0.386 0.467 0.791 0.693 2.076 0.107 0.34 -0.033
-0.733 -0.236 -0.129 -0.323 -0.124 0.021 0.107 6.344 0.011 -0.193
0.31 -0.054 0.126 0.136 0.273 0.252 0.34 0.011 2.141 -0.031
-0.599 -0.145 -0.128 -0.264 -0.17 -0.065 -0.033 -0.193 -0.031 8.356

 Mean vectors and covariance matrices before rotation --- 3th cluster >>

 mean vector (mu'=Q*mu)>>
0 18.15 0 0 0 0 0 0 0 0

 covariance matrix (Sigma'=Q*Sigma*t(Q))>>

6.441 -0.012 -0.989 -1.164 -0.03 0.452 0.911 -1.098 -0.1 -0.123
-0.012 6.011 -0.18 -0.151 -0.027 -0.092 -0.063 -0.154 -0.014 -0.025
-0.989 -0.18 6.031 -1.435 -0.288 -1.091 -0.853 -1.474 -0.132 -0.25
-1.164 -0.151 -1.435 8.101 -0.241 -0.952 -0.783 -1.166 -0.104 -0.202
-0.03 -0.027 -0.288 -0.241 6.096 -0.15 -0.104 -0.245 -0.022 -0.04
0.452 -0.092 -1.091 -0.952 -0.15 4.455 -0.244 -0.957 -0.086 -0.15
0.911 -0.063 -0.853 -0.783 -0.104 -0.244 3.857 -0.779 -0.07 -0.115
-1.098 -0.154 -1.474 -1.166 -0.245 -0.957 -0.779 7.616 -0.107 -0.207
-0.1 -0.014 -0.132 -0.104 -0.022 -0.086 -0.07 -0.107 8.896 -0.019
-0.123 -0.025 -0.25 -0.202 -0.04 -0.15 -0.115 -0.207 -0.019 7.499

 Mean vectors and covariance matrices before rotation --- 4th cluster >>

 mean vector (mu'=Q*mu)>>
0 6.05 17.112 0 0 0 0 0 0 0

 covariance matrix (Sigma'=Q*Sigma*t(Q))>>

6.18 0.551 -1.029 -1.686 -1.086 0.479 0.477 -2.017 0.204 0.182
0.551 3.564 -0.284 -0.45 -0.293 0.067 0.077 -0.54 0.039 -0.006
-1.029 -0.284 8.269 -0.733 -0.493 -0.221 -0.15 -0.889 -0.024 -0.308
-1.686 -0.45 -0.733 8.797 -0.693 -0.352 -0.245 -1.248 -0.044 -0.469
-1.086 -0.293 -0.493 -0.693 9.012 -0.229 -0.158 -0.841 -0.027 -0.309
0.479 0.067 -0.221 -0.352 -0.229 3.417 0.067 -0.422 0.032 0.003
0.477 0.077 -0.15 -0.245 -0.158 0.067 2.908 -0.293 0.029 0.024
-2.017 -0.54 -0.889 -1.248 -0.841 -0.422 -0.293 8.196 -0.052 -0.565
0.204 0.039 -0.024 -0.044 -0.027 0.032 0.029 -0.052 1.384 0.023
0.182 -0.006 -0.308 -0.469 -0.309 0.003 0.024 -0.565 0.023 4.436

 Mean vectors and covariance matrices before rotation --- 5th cluster >>

 mean vector (mu'=Q*mu)>>
0 6.05 4.278 16.568 0 0 0 0 0 0

 covariance matrix (Sigma'=Q*Sigma*t(Q))>>

6.035 -0.255 -0.138 1.137 2.179 0.273 0.464 0.853 0 -0.745
-0.255 9.953 -0.017 0.053 0.105 0.014 0.016 0.036 0 -0.065
-0.138 -0.017 7.831 0.19 0.354 0.041 0.097 0.157 0 -0.015
1.137 0.053 0.19 3.939 1.088 0.115 0.385 0.561 0 0.394
2.179 0.105 0.354 1.088 4.85 0.205 0.699 1.012 0 0.746
0.273 0.014 0.041 0.115 0.205 1.431 0.076 0.109 0 0.091
0.464 0.016 0.097 0.385 0.699 0.076 5.339 0.347 0 0.178
0.853 0.036 0.157 0.561 1.012 0.109 0.347 4.874 0 0.309
0 0 0 0 0 0 0 0 6.991 0
-0.745 -0.065 -0.015 0.394 0.746 0.091 0.178 0.309 0 8.54

 Final eigenvalues for each cluster >> 
 (rows correspond to clusters)
10.993 10.812 10.202 7.381 6.469 5.988 5.955 3.697 2.97 2.786
9.556 8.479 6.62 5.051 5.047 4.099 3.318 2.043 2.017 1.161
9.23 8.905 8.819 7.815 7.534 6.139 6.028 4.91 3.901 1.722
9.825 9.71 9.479 8.787 4.503 3.491 3.356 2.841 2.797 1.373
9.972 9.189 8.701 7.817 6.991 5.106 4.362 3.333 2.902 1.41

 *************************************************

 ********************* rotation ******************

 *************************************************


 The orthogonal matrix Q >>
0.291 0.461 0.297 0.38 0.134 0.33 0.035 0.416 0.03 0.41
0.461 -0.835 0.106 0.136 0.048 0.118 0.012 0.148 0.011 0.147
0.297 0.106 -0.932 0.088 0.031 0.076 0.008 0.096 0.007 0.094
0.38 0.136 0.088 -0.888 0.039 0.097 0.01 0.123 0.009 0.121
0.134 0.048 0.031 0.039 -0.986 0.034 0.004 0.043 0.003 0.043
0.33 0.118 0.076 0.097 0.034 -0.916 0.009 0.106 0.008 0.105
0.035 0.012 0.008 0.01 0.004 0.009 -0.999 0.011 0.001 0.011
0.416 0.148 0.096 0.123 0.043 0.106 0.011 -0.866 0.01 0.132
0.03 0.011 0.007 0.009 0.003 0.008 0.001 0.01 -0.999 0.01
0.41 0.147 0.094 0.121 0.043 0.105 0.011 0.132 0.01 -0.87

 Mean vectors and covariance matrices after rotation --- 1th cluster >>

 mean vector (mu'=Q*mu)>>
-1.402 -3.112 -3.987 -3.453 -4.357 -3.049 -0.314 -4.3 -0.362 -4.83

 covariance matrix (Sigma'=Q*Sigma*t(Q))>>

3.039 0.132 0.118 0.1 0.332 0.29 0.043 0.209 0.11 0.168
0.132 10.65 0.076 -0.294 -0.274 -0.276 -0.51 0.388 -0.406 -0.25
0.118 0.076 6.035 -0.003 0.43 -0.006 -0.016 0.354 0.15 0.035
0.1 -0.294 -0.003 5.904 -0.336 0.354 -0.106 0.315 -0.071 -0.481
0.332 -0.274 0.43 -0.336 9.458 0.805 -1.054 0.997 -0.973 -0.359
0.29 -0.276 -0.006 0.354 0.805 5.059 0.77 0.926 1.093 -0.724
0.043 -0.51 -0.016 -0.106 -1.054 0.77 6.238 0.153 -0.385 -0.716
0.209 0.388 0.354 0.315 0.997 0.926 0.153 3.42 0.354 0.489
0.11 -0.406 0.15 -0.071 -0.973 1.093 -0.385 0.354 6.859 -0.539
0.168 -0.25 0.035 -0.481 -0.359 -0.724 -0.716 0.489 -0.539 10.59

 Mean vectors and covariance matrices after rotation --- 2th cluster >>

 mean vector (mu'=Q*mu)>>
1.402 3.112 3.987 3.453 4.357 3.049 0.314 4.3 0.362 4.83

 covariance matrix (Sigma'=Q*Sigma*t(Q))>>

3.742 0.095 0.043 0.364 -0.257 -0.119 0.205 -0.406 0.576 -0.541
0.095 4.161 0.109 0.106 -0.084 0.113 0.002 -0.315 -0.061 -0.454
0.043 0.109 5.146 0.232 -0.078 0.237 -0.01 -0.318 -0.09 -0.491
0.364 0.106 0.232 2.217 -0.146 0.155 0.098 -0.485 0.179 -0.664
-0.257 -0.084 -0.078 -0.146 6.462 -0.308 -0.159 -0.4 -0.515 -0.568
-0.119 0.113 0.237 0.155 -0.308 5.237 -0.215 -1.185 -0.862 -1.737
0.205 0.002 -0.01 0.098 -0.159 -0.215 2.116 -0.223 0.281 -0.277
-0.406 -0.315 -0.318 -0.485 -0.4 -1.185 -0.223 7.833 -0.673 -0.831
0.576 -0.061 -0.09 0.179 -0.515 -0.862 0.281 -0.673 1.972 -0.814
-0.541 -0.454 -0.491 -0.664 -0.568 -1.737 -0.277 -0.831 -0.814 8.506

 Mean vectors and covariance matrices after rotation --- 3th cluster >>

 mean vector (mu'=Q*mu)>>
0.867 1.925 2.466 2.136 2.695 8.366 0.194 2.659 0.224 -15.162

 covariance matrix (Sigma'=Q*Sigma*t(Q))>>

6.136 0.027 -0.019 -0.032 -0.022 0.021 0 -0.056 -0.109 -0.003
0.027 7.233 -0.3 -0.271 -0.274 1.308 -0.032 0.409 -0.807 0.652
-0.019 -0.3 9.039 -0.349 -0.195 0.023 -0.017 0.084 -0.771 0.288
-0.032 -0.271 -0.349 4.795 -0.345 0.769 -0.027 -0.128 -0.253 0.034
-0.022 -0.274 -0.195 -0.345 8.619 0.018 -0.017 0.048 -0.771 0.261
0.021 1.308 0.023 0.769 0.018 3.703 0.038 -1.302 0.77 -0.938
0 -0.032 -0.017 -0.027 -0.017 0.038 8.903 0.018 -0.068 0.037
-0.056 0.409 0.084 -0.128 0.048 -1.302 0.018 7.026 -0.169 -0.43
-0.109 -0.807 -0.771 -0.253 -0.771 0.77 -0.068 -0.169 3.851 -0.112
-0.003 0.652 0.288 0.034 0.261 -0.938 0.037 -0.43 -0.112 5.698

 Mean vectors and covariance matrices after rotation --- 4th cluster >>

 mean vector (mu'=Q*mu)>>
0.816 -15.301 2.32 2.009 2.535 7.871 0.183 2.502 0.21 -3.239

 covariance matrix (Sigma'=Q*Sigma*t(Q))>>

9.388 0.034 0.012 0.223 -0.022 0.562 -0.004 0.275 -0.148 0.346
0.034 8.758 -0.041 0.025 -0.023 -0.333 -0.04 0.046 -0.207 0.075
0.012 -0.041 9.767 0.036 -0.047 -0.512 -0.059 0.074 -0.31 0.112
0.223 0.025 0.036 3.362 0.124 -0.038 -0.016 -0.015 -0.031 0.006
-0.022 -0.023 -0.047 0.124 9.661 -0.257 -0.057 0.18 -0.352 0.244
0.562 -0.333 -0.512 -0.038 -0.257 2.982 -0.013 -0.259 0.063 -0.108
-0.004 -0.04 -0.059 -0.016 -0.057 -0.013 1.375 -0.033 0.016 -0.028
0.275 0.046 0.074 -0.015 0.18 -0.259 -0.033 4.479 -0.092 -0.01
-0.148 -0.207 -0.31 -0.031 -0.352 0.063 0.016 -0.092 2.888 -0.058
0.346 0.075 0.112 0.006 0.244 -0.108 -0.028 -0.01 -0.058 3.501

 Mean vectors and covariance matrices after rotation --- 5th cluster >>

 mean vector (mu'=Q*mu)>>
1.074 -1.894 -13.514 2.646 3.338 10.363 0.24 3.294 0.277 -2.349

 covariance matrix (Sigma'=Q*Sigma*t(Q))>>

4.047 -0.555 -0.144 -0.638 -0.306 -1.601 -0.089 -0.478 0.486 -1.374
-0.555 7.752 -0.06 0.32 -0.056 -0.104 -0.002 -0.054 -0.15 -0.29
-0.144 -0.06 3.428 0.307 0.08 0.534 -0.017 0.138 0.052 -0.528
-0.638 0.32 0.307 2.147 0.386 1.903 0.035 0.554 -0.155 0.279
-0.306 -0.056 0.08 0.386 4.433 0.456 -0.013 0.113 -0.01 -0.506
-1.601 -0.104 0.534 1.903 0.456 7.824 0.029 -0.393 -0.563 -0.858
-0.089 -0.002 -0.017 0.035 -0.013 0.029 6.991 0.004 -0.024 -0.018
-0.478 -0.054 0.138 0.554 0.113 -0.393 0.004 8.584 -0.154 -0.334
0.486 -0.15 0.052 -0.155 -0.01 -0.563 -0.024 -0.154 5.282 -0.383
-1.374 -0.29 -0.528 0.279 -0.506 -0.858 -0.018 -0.334 -0.383 9.294

 Final eigenvalues for each cluster >> 
 (rows correspond to clusters)
10.993 10.812 10.202 7.381 6.469 5.988 5.955 3.697 2.97 2.786
9.556 8.479 6.62 5.051 5.047 4.099 3.318 2.043 2.017 1.161
9.23 8.905 8.819 7.815 7.534 6.139 6.028 4.91 3.901 1.722
9.825 9.71 9.479 8.787 4.503 3.491 3.356 2.841 2.797 1.373
9.972 9.189 8.701 7.817 6.991 5.106 4.362 3.333 2.902 1.41

 theoretical Separation index matrix >>

-1 0.401 0.34 0.355 0.38
0.401 -1 0.34 0.369 0.43
0.34 0.34 -1 0.378 0.363
0.355 0.369 0.378 -1 0.34
0.38 0.43 0.363 0.34 -1

 theoretical projection directions >>

**** cluster 1 and 2
0.151 0.251 0.317 0.482 0.311 0.359 0.125 0.385 0.195 0.392

**** cluster 1 and 3
0.116 0.136 0.263 0.259 0.196 0.721 -0.014 0.4 -0.043 -0.335

**** cluster 1 and 4
0.016 -0.335 0.229 0.303 0.152 0.743 -0.024 0.395 -0.045 0.097

**** cluster 1 and 5
0.345 0.059 -0.597 0.265 0.26 0.53 0.019 0.288 0.036 0.131

**** cluster 2 and 3
-0.071 -0.081 -0.1 -0.229 -0.118 0.094 -0.022 -0.157 -0.225 -0.91

**** cluster 2 and 4
-0.019 -0.851 -0.074 -0.188 -0.09 0.156 -0.052 -0.134 -0.148 -0.399

**** cluster 2 and 5
-0.049 -0.183 -0.919 -0.085 -0.068 0.253 -0.008 -0.031 0.001 -0.207

**** cluster 3 and 4
-0.025 -0.616 -0.035 -0.056 -0.042 0.215 -0.007 0.075 -0.117 0.74

**** cluster 3 and 5
0.111 -0.196 -0.757 -0.094 0.017 0.285 -0.002 0.099 -0.052 0.522

**** cluster 4 and 5
0.056 0.522 -0.827 0.016 0.042 0.179 0.001 0.061 0.023 0.043

 empirical Separation index matrix (alpha= 0.05 )>>

-1 0.401 0.339 0.404 0.357
0.401 -1 0.328 0.361 0.381
0.339 0.328 -1 0.381 0.414
0.404 0.361 0.381 -1 0.485
0.357 0.381 0.414 0.485 -1

 empirical projection directions >>

**** cluster 1 and 2
0.04 -0.618 -0.011 -0.114 -0.069 0.143 -0.156 0.022 0.002 0.744

**** cluster 1 and 3
-0.147 -0.225 -0.279 -0.308 -0.075 -0.687 -0.001 -0.373 0.078 0.364

**** cluster 1 and 4
0.156 -0.402 -0.684 0.031 0.107 0.318 -0.018 0.221 -0.045 0.427

**** cluster 1 and 5
0.19 0.189 0.097 0.008 0.228 -0.038 0.129 0.159 0.418 0.805

**** cluster 2 and 3
0.104 0.185 -0.249 -0.4 -0.172 -0.709 -0.121 -0.398 0.05 -0.158

**** cluster 2 and 4
0.066 0.621 -0.661 0.146 0.198 0.203 0.235 0.114 0.052 0.017

**** cluster 2 and 5
0.054 0.847 0.132 0.063 0.241 -0.189 0.08 0.075 -0.137 0.366

**** cluster 3 and 4
0.253 -0.082 -0.565 0.438 0.245 0.483 0.178 0.273 0.01 0.139

**** cluster 3 and 5
0.113 0.247 0.381 0.505 0.398 0.272 0.192 0.318 0.119 0.376

**** cluster 4 and 5
0.146 0.466 0.753 -0.066 0.078 -0.345 0.002 -0.136 -0.188 0.107
