
 Log information for the data set datasetJLG2v10nv3out0_3.dat >>

 alpha = 0.05 sepVal = 0.01

 Number of clusters >> 2

 cluster sizes >>
50 50

 Number of data points >> 100

 Number of dimensions >> 13

 Number of noisy dimensions >> 3

 noisy variables >>
1 5 13

 Number of outliers >> 0

 initial eigenvalues for each cluster >> 
 (rows correspond to clusters)
8.822 4.137 7.728 5.714 6.092 5.291 1.132 8.649 5.518 9.259
1.996 9.97 4.469 3.303 4.337 6.623 5.439 3.045 1.661 5.325

 Mean vectors and covariance matrices before rotation --- 1th cluster >>

 mean vector (mu'=Q*mu)>>
-4.914 0 0 0 0 0 0 0 0 0 0 0 0

 covariance matrix (Sigma'=Q*Sigma*t(Q))>>

7.738 0.668 0.099 0.032 0.247 0.585 1.949 -0.373 0.066 -0.672 0 0 0
0.668 4.337 0.262 0.013 0.116 0.217 0.444 0.303 0.026 0.242 0 0 0
0.099 0.262 7.889 0.015 0.119 0.251 0.69 0.072 0.029 -0.03 0 0 0
0.032 0.013 0.015 5.715 0.007 0.014 0.032 0.015 0.002 0.011 0 0 0
0.247 0.116 0.119 0.007 6.153 0.12 0.277 0.117 0.014 0.077 0 0 0
0.585 0.217 0.251 0.014 0.12 5.52 0.5 0.27 0.027 0.2 0 0 0
1.949 0.444 0.69 0.032 0.277 0.5 2.048 0.866 0.061 0.745 0 0 0
-0.373 0.303 0.072 0.015 0.117 0.27 0.866 8.529 0.031 -0.252 0 0 0
0.066 0.026 0.029 0.002 0.014 0.027 0.061 0.031 5.521 0.022 0 0 0
-0.672 0.242 -0.03 0.011 0.077 0.2 0.745 -0.252 0.022 8.891 0 0 0
0 0 0 0 0 0 0 0 0 0 21.622 -0.55 1.118
0 0 0 0 0 0 0 0 0 0 -0.55 24.23 -0.004
0 0 0 0 0 0 0 0 0 0 1.118 -0.004 20.49

 Mean vectors and covariance matrices before rotation --- 2th cluster >>

 mean vector (mu'=Q*mu)>>
4.914 0 0 0 0 0 0 0 0 0 0 0 0

 covariance matrix (Sigma'=Q*Sigma*t(Q))>>

5.022 -1.329 0.165 0.412 0.235 -0.537 -0.176 0.696 0.445 -0.179 0 0 0
-1.329 9.091 -0.683 -0.411 -0.745 -0.786 -0.753 -0.575 -0.164 -0.979 0 0 0
0.165 -0.683 4.222 -0.074 -0.255 -0.456 -0.356 -0.074 0.037 -0.451 0 0 0
0.412 -0.411 -0.074 3.323 -0.069 -0.233 -0.154 0.052 0.066 -0.19 0 0 0
0.235 -0.745 -0.255 -0.069 4.074 -0.49 -0.378 -0.064 0.048 -0.478 0 0 0
-0.537 -0.786 -0.456 -0.233 -0.49 6.005 -0.549 -0.311 -0.057 -0.706 0 0 0
-0.176 -0.753 -0.356 -0.154 -0.378 -0.549 4.978 -0.193 -0.008 -0.59 0 0 0
0.696 -0.575 -0.074 0.052 -0.064 -0.311 -0.193 3.156 0.108 -0.236 0 0 0
0.445 -0.164 0.037 0.066 0.048 -0.057 -0.008 0.108 1.725 -0.003 0 0 0
-0.179 -0.979 -0.451 -0.19 -0.478 -0.706 -0.59 -0.236 -0.003 4.572 0 0 0
0 0 0 0 0 0 0 0 0 0 21.622 -0.55 1.118
0 0 0 0 0 0 0 0 0 0 -0.55 24.23 -0.004
0 0 0 0 0 0 0 0 0 0 1.118 -0.004 20.49

 Final eigenvalues for each cluster >> 
 (rows correspond to clusters)
24.356 22.202 19.784 9.259 8.822 8.649 7.728 6.092 5.714 5.518 5.291 4.137 1.132
24.356 22.202 19.784 9.97 6.623 5.439 5.325 4.469 4.337 3.303 3.045 1.996 1.661

 *************************************************

 ********************* rotation ******************

 *************************************************


 The orthogonal matrix Q >>
0.335 0.297 0.198 0.482 0.442 0.254 0.388 0.316 0.075 0.109
0.297 -0.934 0.044 0.107 0.098 0.057 0.086 0.07 0.017 0.024
0.198 0.044 -0.971 0.071 0.066 0.038 0.058 0.047 0.011 0.016
0.482 0.107 0.071 -0.826 0.16 0.092 0.14 0.114 0.027 0.039
0.442 0.098 0.066 0.16 -0.853 0.084 0.129 0.105 0.025 0.036
0.254 0.057 0.038 0.092 0.084 -0.952 0.074 0.06 0.014 0.021
0.388 0.086 0.058 0.14 0.129 0.074 -0.887 0.092 0.022 0.032
0.316 0.07 0.047 0.114 0.105 0.06 0.092 -0.925 0.018 0.026
0.075 0.017 0.011 0.027 0.025 0.014 0.022 0.018 -0.996 0.006
0.109 0.024 0.016 0.039 0.036 0.021 0.032 0.026 0.006 -0.991

 Mean vectors and covariance matrices after rotation --- 1th cluster >>

 mean vector (mu'=Q*mu)>>
0 -0.534 -0.973 -1.553 0 -0.367 -1.248 -1.46 -1.647 -2.366 -2.174 -1.908 0

 covariance matrix (Sigma'=Q*Sigma*t(Q))>>

20.49 0 0 0 -0.004 0 0 0 0 0 0 0 1.118
0 8.969 0 -0.144 0 0.055 0.25 0.338 -0.201 0.285 0.272 0.803 0
0 0 7.737 -0.06 0 0.01 0.077 0.128 -0.432 0.013 0.014 0.391 0
0 -0.144 -0.06 8.495 0 0.042 0.134 0.255 -0.473 0.283 0.197 0.606 0
-0.004 0 0 0 24.23 0 0 0 0 0 0 0 -0.55
0 0.055 0.01 0.042 0 5.529 0.011 0.033 0.126 0.095 0.061 0.023 0
0 0.25 0.077 0.134 0 0.011 5.324 0.077 0.047 0.064 0.032 0.157 0
0 0.338 0.128 0.255 0 0.033 0.077 4.278 0.509 0.242 0.17 0.18 0
0 -0.201 -0.432 -0.473 0 0.126 0.047 0.509 7.498 1.228 0.645 0.903 0
0 0.285 0.013 0.283 0 0.095 0.064 0.242 1.228 6.608 0.576 0.027 0
0 0.272 0.014 0.197 0 0.061 0.032 0.17 0.645 0.576 6.444 0.069 0
0 0.803 0.391 0.606 0 0.023 0.157 0.18 0.903 0.027 0.069 1.46 0
1.118 0 0 0 -0.55 0 0 0 0 0 0 0 21.622

 Mean vectors and covariance matrices after rotation --- 2th cluster >>

 mean vector (mu'=Q*mu)>>
0 0.534 0.973 1.553 0 0.367 1.248 1.46 1.647 2.366 2.174 1.908 0

 covariance matrix (Sigma'=Q*Sigma*t(Q))>>

20.49 0 0 0 -0.004 0 0 0 0 0 0 0 1.118
0 4.793 -0.213 0.066 0 0.037 -0.342 -0.532 1.091 0.312 0.004 -0.135 0
0 -0.213 4.354 -0.006 0 -0.003 -0.18 -0.323 0.443 0.107 -0.053 -0.121 0
0 0.066 -0.006 3.037 0 -0.01 -0.052 -0.212 0.182 -0.005 -0.059 -0.095 0
-0.004 0 0 0 24.23 0 0 0 0 0 0 0 -0.55
0 0.037 -0.003 -0.01 0 1.676 -0.068 -0.163 -0.058 -0.085 -0.077 -0.096 0
0 -0.342 -0.18 -0.052 0 -0.068 6.497 -0.162 0.545 0.26 0.01 -0.036 0
0 -0.532 -0.323 -0.212 0 -0.163 -0.162 9.876 0.188 0.257 -0.077 -0.08 0
0 1.091 0.443 0.182 0 -0.058 0.545 0.188 2.793 0.15 0.236 0.22 0
0 0.312 0.107 -0.005 0 -0.085 0.26 0.257 0.15 3.424 0.111 0.146 0
0 0.004 -0.053 -0.059 0 -0.077 0.01 -0.077 0.236 0.111 4.32 -0.032 0
0 -0.135 -0.121 -0.095 0 -0.096 -0.036 -0.08 0.22 0.146 -0.032 5.396 0
1.118 0 0 0 -0.55 0 0 0 0 0 0 0 21.622

 Final eigenvalues for each cluster >> 
 (rows correspond to clusters)
24.356 22.202 19.784 9.259 8.822 8.649 7.728 6.092 5.714 5.518 5.291 4.137 1.132
24.356 22.202 19.784 9.97 6.623 5.439 5.325 4.469 4.337 3.303 3.045 1.996 1.661

 theoretical Separation index matrix >>

-1 0.01
0.01 -1

 theoretical projection directions >>

**** cluster 1 and 2
0 0.035 0.188 0.297 0 0.138 0.22 0.212 0.208 0.475 0.433 0.553 0

 empirical Separation index matrix (alpha= 0.05 )>>

-1 0.035
0.035 -1

 empirical projection directions >>

**** cluster 1 and 2
0.031 -0.258 0.13 0.226 0.114 0.118 0.269 0.101 0.194 0.488 0.464 0.512 0.038
