
 Log information for the data set datasetJMG2v10nv10out0_1.dat >>

 alpha = 0.05 sepVal = 0.21

 Number of clusters >> 2

 cluster sizes >>
50 50

 Number of data points >> 100

 Number of dimensions >> 20

 Number of noisy dimensions >> 10

 noisy variables >>
4 5 6 7 8 10 13 14 15 17

 Number of outliers >> 0

 initial eigenvalues for each cluster >> 
 (rows correspond to clusters)
6.753 4.911 1.828 8.577 3.871 6.878 4.259 2.602 5.152 8.785
7.995 1.725 9.203 1.637 4.688 3.713 9.761 2.096 4.543 9.503

 Mean vectors and covariance matrices before rotation --- 1th cluster >>

 mean vector (mu'=Q*mu)>>
-6.156 0 0 0 0 0 0 0 0 0 0 0 0 0 0 0 0 0 0 0

 covariance matrix (Sigma'=Q*Sigma*t(Q))>>

5.233 0.252 1.503 -0.505 0.148 -0.595 0.315 0.268 0.097 -1.172 0 0 0 0 0 0 0 0 0 0
0.252 5.445 1.025 -0.095 0.147 0.067 0.369 0.2 0.361 -0.24 0 0 0 0 0 0 0 0 0 0
1.503 1.025 3.157 0.104 0.232 0.519 0.62 0.275 0.737 0.2 0 0 0 0 0 0 0 0 0 0
-0.505 -0.095 0.104 8.464 -0.004 -0.188 -0.026 0.013 -0.085 -0.254 0 0 0 0 0 0 0 0 0 0
0.148 0.147 0.232 -0.004 3.907 0.049 0.095 0.046 0.103 -0.015 0 0 0 0 0 0 0 0 0 0
-0.595 0.067 0.519 -0.188 0.049 6.647 0.1 0.092 0.018 -0.435 0 0 0 0 0 0 0 0 0 0
0.315 0.369 0.62 -0.026 0.095 0.1 4.501 0.123 0.255 -0.075 0 0 0 0 0 0 0 0 0 0
0.268 0.2 0.275 0.013 0.046 0.092 0.123 2.658 0.143 0.023 0 0 0 0 0 0 0 0 0 0
0.097 0.361 0.737 -0.085 0.103 0.018 0.255 0.143 5.392 -0.209 0 0 0 0 0 0 0 0 0 0
-1.172 -0.24 0.2 -0.254 -0.015 -0.435 -0.075 0.023 -0.209 8.209 0 0 0 0 0 0 0 0 0 0
0 0 0 0 0 0 0 0 0 0 19.687 -3.244 -0.859 -0.235 -1.143 -5.521 -0.338 -0.363 4.304 -0.274
0 0 0 0 0 0 0 0 0 0 -3.244 33.813 -0.609 -0.096 -0.619 -1.879 -1.384 -0.878 -1.133 -0.594
0 0 0 0 0 0 0 0 0 0 -0.859 -0.609 24.97 -0.046 -0.262 -0.987 -0.378 -0.254 0.119 -0.174
0 0 0 0 0 0 0 0 0 0 -0.235 -0.096 -0.046 32.672 -0.047 -0.15 -0.101 -0.064 -0.07 -0.044
0 0 0 0 0 0 0 0 0 0 -1.143 -0.619 -0.262 -0.047 27.535 -0.986 -0.496 -0.324 -0.122 -0.221
0 0 0 0 0 0 0 0 0 0 -5.521 -1.879 -0.987 -0.15 -0.986 35.788 -2.348 -1.48 -2.215 -1
0 0 0 0 0 0 0 0 0 0 -0.338 -1.384 -0.378 -0.101 -0.496 -2.348 20.267 -0.185 1.725 -0.137
0 0 0 0 0 0 0 0 0 0 -0.363 -0.878 -0.254 -0.064 -0.324 -1.48 -0.185 20.854 0.961 -0.111
0 0 0 0 0 0 0 0 0 0 4.304 -1.133 0.119 -0.07 -0.122 -2.215 1.725 0.961 19.036 0.625
0 0 0 0 0 0 0 0 0 0 -0.274 -0.594 -0.174 -0.044 -0.221 -1 -0.137 -0.111 0.625 21.089

 Mean vectors and covariance matrices before rotation --- 2th cluster >>

 mean vector (mu'=Q*mu)>>
6.156 0 0 0 0 0 0 0 0 0 0 0 0 0 0 0 0 0 0 0

 covariance matrix (Sigma'=Q*Sigma*t(Q))>>

4.7 2.084 -1.062 0.694 0.05 0.018 -1.016 1.898 0.142 -0.896 0 0 0 0 0 0 0 0 0 0
2.084 3.681 0.306 0.643 0.13 0.027 0.202 1.894 0.332 0.212 0 0 0 0 0 0 0 0 0 0
-1.062 0.306 8.901 0.103 -0.002 0.001 -0.278 0.267 -0.001 -0.249 0 0 0 0 0 0 0 0 0 0
0.694 0.643 0.103 1.848 0.043 0.009 0.068 0.623 0.109 0.072 0 0 0 0 0 0 0 0 0 0
0.05 0.13 -0.002 0.043 4.695 0.002 -0.006 0.124 0.019 -0.004 0 0 0 0 0 0 0 0 0 0
0.018 0.027 0.001 0.009 0.002 3.713 0 0.026 0.004 0.001 0 0 0 0 0 0 0 0 0 0
-1.016 0.202 -0.278 0.068 -0.006 0 9.507 0.169 -0.013 -0.228 0 0 0 0 0 0 0 0 0 0
1.898 1.894 0.267 0.623 0.124 0.026 0.169 3.928 0.317 0.181 0 0 0 0 0 0 0 0 0 0
0.142 0.332 -0.001 0.109 0.019 0.004 -0.013 0.317 4.591 -0.007 0 0 0 0 0 0 0 0 0 0
-0.896 0.212 -0.249 0.072 -0.004 0.001 -0.228 0.181 -0.007 9.298 0 0 0 0 0 0 0 0 0 0
0 0 0 0 0 0 0 0 0 0 19.687 -3.244 -0.859 -0.235 -1.143 -5.521 -0.338 -0.363 4.304 -0.274
0 0 0 0 0 0 0 0 0 0 -3.244 33.813 -0.609 -0.096 -0.619 -1.879 -1.384 -0.878 -1.133 -0.594
0 0 0 0 0 0 0 0 0 0 -0.859 -0.609 24.97 -0.046 -0.262 -0.987 -0.378 -0.254 0.119 -0.174
0 0 0 0 0 0 0 0 0 0 -0.235 -0.096 -0.046 32.672 -0.047 -0.15 -0.101 -0.064 -0.07 -0.044
0 0 0 0 0 0 0 0 0 0 -1.143 -0.619 -0.262 -0.047 27.535 -0.986 -0.496 -0.324 -0.122 -0.221
0 0 0 0 0 0 0 0 0 0 -5.521 -1.879 -0.987 -0.15 -0.986 35.788 -2.348 -1.48 -2.215 -1
0 0 0 0 0 0 0 0 0 0 -0.338 -1.384 -0.378 -0.101 -0.496 -2.348 20.267 -0.185 1.725 -0.137
0 0 0 0 0 0 0 0 0 0 -0.363 -0.878 -0.254 -0.064 -0.324 -1.48 -0.185 20.854 0.961 -0.111
0 0 0 0 0 0 0 0 0 0 4.304 -1.133 0.119 -0.07 -0.122 -2.215 1.725 0.961 19.036 0.625
0 0 0 0 0 0 0 0 0 0 -0.274 -0.594 -0.174 -0.044 -0.221 -1 -0.137 -0.111 0.625 21.089

 Final eigenvalues for each cluster >> 
 (rows correspond to clusters)
38.652 35.032 32.679 27.818 25.202 21.169 21.007 20.462 20.188 13.501 8.785 8.577 6.878 6.753 5.152 4.911 4.259 3.871 2.602 1.828
38.652 35.032 32.679 27.818 25.202 21.169 21.007 20.462 20.188 13.501 9.761 9.503 9.203 7.995 4.688 4.543 3.713 2.096 1.725 1.637

 *************************************************

 ********************* rotation ******************

 *************************************************


 The orthogonal matrix Q >>
0.264 0.086 0.01 0.424 0.229 0.317 0.128 0.162 0.513 0.532
0.086 -0.994 0.001 0.029 0.016 0.022 0.009 0.011 0.035 0.036
0.01 0.001 -1 0.003 0.002 0.003 0.001 0.001 0.004 0.004
0.424 0.029 0.003 -0.857 0.077 0.106 0.043 0.055 0.172 0.179
0.229 0.016 0.002 0.077 -0.959 0.057 0.023 0.029 0.093 0.096
0.317 0.022 0.003 0.106 0.057 -0.921 0.032 0.041 0.129 0.133
0.128 0.009 0.001 0.043 0.023 0.032 -0.987 0.016 0.052 0.054
0.162 0.011 0.001 0.055 0.029 0.041 0.016 -0.979 0.066 0.068
0.513 0.035 0.004 0.172 0.093 0.129 0.052 0.066 -0.792 0.216
0.532 0.036 0.004 0.179 0.096 0.133 0.054 0.068 0.216 -0.776

 Mean vectors and covariance matrices after rotation --- 1th cluster >>

 mean vector (mu'=Q*mu)>>
-1.628 -1.409 -0.787 0 0 0 0 0 -3.16 0 -1 -3.277 0 0 0 -1.951 0 -2.613 -0.531 -0.064

 covariance matrix (Sigma'=Q*Sigma*t(Q))>>

5.957 0.153 -0.191 0 0 0 0 0 -0.124 0 0.169 -0.934 0 0 0 -0.063 0 -1.023 -0.254 -1.335
0.153 3.885 -0.01 0 0 0 0 0 0.011 0 0.012 -0.025 0 0 0 0.113 0 -0.14 0.047 -0.283
-0.191 -0.01 4.392 0 0 0 0 0 -0.002 0 0.038 -0.294 0 0 0 0.009 0 -0.273 0.278 0.328
0 0 0 32.672 -0.15 -0.044 -0.235 -0.064 0 -0.07 0 0 -0.047 -0.096 -0.046 0 -0.101 0 0 0
0 0 0 -0.15 35.788 -1 -5.521 -1.48 0 -2.215 0 0 -0.986 -1.879 -0.987 0 -2.348 0 0 0
0 0 0 -0.044 -1 21.089 -0.274 -0.111 0 0.625 0 0 -0.221 -0.594 -0.174 0 -0.137 0 0 0
0 0 0 -0.235 -5.521 -0.274 19.687 -0.363 0 4.304 0 0 -1.143 -3.244 -0.859 0 -0.338 0 0 0
0 0 0 -0.064 -1.48 -0.111 -0.363 20.854 0 0.961 0 0 -0.324 -0.878 -0.254 0 -0.185 0 0 0
-0.124 0.011 -0.002 0 0 0 0 0 5.094 0 0.036 -0.329 0 0 0 0.105 0 -0.468 0.12 -0.42
0 0 0 -0.07 -2.215 0.625 4.304 0.961 0 19.036 0 0 -0.122 -1.133 0.119 0 1.725 0 0 0
0.169 0.012 0.038 0 0 0 0 0 0.036 0 2.62 -0.028 0 0 0 0.112 0 -0.118 0.122 -0.092
-0.934 -0.025 -0.294 0 0 0 0 0 -0.329 0 -0.028 8.28 0 0 0 -0.228 0 -0.495 -0.457 -0.996
0 0 0 -0.047 -0.986 -0.221 -1.143 -0.324 0 -0.122 0 0 27.535 -0.619 -0.262 0 -0.496 0 0 0
0 0 0 -0.096 -1.879 -0.594 -3.244 -0.878 0 -1.133 0 0 -0.619 33.813 -0.609 0 -1.384 0 0 0
0 0 0 -0.046 -0.987 -0.174 -0.859 -0.254 0 0.119 0 0 -0.262 -0.609 24.97 0 -0.378 0 0 0
-0.063 0.113 0.009 0 0 0 0 0 0.105 0 0.112 -0.228 0 0 0 6.868 0 -0.2 -0.036 -0.189
0 0 0 -0.101 -2.348 -0.137 -0.338 -0.185 0 1.725 0 0 -0.496 -1.384 -0.378 0 20.267 0 0 0
-1.023 -0.14 -0.273 0 0 0 0 0 -0.468 0 -0.118 -0.495 0 0 0 -0.2 0 8.035 -0.317 -0.855
-0.254 0.047 0.278 0 0 0 0 0 0.12 0 0.122 -0.457 0 0 0 -0.036 0 -0.317 5.373 0.827
-1.335 -0.283 0.328 0 0 0 0 0 -0.42 0 -0.092 -0.996 0 0 0 -0.189 0 -0.855 0.827 3.111

 Mean vectors and covariance matrices after rotation --- 2th cluster >>

 mean vector (mu'=Q*mu)>>
1.628 1.409 0.787 0 0 0 0 0 3.16 0 1 3.277 0 0 0 1.951 0 2.613 0.531 0.064

 covariance matrix (Sigma'=Q*Sigma*t(Q))>>

5.961 0.206 -0.134 0 0 0 0 0 0.507 0 -0.93 -1.614 0 0 0 0.675 0 1.263 -1.291 0.305
0.206 4.71 0.146 0 0 0 0 0 0.055 0 -0.397 -0.165 0 0 0 0.102 0 0.122 -0.485 0.245
-0.134 0.146 9.673 0 0 0 0 0 0.33 0 -0.02 0.017 0 0 0 0.256 0 0.379 -0.088 -0.134
0 0 0 32.672 -0.15 -0.044 -0.235 -0.064 0 -0.07 0 0 -0.047 -0.096 -0.046 0 -0.101 0 0 0
0 0 0 -0.15 35.788 -1 -5.521 -1.48 0 -2.215 0 0 -0.986 -1.879 -0.987 0 -2.348 0 0 0
0 0 0 -0.044 -1 21.089 -0.274 -0.111 0 0.625 0 0 -0.221 -0.594 -0.174 0 -0.137 0 0 0
0 0 0 -0.235 -5.521 -0.274 19.687 -0.363 0 4.304 0 0 -1.143 -3.244 -0.859 0 -0.338 0 0 0
0 0 0 -0.064 -1.48 -0.111 -0.363 20.854 0 0.961 0 0 -0.324 -0.878 -0.254 0 -0.185 0 0 0
0.507 0.055 0.33 0 0 0 0 0 4.679 0 -0.85 -0.361 0 0 0 0.234 0 0.291 -1.048 0.553
0 0 0 -0.07 -2.215 0.625 4.304 0.961 0 19.036 0 0 -0.122 -1.133 0.119 0 1.725 0 0 0
-0.93 -0.397 -0.02 0 0 0 0 0 -0.85 0 3.18 -1.17 0 0 0 -0.639 0 -0.308 1.257 0.418
-1.614 -0.165 0.017 0 0 0 0 0 -0.361 0 -1.17 8.469 0 0 0 -0.036 0 -0.108 -1.294 0.316
0 0 0 -0.047 -0.986 -0.221 -1.143 -0.324 0 -0.122 0 0 27.535 -0.619 -0.262 0 -0.496 0 0 0
0 0 0 -0.096 -1.879 -0.594 -3.244 -0.878 0 -1.133 0 0 -0.619 33.813 -0.609 0 -1.384 0 0 0
0 0 0 -0.046 -0.987 -0.174 -0.859 -0.254 0 0.119 0 0 -0.262 -0.609 24.97 0 -0.378 0 0 0
0.675 0.102 0.256 0 0 0 0 0 0.234 0 -0.639 -0.036 0 0 0 3.963 0 0.266 -0.795 0.347
0 0 0 -0.101 -2.348 -0.137 -0.338 -0.185 0 1.725 0 0 -0.496 -1.384 -0.378 0 20.267 0 0 0
1.263 0.122 0.379 0 0 0 0 0 0.291 0 -0.308 -0.108 0 0 0 0.266 0 2.088 -0.48 0.563
-1.291 -0.485 -0.088 0 0 0 0 0 -1.048 0 1.257 -1.294 0 0 0 -0.795 0 -0.48 3.215 0.371
0.305 0.245 -0.134 0 0 0 0 0 0.553 0 0.418 0.316 0 0 0 0.347 0 0.563 0.371 8.923

 Final eigenvalues for each cluster >> 
 (rows correspond to clusters)
38.652 35.032 32.679 27.818 25.202 21.169 21.007 20.462 20.188 13.501 8.785 8.577 6.878 6.753 5.152 4.911 4.259 3.871 2.602 1.828
38.652 35.032 32.679 27.818 25.202 21.169 21.007 20.462 20.188 13.501 9.761 9.503 9.203 7.995 4.688 4.543 3.713 2.096 1.725 1.637

 theoretical Separation index matrix >>

-1 0.21
0.21 -1

 theoretical projection directions >>

**** cluster 1 and 2
0.272 0.226 0.051 0 0 0 0 0 0.484 0 0.42 0.393 0 0 0 0.247 0 0.402 0.291 -0.012

 empirical Separation index matrix (alpha= 0.05 )>>

-1 0.277
0.277 -1

 empirical projection directions >>

**** cluster 1 and 2
0.227 0.15 0.093 0.038 -0.034 -0.024 0.001 -0.053 0.542 0.025 0.403 0.421 -0.057 0.017 -0.026 0.26 -0.066 0.304 0.211 0.253
