
 Log information for the data set datasetJMG5v10nv10out0_2.dat >>

 alpha = 0.05 sepVal = 0.21

 Number of clusters >> 5

 cluster sizes >>
50 50 50 50 50

 Number of data points >> 250

 Number of dimensions >> 20

 Number of noisy dimensions >> 10

 noisy variables >>
1 2 3 6 7 9 10 12 13 18

 Number of outliers >> 0

 initial eigenvalues for each cluster >> 
 (rows correspond to clusters)
1.743 1.884 6.834 4.555 4.646 5.9 7.575 9.729 2.379 3.591
1.319 7.955 1.119 3.216 4.315 8.801 6.517 6.847 3.544 7.955
9.643 5.984 5.311 1.464 9.396 9.999 6.702 3.387 6.535 4.489
9.71 9.425 9.045 3.649 3.265 9.191 8.967 6.912 3.726 7.643
5.12 1.76 5.121 4.741 9.346 4.183 8.122 4.681 7.995 3.828

 Mean vectors and covariance matrices before rotation --- 1th cluster >>

 mean vector (mu'=Q*mu)>>
-8.076 0 0 0 0 0 0 0 0 0 1.172 0.717 0.635 3.423 3.19 2.797 0.892 0.759 2.398 2.915

 covariance matrix (Sigma'=Q*Sigma*t(Q))>>

7.317 0.079 -0.158 1.367 0.287 0.058 -0.563 -1.636 0.152 0.036 0 0 0 0 0 0 0 0 0 0
0.079 2.099 -0.003 0.019 0.004 0.001 -0.01 -0.026 0.002 0.001 0 0 0 0 0 0 0 0 0 0
-0.158 -0.003 6.739 -0.853 -0.193 -0.175 -1.176 -1.567 -0.014 -0.01 0 0 0 0 0 0 0 0 0 0
1.367 0.019 -0.853 4.666 -0.099 -0.146 -1.25 -1.915 0.03 0 0 0 0 0 0 0 0 0 0 0
0.287 0.004 -0.193 -0.099 5.15 -0.033 -0.282 -0.429 0.006 0 0 0 0 0 0 0 0 0 0 0
0.058 0.001 -0.175 -0.146 -0.033 6.537 -0.241 -0.336 0 -0.001 0 0 0 0 0 0 0 0 0 0
-0.563 -0.01 -1.176 -1.25 -0.282 -0.241 6.87 -2.029 -0.029 -0.017 0 0 0 0 0 0 0 0 0 0
-1.636 -0.026 -1.567 -1.915 -0.429 -0.336 -2.029 8.354 -0.064 -0.028 0 0 0 0 0 0 0 0 0 0
0.152 0.002 -0.014 0.03 0.006 0 -0.029 -0.064 2.654 0.001 0 0 0 0 0 0 0 0 0 0
0.036 0.001 -0.01 0 0 -0.001 -0.017 -0.028 0.001 3.999 0 0 0 0 0 0 0 0 0 0
0 0 0 0 0 0 0 0 0 0 26.192 0.78 -3.536 1.121 0.91 1.835 0.255 3.3 -0.392 -0.32
0 0 0 0 0 0 0 0 0 0 0.78 6.938 0.362 0.456 0.36 0.289 0.027 0.539 0.374 0.074
0 0 0 0 0 0 0 0 0 0 -3.536 0.362 32.12 0.511 0.415 0.849 0.118 1.526 -0.193 -0.151
0 0 0 0 0 0 0 0 0 0 1.121 0.456 0.511 26.357 1.645 1.605 0.171 2.965 1.365 0.208
0 0 0 0 0 0 0 0 0 0 0.91 0.36 0.415 1.645 25.501 1.268 0.135 2.343 1.084 0.166
0 0 0 0 0 0 0 0 0 0 1.835 0.289 0.849 1.605 1.268 20.122 0.113 2.087 1.189 0.212
0 0 0 0 0 0 0 0 0 0 0.255 0.027 0.118 0.171 0.135 0.113 13.189 0.21 0.135 0.026
0 0 0 0 0 0 0 0 0 0 3.3 0.539 1.526 2.965 2.343 2.087 0.21 23.249 2.183 0.387
0 0 0 0 0 0 0 0 0 0 -0.392 0.374 -0.193 1.365 1.084 1.189 0.135 2.183 28.562 0.077
0 0 0 0 0 0 0 0 0 0 -0.32 0.074 -0.151 0.208 0.166 0.212 0.026 0.387 0.077 30.433

 Mean vectors and covariance matrices before rotation --- 2th cluster >>

 mean vector (mu'=Q*mu)>>
8.076 0 0 0 0 0 0 0 0 0 1.172 0.717 0.635 3.423 3.19 2.797 0.892 0.759 2.398 2.915

 covariance matrix (Sigma'=Q*Sigma*t(Q))>>

6.454 -1.294 0.051 0.521 0.098 -1.674 -0.675 -0.807 0.466 -1.305 0 0 0 0 0 0 0 0 0 0
-1.294 7.947 -0.012 -0.497 -0.491 -1.139 -0.804 -0.849 -0.614 -1.028 0 0 0 0 0 0 0 0 0 0
0.051 -0.012 1.262 0.006 0.002 -0.016 -0.006 -0.007 0.005 -0.012 0 0 0 0 0 0 0 0 0 0
0.521 -0.497 0.006 3.583 -0.114 -0.596 -0.332 -0.367 -0.082 -0.502 0 0 0 0 0 0 0 0 0 0
0.098 -0.491 0.002 -0.114 4.705 -0.573 -0.349 -0.379 -0.16 -0.495 0 0 0 0 0 0 0 0 0 0
-1.674 -1.139 -0.016 -0.596 -0.573 8.653 -0.911 -0.958 -0.729 -1.149 0 0 0 0 0 0 0 0 0 0
-0.675 -0.804 -0.006 -0.332 -0.349 -0.911 6.729 -0.656 -0.419 -0.811 0 0 0 0 0 0 0 0 0 0
-0.807 -0.849 -0.007 -0.367 -0.379 -0.958 -0.656 7.021 -0.46 -0.856 0 0 0 0 0 0 0 0 0 0
0.466 -0.614 0.005 -0.082 -0.16 -0.729 -0.419 -0.46 3.86 -0.619 0 0 0 0 0 0 0 0 0 0
-1.305 -1.028 -0.012 -0.502 -0.495 -1.149 -0.811 -0.856 -0.619 7.929 0 0 0 0 0 0 0 0 0 0
0 0 0 0 0 0 0 0 0 0 26.192 0.78 -3.536 1.121 0.91 1.835 0.255 3.3 -0.392 -0.32
0 0 0 0 0 0 0 0 0 0 0.78 6.938 0.362 0.456 0.36 0.289 0.027 0.539 0.374 0.074
0 0 0 0 0 0 0 0 0 0 -3.536 0.362 32.12 0.511 0.415 0.849 0.118 1.526 -0.193 -0.151
0 0 0 0 0 0 0 0 0 0 1.121 0.456 0.511 26.357 1.645 1.605 0.171 2.965 1.365 0.208
0 0 0 0 0 0 0 0 0 0 0.91 0.36 0.415 1.645 25.501 1.268 0.135 2.343 1.084 0.166
0 0 0 0 0 0 0 0 0 0 1.835 0.289 0.849 1.605 1.268 20.122 0.113 2.087 1.189 0.212
0 0 0 0 0 0 0 0 0 0 0.255 0.027 0.118 0.171 0.135 0.113 13.189 0.21 0.135 0.026
0 0 0 0 0 0 0 0 0 0 3.3 0.539 1.526 2.965 2.343 2.087 0.21 23.249 2.183 0.387
0 0 0 0 0 0 0 0 0 0 -0.392 0.374 -0.193 1.365 1.084 1.189 0.135 2.183 28.562 0.077
0 0 0 0 0 0 0 0 0 0 -0.32 0.074 -0.151 0.208 0.166 0.212 0.026 0.387 0.077 30.433

 Mean vectors and covariance matrices before rotation --- 3th cluster >>

 mean vector (mu'=Q*mu)>>
0 13.988 0 0 0 0 0 0 0 0 1.172 0.717 0.635 3.423 3.19 2.797 0.892 0.759 2.398 2.915

 covariance matrix (Sigma'=Q*Sigma*t(Q))>>

7.145 0.822 0.456 0.932 -0.398 -0.62 0.596 0.002 0.019 1.391 0 0 0 0 0 0 0 0 0 0
0.822 6.68 0.32 0.427 0.172 0.138 0.698 0.001 0.021 0.841 0 0 0 0 0 0 0 0 0 0
0.456 0.32 5.457 0.187 0.093 0.081 0.327 0 0.01 0.379 0 0 0 0 0 0 0 0 0 0
0.932 0.427 0.187 1.674 0.18 0.181 0.457 0.001 0.013 0.468 0 0 0 0 0 0 0 0 0 0
-0.398 0.172 0.093 0.18 9.335 -0.102 0.133 0 0.004 0.277 0 0 0 0 0 0 0 0 0 0
-0.62 0.138 0.081 0.181 -0.102 9.85 0.087 0 0.003 0.256 0 0 0 0 0 0 0 0 0 0
0.596 0.698 0.327 0.457 0.133 0.087 7.387 0.001 0.02 0.87 0 0 0 0 0 0 0 0 0 0
0.002 0.001 0 0.001 0 0 0.001 3.387 0 0.001 0 0 0 0 0 0 0 0 0 0
0.019 0.021 0.01 0.013 0.004 0.003 0.02 0 6.535 0.026 0 0 0 0 0 0 0 0 0 0
1.391 0.841 0.379 0.468 0.277 0.256 0.87 0.001 0.026 5.461 0 0 0 0 0 0 0 0 0 0
0 0 0 0 0 0 0 0 0 0 26.192 0.78 -3.536 1.121 0.91 1.835 0.255 3.3 -0.392 -0.32
0 0 0 0 0 0 0 0 0 0 0.78 6.938 0.362 0.456 0.36 0.289 0.027 0.539 0.374 0.074
0 0 0 0 0 0 0 0 0 0 -3.536 0.362 32.12 0.511 0.415 0.849 0.118 1.526 -0.193 -0.151
0 0 0 0 0 0 0 0 0 0 1.121 0.456 0.511 26.357 1.645 1.605 0.171 2.965 1.365 0.208
0 0 0 0 0 0 0 0 0 0 0.91 0.36 0.415 1.645 25.501 1.268 0.135 2.343 1.084 0.166
0 0 0 0 0 0 0 0 0 0 1.835 0.289 0.849 1.605 1.268 20.122 0.113 2.087 1.189 0.212
0 0 0 0 0 0 0 0 0 0 0.255 0.027 0.118 0.171 0.135 0.113 13.189 0.21 0.135 0.026
0 0 0 0 0 0 0 0 0 0 3.3 0.539 1.526 2.965 2.343 2.087 0.21 23.249 2.183 0.387
0 0 0 0 0 0 0 0 0 0 -0.392 0.374 -0.193 1.365 1.084 1.189 0.135 2.183 28.562 0.077
0 0 0 0 0 0 0 0 0 0 -0.32 0.074 -0.151 0.208 0.166 0.212 0.026 0.387 0.077 30.433

 Mean vectors and covariance matrices before rotation --- 4th cluster >>

 mean vector (mu'=Q*mu)>>
0 4.663 13.188 0 0 0 0 0 0 0 1.172 0.717 0.635 3.423 3.19 2.797 0.892 0.759 2.398 2.915

 covariance matrix (Sigma'=Q*Sigma*t(Q))>>

7.919 -0.587 -0.523 1.894 0.215 -0.294 -0.036 0.4 0.519 0.038 0 0 0 0 0 0 0 0 0 0
-0.587 9.242 -0.141 0.811 0.092 -0.085 -0.009 0.197 0.222 0.023 0 0 0 0 0 0 0 0 0 0
-0.523 -0.141 8.983 1.121 0.126 -0.052 -0.003 0.314 0.308 0.043 0 0 0 0 0 0 0 0 0 0
1.894 0.811 1.121 5.227 0.171 0.524 0.087 0.823 0.436 0.164 0 0 0 0 0 0 0 0 0 0
0.215 0.092 0.126 0.171 3.284 0.059 0.01 0.091 0.047 0.018 0 0 0 0 0 0 0 0 0 0
-0.294 -0.085 -0.052 0.524 0.059 9.156 -0.003 0.14 0.144 0.018 0 0 0 0 0 0 0 0 0 0
-0.036 -0.009 -0.003 0.087 0.01 -0.003 8.966 0.025 0.024 0.004 0 0 0 0 0 0 0 0 0 0
0.4 0.197 0.314 0.823 0.091 0.14 0.025 7.256 0.227 0.063 0 0 0 0 0 0 0 0 0 0
0.519 0.222 0.308 0.436 0.047 0.144 0.024 0.227 3.847 0.045 0 0 0 0 0 0 0 0 0 0
0.038 0.023 0.043 0.164 0.018 0.018 0.004 0.063 0.045 7.653 0 0 0 0 0 0 0 0 0 0
0 0 0 0 0 0 0 0 0 0 26.192 0.78 -3.536 1.121 0.91 1.835 0.255 3.3 -0.392 -0.32
0 0 0 0 0 0 0 0 0 0 0.78 6.938 0.362 0.456 0.36 0.289 0.027 0.539 0.374 0.074
0 0 0 0 0 0 0 0 0 0 -3.536 0.362 32.12 0.511 0.415 0.849 0.118 1.526 -0.193 -0.151
0 0 0 0 0 0 0 0 0 0 1.121 0.456 0.511 26.357 1.645 1.605 0.171 2.965 1.365 0.208
0 0 0 0 0 0 0 0 0 0 0.91 0.36 0.415 1.645 25.501 1.268 0.135 2.343 1.084 0.166
0 0 0 0 0 0 0 0 0 0 1.835 0.289 0.849 1.605 1.268 20.122 0.113 2.087 1.189 0.212
0 0 0 0 0 0 0 0 0 0 0.255 0.027 0.118 0.171 0.135 0.113 13.189 0.21 0.135 0.026
0 0 0 0 0 0 0 0 0 0 3.3 0.539 1.526 2.965 2.343 2.087 0.21 23.249 2.183 0.387
0 0 0 0 0 0 0 0 0 0 -0.392 0.374 -0.193 1.365 1.084 1.189 0.135 2.183 28.562 0.077
0 0 0 0 0 0 0 0 0 0 -0.32 0.074 -0.151 0.208 0.166 0.212 0.026 0.387 0.077 30.433

 Mean vectors and covariance matrices before rotation --- 5th cluster >>

 mean vector (mu'=Q*mu)>>
0 4.663 3.297 12.769 0 0 0 0 0 0 1.172 0.717 0.635 3.423 3.19 2.797 0.892 0.759 2.398 2.915

 covariance matrix (Sigma'=Q*Sigma*t(Q))>>

9.726 2.762 -0.132 0.015 -0.692 0.079 -1.777 0.149 -2.66 0.8 0 0 0 0 0 0 0 0 0 0
2.762 6.144 0.57 0.331 -0.08 0.224 0.011 1.808 0.064 1.575 0 0 0 0 0 0 0 0 0 0
-0.132 0.57 10.335 0.003 -0.143 0.016 -0.367 0.03 -0.55 0.165 0 0 0 0 0 0 0 0 0 0
0.015 0.331 0.003 9.605 -0.068 0.014 -0.168 0.063 -0.25 0.118 0 0 0 0 0 0 0 0 0 0
-0.692 -0.08 -0.143 -0.068 18.813 -0.034 -0.303 -0.358 -0.463 -0.198 0 0 0 0 0 0 0 0 0 0
0.079 0.224 0.016 0.014 -0.034 8.477 -0.079 0.077 -0.116 0.097 0 0 0 0 0 0 0 0 0 0
-1.777 0.011 -0.367 -0.168 -0.303 -0.079 15.543 -0.882 -1.359 -0.434 0 0 0 0 0 0 0 0 0 0
0.149 1.808 0.03 0.063 -0.358 0.077 -0.882 9.85 -1.313 0.663 0 0 0 0 0 0 0 0 0 0
-2.66 0.064 -0.55 -0.25 -0.463 -0.116 -1.359 -1.313 14.107 -0.634 0 0 0 0 0 0 0 0 0 0
0.8 1.575 0.165 0.118 -0.198 0.097 -0.434 0.663 -0.634 8.489 0 0 0 0 0 0 0 0 0 0
0 0 0 0 0 0 0 0 0 0 26.192 0.78 -3.536 1.121 0.91 1.835 0.255 3.3 -0.392 -0.32
0 0 0 0 0 0 0 0 0 0 0.78 6.938 0.362 0.456 0.36 0.289 0.027 0.539 0.374 0.074
0 0 0 0 0 0 0 0 0 0 -3.536 0.362 32.12 0.511 0.415 0.849 0.118 1.526 -0.193 -0.151
0 0 0 0 0 0 0 0 0 0 1.121 0.456 0.511 26.357 1.645 1.605 0.171 2.965 1.365 0.208
0 0 0 0 0 0 0 0 0 0 0.91 0.36 0.415 1.645 25.501 1.268 0.135 2.343 1.084 0.166
0 0 0 0 0 0 0 0 0 0 1.835 0.289 0.849 1.605 1.268 20.122 0.113 2.087 1.189 0.212
0 0 0 0 0 0 0 0 0 0 0.255 0.027 0.118 0.171 0.135 0.113 13.189 0.21 0.135 0.026
0 0 0 0 0 0 0 0 0 0 3.3 0.539 1.526 2.965 2.343 2.087 0.21 23.249 2.183 0.387
0 0 0 0 0 0 0 0 0 0 -0.392 0.374 -0.193 1.365 1.084 1.189 0.135 2.183 28.562 0.077
0 0 0 0 0 0 0 0 0 0 -0.32 0.074 -0.151 0.208 0.166 0.212 0.026 0.387 0.077 30.433

 Final eigenvalues for each cluster >> 
 (rows correspond to clusters)
33.779 33.726 30.435 27.822 24.28 24.198 19.374 18.998 13.178 10.835 8.435 7.611 6.873 6.57 5.173 5.073 3.999 2.65 2.098 1.94
33.779 33.726 30.435 27.822 24.28 24.198 19.374 18.998 13.178 9.919 8.966 8.965 7.717 7.345 6.873 4.863 3.995 3.625 1.487 1.261
33.779 33.726 30.435 27.822 24.28 24.198 19.374 18.998 13.178 9.999 9.643 9.396 6.873 6.702 6.535 5.984 5.311 4.489 3.387 1.464
33.779 33.726 30.435 27.822 24.28 24.198 19.374 18.998 13.178 9.71 9.425 9.191 9.045 8.967 7.643 6.912 6.873 3.726 3.649 3.265
33.779 33.726 30.435 27.822 24.28 24.198 19.374 18.998 18.913 16.435 16.179 13.178 10.363 10.36 9.594 9.472 8.465 7.746 6.873 3.562

 *************************************************

 ********************* rotation ******************

 *************************************************


 The orthogonal matrix Q >>
0.521 0.047 0.127 0.128 0.038 0.111 0.371 0.447 0.438 0.388
0.047 -0.999 0.004 0.004 0.001 0.003 0.012 0.014 0.014 0.012
0.127 0.004 -0.989 0.011 0.003 0.009 0.031 0.037 0.037 0.032
0.128 0.004 0.011 -0.989 0.003 0.009 0.031 0.038 0.037 0.033
0.038 0.001 0.003 0.003 -0.999 0.003 0.009 0.011 0.011 0.01
0.111 0.003 0.009 0.009 0.003 -0.992 0.027 0.033 0.032 0.028
0.371 0.012 0.031 0.031 0.009 0.027 -0.909 0.109 0.107 0.095
0.447 0.014 0.037 0.038 0.011 0.033 0.109 -0.869 0.129 0.114
0.438 0.014 0.037 0.037 0.011 0.032 0.107 0.129 -0.874 0.112
0.388 0.012 0.032 0.033 0.01 0.028 0.095 0.114 0.112 -0.901

 Mean vectors and covariance matrices after rotation --- 1th cluster >>

 mean vector (mu'=Q*mu)>>
0.759 0.717 2.797 -0.309 -4.208 3.423 2.915 -2.999 2.398 0.635 -1.026 1.172 3.19 -1.035 -0.383 -3.134 -0.899 0.892 -3.611 -3.533

 covariance matrix (Sigma'=Q*Sigma*t(Q))>>

23.249 0.539 2.087 0 0 2.965 0.387 0 2.183 1.526 0 3.3 2.343 0 0 0 0 0.21 0 0
0.539 6.938 0.289 0 0 0.456 0.074 0 0.374 0.362 0 0.78 0.36 0 0 0 0 0.027 0 0
2.087 0.289 20.122 0 0 1.605 0.212 0 1.189 0.849 0 1.835 1.268 0 0 0 0 0.113 0 0
0 0 0 5.146 0.163 0 0 -0.259 0 0 -0.165 0 0 -0.118 0.003 -0.005 -0.037 0 -0.387 0.012
0 0 0 0.163 3.814 0 0 0.711 0 0 1.09 0 0 0.71 0.087 0.22 0.033 0 0.45 0.793
2.965 0.456 1.605 0 0 26.357 0.208 0 1.365 0.511 0 1.121 1.645 0 0 0 0 0.171 0 0
0.387 0.074 0.212 0 0 0.208 30.433 0 0.077 -0.151 0 -0.32 0.166 0 0 0 0 0.026 0 0
0 0 0 -0.259 0.711 0 0 7.701 0 0 -0.694 0 0 -1.231 0.059 0.572 -0.092 0 -0.893 0.74
2.183 0.374 1.189 0 0 1.365 0.077 0 28.562 -0.193 0 -0.392 1.084 0 0 0 0 0.135 0 0
1.526 0.362 0.849 0 0 0.511 -0.151 0 -0.193 32.12 0 -3.536 0.415 0 0 0 0 0.118 0 0
0 0 0 -0.165 1.09 0 0 -0.694 0 0 6.972 0 0 -0.778 0.045 0.398 -0.064 0 -0.94 0.483
3.3 0.78 1.835 0 0 1.121 -0.32 0 -0.392 -3.536 0 26.192 0.91 0 0 0 0 0.255 0 0
2.343 0.36 1.268 0 0 1.645 0.166 0 1.084 0.415 0 0.91 25.501 0 0 0 0 0.135 0 0
0 0 0 -0.118 0.71 0 0 -1.231 0 0 -0.778 0 0 4.58 0.009 -0.076 -0.174 0 -1.845 -0.02
0 0 0 0.003 0.087 0 0 0.059 0 0 0.045 0 0 0.009 2.103 0.036 0.008 0 0.074 0.056
0 0 0 -0.005 0.22 0 0 0.572 0 0 0.398 0 0 -0.076 0.036 4.321 0.071 0 0.821 0.475
0 0 0 -0.037 0.033 0 0 -0.092 0 0 -0.064 0 0 -0.174 0.008 0.071 6.552 0 -0.116 0.113
0.21 0.027 0.113 0 0 0.171 0.026 0 0.135 0.118 0 0.255 0.135 0 0 0 0 13.189 0 0
0 0 0 -0.387 0.45 0 0 -0.893 0 0 -0.94 0 0 -1.845 0.074 0.821 -0.116 0 9.883 1.021
0 0 0 0.012 0.793 0 0 0.74 0 0 0.483 0 0 -0.02 0.056 0.475 0.113 0 1.021 3.313

 Mean vectors and covariance matrices after rotation --- 2th cluster >>

 mean vector (mu'=Q*mu)>>
0.759 0.717 2.797 0.309 4.208 3.423 2.915 2.999 2.398 0.635 1.026 1.172 3.19 1.035 0.383 3.134 0.899 0.892 3.611 3.533

 covariance matrix (Sigma'=Q*Sigma*t(Q))>>

23.249 0.539 2.087 0 0 2.965 0.387 0 2.183 1.526 0 3.3 2.343 0 0 0 0 0.21 0 0
0.539 6.938 0.289 0 0 0.456 0.074 0 0.374 0.362 0 0.78 0.36 0 0 0 0 0.027 0 0
2.087 0.289 20.122 0 0 1.605 0.212 0 1.189 0.849 0 1.835 1.268 0 0 0 0 0.113 0 0
0 0 0 4.731 0.567 0 0 -0.193 0 0 0.053 0 0 -0.072 -0.39 -0.316 -0.441 0 -0.2 -0.004
0 0 0 0.567 3.133 0 0 0.161 0 0 0.274 0 0 0.337 2.023 0.2 1.991 0 -0.142 0.353
2.965 0.456 1.605 0 0 26.357 0.208 0 1.365 0.511 0 1.121 1.645 0 0 0 0 0.171 0 0
0.387 0.074 0.212 0 0 0.208 30.433 0 0.077 -0.151 0 -0.32 0.166 0 0 0 0 0.026 0 0
0 0 0 -0.193 0.161 0 0 7.335 0 0 0.186 0 0 -0.238 0.057 -0.023 0.105 0 -0.009 0.027
2.183 0.374 1.189 0 0 1.365 0.077 0 28.562 -0.193 0 -0.392 1.084 0 0 0 0 0.135 0 0
1.526 0.362 0.849 0 0 0.511 -0.151 0 -0.193 32.12 0 -3.536 0.415 0 0 0 0 0.118 0 0
0 0 0 0.053 0.274 0 0 0.186 0 0 1.322 0 0 0.033 0.281 0.241 0.327 0 0.195 0.14
3.3 0.78 1.835 0 0 1.121 -0.32 0 -0.392 -3.536 0 26.192 0.91 0 0 0 0 0.255 0 0
2.343 0.36 1.268 0 0 1.645 0.166 0 1.084 0.415 0 0.91 25.501 0 0 0 0 0.135 0 0
0 0 0 -0.072 0.337 0 0 -0.238 0 0 0.033 0 0 3.576 -0.215 -0.35 -0.28 0 -0.283 -0.064
0 0 0 -0.39 2.023 0 0 0.057 0 0 0.281 0 0 -0.215 8.157 -0.108 -0.775 0 0.177 0.366
0 0 0 -0.316 0.2 0 0 -0.023 0 0 0.241 0 0 -0.35 -0.108 8.913 -0.042 0 0.005 0.028
0 0 0 -0.441 1.991 0 0 0.105 0 0 0.327 0 0 -0.28 -0.775 -0.042 9.207 0 0.239 0.387
0.21 0.027 0.113 0 0 0.171 0.026 0 0.135 0.118 0 0.255 0.135 0 0 0 0 13.189 0 0
0 0 0 -0.2 -0.142 0 0 -0.009 0 0 0.195 0 0 -0.283 0.177 0.005 0.239 0 7.699 -0.022
0 0 0 -0.004 0.353 0 0 0.027 0 0 0.14 0 0 -0.064 0.366 0.028 0.387 0 -0.022 4.069

 Mean vectors and covariance matrices after rotation --- 3th cluster >>

 mean vector (mu'=Q*mu)>>
0.759 0.717 2.797 0.017 0.663 3.423 2.915 0.162 2.398 0.635 0.055 1.172 3.19 0.056 -13.967 0.169 0.049 0.892 0.195 0.191

 covariance matrix (Sigma'=Q*Sigma*t(Q))>>

23.249 0.539 2.087 0 0 2.965 0.387 0 2.183 1.526 0 3.3 2.343 0 0 0 0 0.21 0 0
0.539 6.938 0.289 0 0 0.456 0.074 0 0.374 0.362 0 0.78 0.36 0 0 0 0 0.027 0 0
2.087 0.289 20.122 0 0 1.605 0.212 0 1.189 0.849 0 1.835 1.268 0 0 0 0 0.113 0 0
0 0 0 9.353 -0.036 0 0 0.19 0 0 0.105 0 0 0.184 0.136 0.325 -0.062 0 0.156 0.12
0 0 0 -0.036 7.468 0 0 -0.596 0 0 -0.245 0 0 -0.109 -1.081 -0.28 -0.058 0 2.039 0.587
2.965 0.456 1.605 0 0 26.357 0.208 0 1.365 0.511 0 1.121 1.645 0 0 0 0 0.171 0 0
0.387 0.074 0.212 0 0 0.208 30.433 0 0.077 -0.151 0 -0.32 0.166 0 0 0 0 0.026 0 0
0 0 0 0.19 -0.596 0 0 6.786 0 0 0.049 0 0 0.096 0.193 0.138 0.131 0 0.125 -0.206
2.183 0.374 1.189 0 0 1.365 0.077 0 28.562 -0.193 0 -0.392 1.084 0 0 0 0 0.135 0 0
1.526 0.362 0.849 0 0 0.511 -0.151 0 -0.193 32.12 0 -3.536 0.415 0 0 0 0 0.118 0 0
0 0 0 0.105 -0.245 0 0 0.049 0 0 5.338 0 0 0.039 0.139 0.053 0.075 0 -0.043 -0.152
3.3 0.78 1.835 0 0 1.121 -0.32 0 -0.392 -3.536 0 26.192 0.91 0 0 0 0 0.255 0 0
2.343 0.36 1.268 0 0 1.645 0.166 0 1.084 0.415 0 0.91 25.501 0 0 0 0 0.135 0 0
0 0 0 0.184 -0.109 0 0 0.096 0 0 0.039 0 0 1.496 0.233 0.055 0.15 0 -0.142 -0.246
0 0 0 0.136 -1.081 0 0 0.193 0 0 0.139 0 0 0.233 6.561 0.301 0.016 0 -0.498 -0.512
0 0 0 0.325 -0.28 0 0 0.138 0 0 0.053 0 0 0.055 0.301 4.587 0.271 0 0.005 -0.334
0 0 0 -0.062 -0.058 0 0 0.131 0 0 0.075 0 0 0.15 0.016 0.271 9.93 0 0.308 0.199
0.21 0.027 0.113 0 0 0.171 0.026 0 0.135 0.118 0 0.255 0.135 0 0 0 0 13.189 0 0
0 0 0 0.156 2.039 0 0 0.125 0 0 -0.043 0 0 -0.142 -0.498 0.005 0.308 0 4.557 0.725
0 0 0 0.12 0.587 0 0 -0.206 0 0 -0.152 0 0 -0.246 -0.512 -0.334 0.199 0 0.725 6.835

 Mean vectors and covariance matrices after rotation --- 4th cluster >>

 mean vector (mu'=Q*mu)>>
0.759 0.717 2.797 0.048 1.897 3.423 2.915 0.463 2.398 0.635 -13.029 1.172 3.19 0.16 -4.603 0.484 0.139 0.892 0.558 0.546

 covariance matrix (Sigma'=Q*Sigma*t(Q))>>

23.249 0.539 2.087 0 0 2.965 0.387 0 2.183 1.526 0 3.3 2.343 0 0 0 0 0.21 0 0
0.539 6.938 0.289 0 0 0.456 0.074 0 0.374 0.362 0 0.78 0.36 0 0 0 0 0.027 0 0
2.087 0.289 20.122 0 0 1.605 0.212 0 1.189 0.849 0 1.835 1.268 0 0 0 0 0.113 0 0
0 0 0 3.271 -0.036 0 0 -0.057 0 0 0.112 0 0 0.064 0.098 -0.043 0.045 0 0.005 -0.002
0 0 0 -0.036 8.148 0 0 -0.218 0 0 -0.227 0 0 -1.478 -0.004 0.198 -0.119 0 0.005 1.478
2.965 0.456 1.605 0 0 26.357 0.208 0 1.365 0.511 0 1.121 1.645 0 0 0 0 0.171 0 0
0.387 0.074 0.212 0 0 0.208 30.433 0 0.077 -0.151 0 -0.32 0.166 0 0 0 0 0.026 0 0
0 0 0 -0.057 -0.218 0 0 8.864 0 0 0.05 0 0 -0.756 0.126 -0.018 0.022 0 -0.141 0.19
2.183 0.374 1.189 0 0 1.365 0.077 0 28.562 -0.193 0 -0.392 1.084 0 0 0 0 0.135 0 0
1.526 0.362 0.849 0 0 0.511 -0.151 0 -0.193 32.12 0 -3.536 0.415 0 0 0 0 0.118 0 0
0 0 0 0.112 -0.227 0 0 0.05 0 0 9.031 0 0 0.862 -0.084 0.127 -0.017 0 0.363 0.468
3.3 0.78 1.835 0 0 1.121 -0.32 0 -0.392 -3.536 0 26.192 0.91 0 0 0 0 0.255 0 0
2.343 0.36 1.268 0 0 1.645 0.166 0 1.084 0.415 0 0.91 25.501 0 0 0 0 0.135 0 0
0 0 0 0.064 -1.478 0 0 -0.756 0 0 0.862 0 0 4.656 0.755 -0.687 0.291 0 -0.208 -0.458
0 0 0 0.098 -0.004 0 0 0.126 0 0 -0.084 0 0 0.755 9.279 0.175 -0.037 0 0.354 0.418
0 0 0 -0.043 0.198 0 0 -0.018 0 0 0.127 0 0 -0.687 0.175 7.72 0.07 0 -0.008 0.319
0 0 0 0.045 -0.119 0 0 0.022 0 0 -0.017 0 0 0.291 -0.037 0.07 9.18 0 0.157 0.259
0.21 0.027 0.113 0 0 0.171 0.026 0 0.135 0.118 0 0.255 0.135 0 0 0 0 13.189 0 0
0 0 0 0.005 0.005 0 0 -0.141 0 0 0.363 0 0 -0.208 0.354 -0.008 0.157 0 7.004 0.376
0 0 0 -0.002 1.478 0 0 0.19 0 0 0.468 0 0 -0.458 0.418 0.319 0.259 0 0.376 4.38

 Mean vectors and covariance matrices after rotation --- 5th cluster >>

 mean vector (mu'=Q*mu)>>
0.759 0.717 2.797 0.057 2.277 3.423 2.915 0.556 2.398 0.635 -3.107 1.172 3.19 -12.577 -4.592 0.581 0.167 0.892 0.669 0.655

 covariance matrix (Sigma'=Q*Sigma*t(Q))>>

23.249 0.539 2.087 0 0 2.965 0.387 0 2.183 1.526 0 3.3 2.343 0 0 0 0 0.21 0 0
0.539 6.938 0.289 0 0 0.456 0.074 0 0.374 0.362 0 0.78 0.36 0 0 0 0 0.027 0 0
2.087 0.289 20.122 0 0 1.605 0.212 0 1.189 0.849 0 1.835 1.268 0 0 0 0 0.113 0 0
0 0 0 18.875 0.533 0 0 0.033 0 0 -0.033 0 0 0.035 -0.184 0.088 0.054 0 -0.001 -0.03
0 0 0 0.533 8.444 0 0 -0.631 0 0 0.047 0 0 -0.131 -2.94 -0.58 -0.099 0 -0.354 0.18
2.965 0.456 1.605 0 0 26.357 0.208 0 1.365 0.511 0 1.121 1.645 0 0 0 0 0.171 0 0
0.387 0.074 0.212 0 0 0.208 30.433 0 0.077 -0.151 0 -0.32 0.166 0 0 0 0 0.026 0 0
0 0 0 0.033 -0.631 0 0 16.179 0 0 -0.202 0 0 -0.08 -1.335 -0.399 -0.016 0 -0.576 -0.247
2.183 0.374 1.189 0 0 1.365 0.077 0 28.562 -0.193 0 -0.392 1.084 0 0 0 0 0.135 0 0
1.526 0.362 0.849 0 0 0.511 -0.151 0 -0.193 32.12 0 -3.536 0.415 0 0 0 0 0.118 0 0
0 0 0 -0.033 0.047 0 0 -0.202 0 0 10.374 0 0 0.015 0.103 0.123 0.022 0 0.072 -0.23
3.3 0.78 1.835 0 0 1.121 -0.32 0 -0.392 -3.536 0 26.192 0.91 0 0 0 0 0.255 0 0
2.343 0.36 1.268 0 0 1.645 0.166 0 1.084 0.415 0 0.91 25.501 0 0 0 0 0.135 0 0
0 0 0 0.035 -0.131 0 0 -0.08 0 0 0.015 0 0 9.589 -0.151 -0.008 -0.004 0 0.009 -0.021
0 0 0 -0.184 -2.94 0 0 -1.335 0 0 0.103 0 0 -0.151 5.789 0.088 -0.196 0 0.128 -1.476
0 0 0 0.088 -0.58 0 0 -0.399 0 0 0.123 0 0 -0.008 0.088 7.868 -0.026 0 0.225 -0.212
0 0 0 0.054 -0.099 0 0 -0.016 0 0 0.022 0 0 -0.004 -0.196 -0.026 8.458 0 0.015 0.067
0.21 0.027 0.113 0 0 0.171 0.026 0 0.135 0.118 0 0.255 0.135 0 0 0 0 13.189 0 0
0 0 0 -0.001 -0.354 0 0 -0.576 0 0 0.072 0 0 0.009 0.128 0.225 0.015 0 9.665 -0.514
0 0 0 -0.03 0.18 0 0 -0.247 0 0 -0.23 0 0 -0.021 -1.476 -0.212 0.067 0 -0.514 15.846

 Final eigenvalues for each cluster >> 
 (rows correspond to clusters)
33.779 33.726 30.435 27.822 24.28 24.198 19.374 18.998 13.178 10.835 8.435 7.611 6.873 6.57 5.173 5.073 3.999 2.65 2.098 1.94
33.779 33.726 30.435 27.822 24.28 24.198 19.374 18.998 13.178 9.919 8.966 8.965 7.717 7.345 6.873 4.863 3.995 3.625 1.487 1.261
33.779 33.726 30.435 27.822 24.28 24.198 19.374 18.998 13.178 9.999 9.643 9.396 6.873 6.702 6.535 5.984 5.311 4.489 3.387 1.464
33.779 33.726 30.435 27.822 24.28 24.198 19.374 18.998 13.178 9.71 9.425 9.191 9.045 8.967 7.643 6.912 6.873 3.726 3.649 3.265
33.779 33.726 30.435 27.822 24.28 24.198 19.374 18.998 18.913 16.435 16.179 13.178 10.363 10.36 9.594 9.472 8.465 7.746 6.873 3.562

 theoretical Separation index matrix >>

-1 0.253 0.311 0.227 0.21
0.253 -1 0.21 0.285 0.243
0.311 0.21 -1 0.21 0.29
0.227 0.285 0.21 -1 0.21
0.21 0.243 0.29 0.21 -1

 theoretical projection directions >>

**** cluster 1 and 2
0 0 0 0.02 0.71 0 0 0.241 0 0 0.067 0 0 0.215 -0.129 0.255 -0.041 0 0.278 0.476

**** cluster 1 and 3
0 0 0 0.02 0.114 0 0 0.136 0 0 0.066 0 0 0.178 -0.932 0.19 0.028 0 0.109 0.12

**** cluster 1 and 4
0 0 0 0.042 0.396 0 0 0.147 0 0 -0.642 0 0 0.265 -0.358 0.238 0.04 0 0.17 0.35

**** cluster 1 and 5
0 0 0 -0.007 0.465 0 0 0.041 0 0 -0.186 0 0 -0.739 -0.324 0.263 0.043 0 0.057 0.145

**** cluster 2 and 3
0 0 0 -0.02 -0.161 0 0 -0.166 0 0 -0.051 0 0 -0.21 -0.858 -0.192 -0.036 0 -0.235 -0.263

**** cluster 2 and 4
0 0 0 -0.009 -0.054 0 0 -0.066 0 0 -0.979 0 0 -0.011 -0.118 -0.056 0.009 0 -0.072 -0.109

**** cluster 2 and 5
0 0 0 -0.02 -0.095 0 0 -0.118 0 0 -0.28 0 0 -0.869 -0.289 -0.133 -0.04 0 -0.144 -0.141

**** cluster 3 and 4
0 0 0 0.003 0.084 0 0 0.018 0 0 -0.833 0 0 0.076 0.538 0.017 0.004 0 0.041 0.04

**** cluster 3 and 5
0 0 0 0.006 0.16 0 0 0.041 0 0 -0.13 0 0 -0.837 0.503 0.02 0.016 0 0.001 0.035

**** cluster 4 and 5
0 0 0 0.004 -0.066 0 0 -0.032 0 0 0.487 0 0 -0.867 0.033 -0.05 0.018 0 -0.025 -0.023

 empirical Separation index matrix (alpha= 0.05 )>>

-1 0.232 0.299 0.322 0.342
0.232 -1 0.361 0.283 0.33
0.299 0.361 -1 0.394 0.221
0.322 0.283 0.394 -1 0.298
0.342 0.33 0.221 0.298 -1

 empirical projection directions >>

**** cluster 1 and 2
-0.057 0.104 -0.012 0.037 -0.318 0.024 -0.008 -0.269 0.019 0.042 0.637 -0.02 0.019 -0.258 0.204 -0.355 -0.059 -0.064 -0.193 -0.35

**** cluster 1 and 3
-0.091 0.142 -0.004 -0.07 -0.086 -0.064 0.014 -0.018 0.019 -0.012 0.716 -0.043 -0.047 0.221 -0.584 -0.128 -0.073 -0.038 0.065 -0.142

**** cluster 1 and 4
-0.066 0.167 -0.026 0.019 -0.076 0.069 0.049 0.148 0.011 -0.015 0.487 0.039 -0.022 -0.807 -0.009 -0.171 0.084 -0.006 -0.053 0.036

**** cluster 1 and 5
-0.053 0.002 -0.003 0.006 0.033 0.017 0.005 0.112 0.067 0.017 0.977 0.009 -0.015 0.005 0.029 -0.095 -0.04 -0.079 0.033 0.072

**** cluster 2 and 3
-0.022 -0.005 -0.003 0.075 0.129 -0.017 -0.03 0.137 0.069 -0.021 0.083 0.019 0.064 0.177 -0.89 0.156 0.228 -0.013 0.196 0.049

**** cluster 2 and 4
0.036 0.024 -0.071 -0.028 0.406 0.006 -0.001 0.068 0.015 -0.066 0.033 0.051 0.019 -0.624 -0.441 0.194 0.33 0.074 0.04 0.276

**** cluster 2 and 5
-0.063 -0.025 -0.005 0.035 0.653 0.013 0.003 0.256 -0.01 0.021 0.057 0.065 0.003 0.13 -0.172 0.21 0.01 0.065 0.233 0.587

**** cluster 3 and 4
0.041 0.002 -0.093 -0.014 0.09 0.063 0.054 0.062 -0.023 0.025 0.002 0.088 -0.059 -0.793 0.546 -0.085 0.052 0.063 0.132 0.007

**** cluster 3 and 5
0.052 0.069 0.042 -0.001 0.101 0.004 -0.06 0.223 0.07 0.079 0.021 0.095 -0.059 0.19 0.782 0.129 0.023 0.076 0.352 0.33

**** cluster 4 and 5
0 0.051 0.085 0.015 0.179 -0.041 -0.004 0.124 -0.007 0.048 0.119 0.045 -0.003 0.883 0.219 0.229 -0.141 -0.093 0.058 0.094
