
 Log information for the data set datasetJHG3v10nv3out0_1.dat >>

 alpha = 0.05 sepVal = 0.34

 Number of clusters >> 3

 cluster sizes >>
50 50 50

 Number of data points >> 150

 Number of dimensions >> 13

 Number of noisy dimensions >> 3

 noisy variables >>
7 8 11

 Number of outliers >> 0

 initial eigenvalues for each cluster >> 
 (rows correspond to clusters)
2.535 7.204 3.334 3.625 9.551 9.19 1.123 1.569 9.409 1.989
5.28 6.417 1.213 6.541 2.806 3.136 8.651 2.179 8.561 9.034
3.218 1.653 2.532 2.806 1.83 1.065 7.121 5.496 3.828 6.719

 Mean vectors and covariance matrices before rotation --- 1th cluster >>

 mean vector (mu'=Q*mu)>>
-8.354 0 0 0 0 0 0 0 0 0 3.925 2.206 0.001

 covariance matrix (Sigma'=Q*Sigma*t(Q))>>

4.304 -1.177 0.188 0.042 -1.8 -1.152 1.118 0.941 -1.459 0.655 0 0 0
-1.177 6.418 -0.371 -0.18 -0.91 -0.601 -0.21 -0.26 -0.746 -0.26 0 0 0
0.188 -0.371 3.315 -0.019 -0.522 -0.337 0.202 0.157 -0.424 0.097 0 0 0
0.042 -0.18 -0.019 3.611 -0.246 -0.159 0.078 0.058 -0.2 0.032 0 0 0
-1.8 -0.91 -0.522 -0.246 8.552 -0.664 -0.421 -0.466 -0.821 -0.431 0 0 0
-1.152 -0.601 -0.337 -0.159 -0.664 8.749 -0.263 -0.294 -0.545 -0.274 0 0 0
1.118 -0.21 0.202 0.078 -0.421 -0.263 1.649 0.47 -0.338 0.354 0 0 0
0.941 -0.26 0.157 0.058 -0.466 -0.294 0.47 1.984 -0.375 0.308 0 0 0
-1.459 -0.746 -0.424 -0.2 -0.821 -0.545 -0.338 -0.375 8.734 -0.348 0 0 0
0.655 -0.26 0.097 0.032 -0.431 -0.274 0.354 0.308 -0.348 2.212 0 0 0
0 0 0 0 0 0 0 0 0 0 33.451 -0.94 -14.099
0 0 0 0 0 0 0 0 0 0 -0.94 29.196 -4.61
0 0 0 0 0 0 0 0 0 0 -14.099 -4.61 34.714

 Mean vectors and covariance matrices before rotation --- 2th cluster >>

 mean vector (mu'=Q*mu)>>
8.354 0 0 0 0 0 0 0 0 0 3.925 2.206 0.001

 covariance matrix (Sigma'=Q*Sigma*t(Q))>>

6.663 0.032 2.156 0.024 0.995 0.588 -0.677 0.61 -0.95 -1.258 0 0 0
0.032 6.396 0.253 -0.043 0.104 0.059 -0.157 0.068 -0.224 -0.275 0 0 0
2.156 0.253 2.676 0.445 0.796 0.493 0.265 0.453 0.406 0.336 0 0 0
0.024 -0.043 0.445 6.453 0.179 0.101 -0.296 0.118 -0.422 -0.516 0 0 0
0.995 0.104 0.796 0.179 3.221 0.255 0.038 0.241 0.067 0.009 0 0 0
0.588 0.059 0.493 0.101 0.255 3.292 0.006 0.148 0.017 -0.023 0 0 0
-0.677 -0.157 0.265 -0.296 0.038 0.006 8.064 0.048 -0.848 -0.982 0 0 0
0.61 0.068 0.453 0.118 0.241 0.148 0.048 2.318 0.076 0.048 0 0 0
-0.95 -0.224 0.406 -0.422 0.067 0.017 -0.848 0.076 7.337 -1.42 0 0 0
-1.258 -0.275 0.336 -0.516 0.009 -0.023 -0.982 0.048 -1.42 7.398 0 0 0
0 0 0 0 0 0 0 0 0 0 33.451 -0.94 -14.099
0 0 0 0 0 0 0 0 0 0 -0.94 29.196 -4.61
0 0 0 0 0 0 0 0 0 0 -14.099 -4.61 34.714

 Mean vectors and covariance matrices before rotation --- 3th cluster >>

 mean vector (mu'=Q*mu)>>
0 14.469 0 0 0 0 0 0 0 0 3.925 2.206 0.001

 covariance matrix (Sigma'=Q*Sigma*t(Q))>>

5.003 0.085 0.342 0.031 1.057 0.796 -1.733 -1.01 -0.202 -0.134 0 0 0
0.085 2.556 0.024 0.003 0.048 0.029 -0.022 -0.007 0.007 -0.002 0 0 0
0.342 0.024 4.042 0.016 0.307 0.205 -0.279 -0.138 0.006 -0.021 0 0 0
0.031 0.003 0.016 4.335 0.04 0.028 -0.045 -0.024 -0.002 -0.003 0 0 0
1.057 0.048 0.307 0.04 3.459 0.393 -0.336 -0.118 0.081 -0.024 0 0 0
0.796 0.029 0.205 0.028 0.393 1.878 -0.114 -0.007 0.077 -0.008 0 0 0
-1.733 -0.022 -0.279 -0.045 -0.336 -0.114 10.376 -0.49 -0.272 -0.05 0 0 0
-1.01 -0.007 -0.138 -0.024 -0.118 -0.007 -0.49 8.125 -0.174 -0.039 0 0 0
-0.202 0.007 0.006 -0.002 0.081 0.077 -0.272 -0.174 5.855 -0.021 0 0 0
-0.134 -0.002 -0.021 -0.003 -0.024 -0.008 -0.05 -0.039 -0.021 10.369 0 0 0
0 0 0 0 0 0 0 0 0 0 33.451 -0.94 -14.099
0 0 0 0 0 0 0 0 0 0 -0.94 29.196 -4.61
0 0 0 0 0 0 0 0 0 0 -14.099 -4.61 34.714

 Final eigenvalues for each cluster >> 
 (rows correspond to clusters)
48.578 30.249 18.534 9.551 9.409 9.19 7.204 3.625 3.334 2.535 1.989 1.569 1.123
48.578 30.249 18.534 9.034 8.651 8.561 6.541 6.417 5.28 3.136 2.806 2.179 1.213
48.578 30.249 18.534 10.995 10.373 8.486 5.911 4.968 4.333 3.91 2.826 2.552 1.645

 *************************************************

 ********************* rotation ******************

 *************************************************


 The orthogonal matrix Q >>
0.203 0.391 0.353 0.475 0.427 0.289 0.173 0.213 0.027 0.336
0.391 -0.873 0.115 0.154 0.139 0.094 0.056 0.069 0.009 0.109
0.353 0.115 -0.896 0.139 0.126 0.085 0.051 0.063 0.008 0.099
0.475 0.154 0.139 -0.813 0.169 0.114 0.068 0.084 0.011 0.133
0.427 0.139 0.126 0.169 -0.848 0.103 0.061 0.076 0.01 0.119
0.289 0.094 0.085 0.114 0.103 -0.93 0.042 0.051 0.006 0.081
0.173 0.056 0.051 0.068 0.061 0.042 -0.975 0.031 0.004 0.048
0.213 0.069 0.063 0.084 0.076 0.051 0.031 -0.962 0.005 0.06
0.027 0.009 0.008 0.011 0.01 0.006 0.004 0.005 -0.999 0.008
0.336 0.109 0.099 0.133 0.119 0.081 0.048 0.06 0.008 -0.906

 Mean vectors and covariance matrices after rotation --- 1th cluster >>

 mean vector (mu'=Q*mu)>>
-2.952 -1.779 -1.696 -3.57 -3.268 -1.445 0.001 3.925 -2.418 -2.81 2.206 -3.965 -0.225

 covariance matrix (Sigma'=Q*Sigma*t(Q))>>

3.363 -0.054 0.104 -0.193 -0.024 -0.102 0 0 -0.119 0.033 0 -0.017 0.431
-0.054 1.713 0.074 -0.558 -0.316 0.169 0 0 -0.359 0.041 0 -0.263 0.121
0.104 0.074 3.191 -0.977 -0.265 -0.038 0 0 -0.61 0.205 0 -0.278 1.432
-0.193 -0.558 -0.977 9.277 -0.19 -0.656 0 0 -0.178 -0.25 0 0.121 0.233
-0.024 -0.316 -0.265 -0.19 7.128 -0.403 0 0 -0.118 -0.051 0 0.219 0.223
-0.102 0.169 -0.038 -0.656 -0.403 1.339 0 0 -0.425 0.011 0 -0.361 0.056
0 0 0 0 0 0 34.714 -14.099 0 0 -4.61 0 0
0 0 0 0 0 0 -14.099 33.451 0 0 -0.94 0 0
-0.119 -0.359 -0.61 -0.178 -0.118 -0.425 0 0 9.075 -0.156 0 0.083 0.169
0.033 0.041 0.205 -0.25 -0.051 0.011 0 0 -0.156 2.047 0 -0.112 0.457
0 0 0 0 0 0 -4.61 -0.94 0 0 29.196 0 0
-0.017 -0.263 -0.278 0.121 0.219 -0.361 0 0 0.083 -0.112 0 3.533 0.943
0.431 0.121 1.432 0.233 0.223 0.056 0 0 0.169 0.457 0 0.943 8.864

 Mean vectors and covariance matrices after rotation --- 2th cluster >>

 mean vector (mu'=Q*mu)>>
2.952 1.779 1.696 3.57 3.268 1.445 0.001 3.925 2.418 2.81 2.206 3.965 0.225

 covariance matrix (Sigma'=Q*Sigma*t(Q))>>

1.469 0.057 0.014 0.055 -0.339 0.292 0 0 0.012 0.314 0 -0.28 0.906
0.057 2.279 0.448 0.195 0.078 0.227 0 0 0.13 0.351 0 0.126 0.403
0.014 0.448 6.067 0.849 0.193 0.378 0 0 0.561 0.54 0 0.197 0.902
0.055 0.195 0.849 3.193 0.182 0.422 0 0 0.261 0.666 0 0.267 0.727
-0.339 0.078 0.193 0.182 6.563 0.237 0 0 0.136 0.408 0 0.153 0.386
0.292 0.227 0.378 0.422 0.237 8.38 0 0 0.277 -0.405 0 0.18 -0.556
0 0 0 0 0 0 34.714 -14.099 0 0 -4.61 0 0
0 0 0 0 0 0 -14.099 33.451 0 0 -0.94 0 0
0.012 0.13 0.561 0.261 0.136 0.277 0 0 3.313 0.443 0 0.189 0.465
0.314 0.351 0.54 0.666 0.408 -0.405 0 0 0.443 8.45 0 0.308 -0.858
0 0 0 0 0 0 -4.61 -0.94 0 0 29.196 0 0
-0.28 0.126 0.197 0.267 0.153 0.18 0 0 0.189 0.308 0 6.683 0.318
0.906 0.403 0.902 0.727 0.386 -0.556 0 0 0.465 -0.858 0 0.318 7.42

 Mean vectors and covariance matrices after rotation --- 3th cluster >>

 mean vector (mu'=Q*mu)>>
1.663 1.002 5.661 2.011 -12.628 0.814 0.001 3.925 1.362 1.583 2.206 2.234 0.127

 covariance matrix (Sigma'=Q*Sigma*t(Q))>>

3.969 0.079 0.205 0.059 0.248 0.18 0 0 0.105 -0.507 0 0.072 0.078
0.079 8.412 -0.207 0.047 0.416 -0.086 0 0 0.146 -0.085 0 0.359 -0.11
0.205 -0.207 4.913 0.344 0.97 -0.116 0 0 0.547 -1.683 0 0.37 0.053
0.059 0.047 0.344 2.964 0.141 0.141 0 0 0.141 -0.765 0 -0.108 0.156
0.248 0.416 0.97 0.141 3.142 0.635 0 0 0.168 -0.25 0 0.474 0.11
0.18 -0.086 -0.116 0.141 0.635 10.843 0 0 0.243 0.182 0 0.647 -0.199
0 0 0 0 0 0 34.714 -14.099 0 0 -4.61 0 0
0 0 0 0 0 0 -14.099 33.451 0 0 -0.94 0 0
0.105 0.146 0.547 0.141 0.168 0.243 0 0 1.763 -0.444 0 0.019 0.134
-0.507 -0.085 -1.683 -0.765 -0.25 0.182 0 0 -0.444 9.51 0 -0.51 0.016
0 0 0 0 0 0 -4.61 -0.94 0 0 29.196 0 0
0.072 0.359 0.37 -0.108 0.474 0.647 0 0 0.019 -0.51 0 4.616 0.107
0.078 -0.11 0.053 0.156 0.11 -0.199 0 0 0.134 0.016 0 0.107 5.867

 Final eigenvalues for each cluster >> 
 (rows correspond to clusters)
48.578 30.249 18.534 9.551 9.409 9.19 7.204 3.625 3.334 2.535 1.989 1.569 1.123
48.578 30.249 18.534 9.034 8.651 8.561 6.541 6.417 5.28 3.136 2.806 2.179 1.213
48.578 30.249 18.534 10.995 10.373 8.486 5.911 4.968 4.333 3.91 2.826 2.552 1.645

 theoretical Separation index matrix >>

-1 0.34 0.37
0.34 -1 0.34
0.37 0.34 -1

 theoretical projection directions >>

**** cluster 1 and 2
0.606 0.458 0.177 0.276 0.238 0.144 0 0 0.186 0.188 0 0.389 -0.13

**** cluster 1 and 3
0.302 0.145 0.529 0.276 -0.486 0.092 0 0 0.186 0.294 0 0.399 -0.087

**** cluster 2 and 3
-0.123 0.016 0.323 -0.136 -0.918 0.038 0 0 -0.118 -0.01 0 -0.043 0.031

 empirical Separation index matrix (alpha= 0.05 )>>

-1 0.38 0.458
0.38 -1 0.385
0.458 0.385 -1

 empirical projection directions >>

**** cluster 1 and 2
-0.615 -0.482 -0.073 -0.282 -0.254 -0.072 0.02 0.006 -0.29 -0.185 -0.044 -0.253 0.223

**** cluster 1 and 3
-0.082 0.023 0.428 -0.196 -0.81 0.053 -0.005 -0.07 -0.298 -0.049 -0.023 0.008 -0.127

**** cluster 2 and 3
0.27 0.166 0.48 0.182 -0.584 0.009 -0.087 -0.048 0.047 0.285 -0.001 0.396 -0.209
