
 Log information for the data set datasetJMG5v5nv1out0_2.dat >>

 alpha = 0.05 sepVal = 0.21

 Number of clusters >> 5

 cluster sizes >>
50 50 50 50 50

 Number of data points >> 250

 Number of dimensions >> 6

 Number of noisy dimensions >> 1

 noisy variables >>
6

 Number of outliers >> 0

 initial eigenvalues for each cluster >> 
 (rows correspond to clusters)
5.464 2.399 2.871 6.568 8.04
6.438 3.718 6.32 6.619 5.791
8.38 2.788 5.395 7.978 6.732
6.261 9.244 4.675 9.585 1.686
5.529 6.456 8.709 6.275 4.314

 Mean vectors and covariance matrices before rotation --- 1th cluster >>

 mean vector (mu'=Q*mu)>>
-7.834 0 0 0 0 3.594

 covariance matrix (Sigma'=Q*Sigma*t(Q))>>

6.02 2.101 0.315 -0.208 -1.937 0
2.101 4.698 0.309 0.112 0.07 0
0.315 0.309 3.442 0.015 -0.012 0
-0.208 0.112 0.015 7.725 -0.236 0
-1.937 0.07 -0.012 -0.236 8.048 0
0 0 0 0 0 26.694

 Mean vectors and covariance matrices before rotation --- 2th cluster >>

 mean vector (mu'=Q*mu)>>
7.834 0 0 0 0 3.594

 covariance matrix (Sigma'=Q*Sigma*t(Q))>>

7.317 1.041 -0.048 -0.252 0.001 0
1.041 4.919 0.37 0.352 0.002 0
-0.048 0.37 7.544 -0.059 0 0
-0.252 0.352 -0.059 7.756 0 0
0.001 0.002 0 0 6.905 0
0 0 0 0 0 26.694

 Mean vectors and covariance matrices before rotation --- 3th cluster >>

 mean vector (mu'=Q*mu)>>
0 13.57 0 0 0 3.594

 covariance matrix (Sigma'=Q*Sigma*t(Q))>>

4.57 2.075 0.064 -0.759 -0.225 0
2.075 6.309 1.371 0.552 0.468 0
0.064 1.371 5.819 0.055 0.108 0
-0.759 0.552 0.055 7.831 -0.035 0
-0.225 0.468 0.108 -0.035 6.745 0
0 0 0 0 0 26.694

 Mean vectors and covariance matrices before rotation --- 4th cluster >>

 mean vector (mu'=Q*mu)>>
0 4.523 12.794 0 0 3.594

 covariance matrix (Sigma'=Q*Sigma*t(Q))>>

5.896 -0.813 0.327 -2.249 2.658 0
-0.813 8.95 -0.079 -0.776 0.154 0
0.327 -0.079 4.811 -0.237 0.686 0
-2.249 -0.776 -0.237 7.541 0.285 0
2.658 0.154 0.686 0.285 4.252 0
0 0 0 0 0 26.694

 Mean vectors and covariance matrices before rotation --- 5th cluster >>

 mean vector (mu'=Q*mu)>>
0 4.523 3.198 12.387 0 3.594

 covariance matrix (Sigma'=Q*Sigma*t(Q))>>

7.2 0.209 -1.224 0.199 0.573 0
0.209 6.321 -0.796 -0.058 0.158 0
-1.224 -0.796 7.042 -0.478 -0.077 0
0.199 -0.058 -0.478 6.256 0.113 0
0.573 0.158 -0.077 0.113 4.464 0
0 0 0 0 0 26.694

 Final eigenvalues for each cluster >> 
 (rows correspond to clusters)
26.694 9.497 7.758 6.454 3.391 2.833
26.694 7.892 7.676 7.535 6.905 4.433
26.694 8.38 7.978 6.732 5.395 2.788
26.694 9.585 9.244 6.261 4.675 1.686
26.694 8.709 6.456 6.275 5.529 4.314

 *************************************************

 ********************* rotation ******************

 *************************************************


 The orthogonal matrix Q >>
0.151 0.554 0.046 0.491 0.654
0.554 -0.733 0.022 0.236 0.315
0.046 0.022 -0.998 0.019 0.026
0.491 0.236 0.019 -0.791 0.279
0.654 0.315 0.026 0.279 -0.629

 Mean vectors and covariance matrices after rotation --- 1th cluster >>

 mean vector (mu'=Q*mu)>>
-4.341 -3.844 -1.183 -5.121 -0.358 3.594

 covariance matrix (Sigma'=Q*Sigma*t(Q))>>

3.058 -0.816 0.587 -0.369 0.045 0
-0.816 7.368 -0.46 -0.007 -0.175 0
0.587 -0.46 6.804 -0.618 -0.077 0
-0.369 -0.007 -0.618 9.293 -0.2 0
0.045 -0.175 -0.077 -0.2 3.41 0
0 0 0 0 0 26.694

 Mean vectors and covariance matrices after rotation --- 2th cluster >>

 mean vector (mu'=Q*mu)>>
4.341 3.844 1.183 5.121 0.358 3.594

 covariance matrix (Sigma'=Q*Sigma*t(Q))>>

4.963 0.361 0.976 0.217 0.313 0
0.361 7.736 -0.374 0.155 -0.112 0
0.976 -0.374 6.856 0.263 -0.18 0
0.217 0.155 0.263 7.351 -0.054 0
0.313 -0.112 -0.18 -0.054 7.534 0
0 0 0 0 0 26.694

 Mean vectors and covariance matrices after rotation --- 3th cluster >>

 mean vector (mu'=Q*mu)>>
-9.95 3.205 7.52 4.27 0.298 3.594

 covariance matrix (Sigma'=Q*Sigma*t(Q))>>

3.486 -0.732 -0.101 -1.273 0.821 0
-0.732 7.768 -0.164 -0.144 -0.332 0
-0.101 -0.164 7.707 0.506 -0.774 0
-1.273 -0.144 0.506 6.564 -0.41 0
0.821 -0.332 -0.774 -0.41 5.748 0
0 0 0 0 0 26.694

 Mean vectors and covariance matrices after rotation --- 4th cluster >>

 mean vector (mu'=Q*mu)>>
-3.035 1.317 3.091 1.755 -12.671 3.594

 covariance matrix (Sigma'=Q*Sigma*t(Q))>>

8.723 0.205 -0.907 -0.924 -0.375 0
0.205 9.456 0.122 0.724 -0.402 0
-0.907 0.122 6.484 0.863 -0.257 0
-0.924 0.724 0.863 2.024 0.27 0
-0.375 -0.402 -0.257 0.27 4.763 0
0 0 0 0 0 26.694

 Mean vectors and covariance matrices after rotation --- 5th cluster >>

 mean vector (mu'=Q*mu)>>
-0.32 -8.666 8.73 4.958 -2.852 3.594

 covariance matrix (Sigma'=Q*Sigma*t(Q))>>

6.44 0.061 -0.008 0.656 0.237 0
0.061 6.375 0.037 0.571 0.437 0
-0.008 0.037 5.783 1.06 0.883 0
0.656 0.571 1.06 5.474 1.171 0
0.237 0.437 0.883 1.171 7.212 0
0 0 0 0 0 26.694

 Final eigenvalues for each cluster >> 
 (rows correspond to clusters)
26.694 9.497 7.758 6.454 3.391 2.833
26.694 7.892 7.676 7.535 6.905 4.433
26.694 8.38 7.978 6.732 5.395 2.788
26.694 9.585 9.244 6.261 4.675 1.686
26.694 8.709 6.456 6.275 5.529 4.314

 theoretical Separation index matrix >>

-1 0.242 0.21 0.287 0.214
0.242 -1 0.326 0.234 0.21
0.21 0.326 -1 0.267 0.234
0.287 0.234 0.267 -1 0.21
0.214 0.21 0.234 0.21 -1

 theoretical projection directions >>

**** cluster 1 and 2
0.806 0.391 0.071 0.437 0.046 0

**** cluster 1 and 3
-0.581 0.356 0.546 0.44 0.211 0

**** cluster 1 and 4
0.096 0.147 0.172 0.367 -0.897 0

**** cluster 1 and 5
0.282 -0.281 0.64 0.584 -0.301 0

**** cluster 2 and 3
-0.944 -0.037 0.286 -0.125 0.098 0

**** cluster 2 and 4
-0.427 -0.107 0.106 -0.312 -0.836 0

**** cluster 2 and 5
-0.36 -0.742 0.534 0.018 -0.186 0

**** cluster 3 and 4
0.392 -0.097 -0.242 -0.068 -0.879 0

**** cluster 3 and 5
0.745 -0.604 0.056 0.114 -0.253 0

**** cluster 4 and 5
0.198 -0.57 0.346 0.267 0.668 0

 empirical Separation index matrix (alpha= 0.05 )>>

-1 0.245 0.215 0.196 0.198
0.245 -1 0.263 0.24 0.321
0.215 0.263 -1 0.194 0.26
0.196 0.24 0.194 -1 0.348
0.198 0.321 0.26 0.348 -1

 empirical projection directions >>

**** cluster 1 and 2
-0.049 0.514 -0.326 -0.169 -0.773 -0.035

**** cluster 1 and 3
-0.194 0.21 -0.755 -0.451 0.357 0.132

**** cluster 1 and 4
0.386 0.575 -0.708 0.105 0.086 0.007

**** cluster 1 and 5
-0.751 0.504 0.095 -0.21 0.358 0.007

**** cluster 2 and 3
-0.129 -0.229 -0.045 -0.277 0.923 0.004

**** cluster 2 and 4
0.607 0.027 -0.065 0.377 0.695 0.038

**** cluster 2 and 5
-0.455 -0.049 0.274 0.032 0.844 -0.05

**** cluster 3 and 4
0.805 0.298 -0.002 0.513 0.006 0.006

**** cluster 3 and 5
-0.572 0.329 0.597 0.321 0.32 -0.06

**** cluster 4 and 5
-0.898 0.116 0.354 -0.129 0.192 -0.036
