
 Log information for the data set datasetJLG2v2nv10out0_2.dat >>

 alpha = 0.05 sepVal = 0.01

 Number of clusters >> 2

 cluster sizes >>
50 50

 Number of data points >> 100

 Number of dimensions >> 12

 Number of noisy dimensions >> 10

 noisy variables >>
1 2 3 4 5 8 9 10 11 12

 Number of outliers >> 0

 initial eigenvalues for each cluster >> 
 (rows correspond to clusters)
6.846 9.389
8.284 9.498

 Mean vectors and covariance matrices before rotation --- 1th cluster >>

 mean vector (mu'=Q*mu)>>
-5.698 0 0 0 0 0 0 0 0 0 0 0

 covariance matrix (Sigma'=Q*Sigma*t(Q))>>

6.863 -0.204 0 0 0 0 0 0 0 0 0 0
-0.204 9.373 0 0 0 0 0 0 0 0 0 0
0 0 31.574 0.029 0.889 3.257 3.485 0.33 0.144 7.412 -0.775 1.334
0 0 0.029 34.666 0.197 0.367 0.51 0.081 0.02 0.843 0.15 0.204
0 0 0.889 0.197 31.547 0.728 1.109 0.198 0.042 1.68 0.49 0.448
0 0 3.257 0.367 0.728 16.272 1.475 0.315 0.055 1.853 1.066 0.608
0 0 3.485 0.51 1.109 1.475 28.849 0.473 0.092 3.415 1.384 0.994
0 0 0.33 0.081 0.198 0.315 0.473 31.75 0.018 0.726 0.2 0.191
0 0 0.144 0.02 0.042 0.055 0.092 0.018 25.065 0.126 0.055 0.038
0 0 7.412 0.843 1.68 1.853 3.415 0.726 0.126 20.578 2.442 1.408
0 0 -0.775 0.15 0.49 1.066 1.384 0.2 0.055 2.442 36.838 0.547
0 0 1.334 0.204 0.448 0.608 0.994 0.191 0.038 1.408 0.547 27.605

 Mean vectors and covariance matrices before rotation --- 2th cluster >>

 mean vector (mu'=Q*mu)>>
5.698 0 0 0 0 0 0 0 0 0 0 0

 covariance matrix (Sigma'=Q*Sigma*t(Q))>>

9.492 -0.083 0 0 0 0 0 0 0 0 0 0
-0.083 8.29 0 0 0 0 0 0 0 0 0 0
0 0 31.574 0.029 0.889 3.257 3.485 0.33 0.144 7.412 -0.775 1.334
0 0 0.029 34.666 0.197 0.367 0.51 0.081 0.02 0.843 0.15 0.204
0 0 0.889 0.197 31.547 0.728 1.109 0.198 0.042 1.68 0.49 0.448
0 0 3.257 0.367 0.728 16.272 1.475 0.315 0.055 1.853 1.066 0.608
0 0 3.485 0.51 1.109 1.475 28.849 0.473 0.092 3.415 1.384 0.994
0 0 0.33 0.081 0.198 0.315 0.473 31.75 0.018 0.726 0.2 0.191
0 0 0.144 0.02 0.042 0.055 0.092 0.018 25.065 0.126 0.055 0.038
0 0 7.412 0.843 1.68 1.853 3.415 0.726 0.126 20.578 2.442 1.408
0 0 -0.775 0.15 0.49 1.066 1.384 0.2 0.055 2.442 36.838 0.547
0 0 1.334 0.204 0.448 0.608 0.994 0.191 0.038 1.408 0.547 27.605

 Final eigenvalues for each cluster >> 
 (rows correspond to clusters)
40.393 36.602 34.595 31.667 31.078 27.201 26.409 25.062 16.261 15.477 9.389 6.846
40.393 36.602 34.595 31.667 31.078 27.201 26.409 25.062 16.261 15.477 9.498 8.284

 *************************************************

 ********************* rotation ******************

 *************************************************


 The orthogonal matrix Q >>
0.936 0.352
0.352 -0.936

 Mean vectors and covariance matrices after rotation --- 1th cluster >>

 mean vector (mu'=Q*mu)>>
0 0 0 0 0 -5.334 -2.005 0 0 0 0 0

 covariance matrix (Sigma'=Q*Sigma*t(Q))>>

25.065 0.038 0.042 0.092 0.02 0 0 0.126 0.018 0.055 0.055 0.144
0.038 27.605 0.448 0.994 0.204 0 0 1.408 0.191 0.547 0.608 1.334
0.042 0.448 31.547 1.109 0.197 0 0 1.68 0.198 0.49 0.728 0.889
0.092 0.994 1.109 28.849 0.51 0 0 3.415 0.473 1.384 1.475 3.485
0.02 0.204 0.197 0.51 34.666 0 0 0.843 0.081 0.15 0.367 0.029
0 0 0 0 0 7.039 -0.673 0 0 0 0 0
0 0 0 0 0 -0.673 9.197 0 0 0 0 0
0.126 1.408 1.68 3.415 0.843 0 0 20.578 0.726 2.442 1.853 7.412
0.018 0.191 0.198 0.473 0.081 0 0 0.726 31.75 0.2 0.315 0.33
0.055 0.547 0.49 1.384 0.15 0 0 2.442 0.2 36.838 1.066 -0.775
0.055 0.608 0.728 1.475 0.367 0 0 1.853 0.315 1.066 16.272 3.257
0.144 1.334 0.889 3.485 0.029 0 0 7.412 0.33 -0.775 3.257 31.574

 Mean vectors and covariance matrices after rotation --- 2th cluster >>

 mean vector (mu'=Q*mu)>>
0 0 0 0 0 5.334 2.005 0 0 0 0 0

 covariance matrix (Sigma'=Q*Sigma*t(Q))>>

25.065 0.038 0.042 0.092 0.02 0 0 0.126 0.018 0.055 0.055 0.144
0.038 27.605 0.448 0.994 0.204 0 0 1.408 0.191 0.547 0.608 1.334
0.042 0.448 31.547 1.109 0.197 0 0 1.68 0.198 0.49 0.728 0.889
0.092 0.994 1.109 28.849 0.51 0 0 3.415 0.473 1.384 1.475 3.485
0.02 0.204 0.197 0.51 34.666 0 0 0.843 0.081 0.15 0.367 0.029
0 0 0 0 0 9.289 0.458 0 0 0 0 0
0 0 0 0 0 0.458 8.493 0 0 0 0 0
0.126 1.408 1.68 3.415 0.843 0 0 20.578 0.726 2.442 1.853 7.412
0.018 0.191 0.198 0.473 0.081 0 0 0.726 31.75 0.2 0.315 0.33
0.055 0.547 0.49 1.384 0.15 0 0 2.442 0.2 36.838 1.066 -0.775
0.055 0.608 0.728 1.475 0.367 0 0 1.853 0.315 1.066 16.272 3.257
0.144 1.334 0.889 3.485 0.029 0 0 7.412 0.33 -0.775 3.257 31.574

 Final eigenvalues for each cluster >> 
 (rows correspond to clusters)
40.393 36.602 34.595 31.667 31.078 27.201 26.409 25.062 16.261 15.477 9.389 6.846
40.393 36.602 34.595 31.667 31.078 27.201 26.409 25.062 16.261 15.477 9.498 8.284

 theoretical Separation index matrix >>

-1 0.01
0.01 -1

 theoretical projection directions >>

**** cluster 1 and 2
0 0 0 0 0 0.942 0.336 0 0 0 0 0

 empirical Separation index matrix (alpha= 0.05 )>>

-1 0.065
0.065 -1

 empirical projection directions >>

**** cluster 1 and 2
0.035 0.044 -0.039 0.068 -0.049 -0.986 -0.121 0.024 0.003 -0.003 -0.039 -0.015
