
 Log information for the data set datasetJHG3v10nv1out0_1.dat >>

 alpha = 0.05 sepVal = 0.34

 Number of clusters >> 3

 cluster sizes >>
50 50 50

 Number of data points >> 150

 Number of dimensions >> 11

 Number of noisy dimensions >> 1

 noisy variables >>
4

 Number of outliers >> 0

 initial eigenvalues for each cluster >> 
 (rows correspond to clusters)
8.152 8.654 3.802 3.921 7.176 7.646 1.609 1.504 7.009 1.136
7.938 5.773 8.032 5.217 4.8 9.358 3.539 2.726 4.614 8.684
5.326 2.971 5.748 1.593 5.582 3.819 5.601 9.369 3.092 5.432

 Mean vectors and covariance matrices before rotation --- 1th cluster >>

 mean vector (mu'=Q*mu)>>
-9.394 0 0 0 0 0 0 0 0 0 3.536

 covariance matrix (Sigma'=Q*Sigma*t(Q))>>

7.046 -0.666 0.333 0.116 0.013 -0.132 1.828 0.837 0.173 0.01 0
-0.666 8.313 0.106 0.037 -0.009 -0.132 0.617 0.283 -0.029 0.003 0
0.333 0.106 3.852 0.018 0.022 0.123 0.217 0.099 0.16 0.001 0
0.116 0.037 0.018 3.927 0.008 0.043 0.077 0.035 0.056 0 0
0.013 -0.009 0.022 0.008 7.18 0.016 0.109 0.05 0.034 0.001 0
-0.132 -0.132 0.123 0.043 0.016 7.677 0.645 0.295 0.139 0.003 0
1.828 0.617 0.217 0.077 0.109 0.645 2.508 0.408 0.796 0.005 0
0.837 0.283 0.099 0.035 0.05 0.295 0.408 1.689 0.364 0.002 0
0.173 -0.029 0.16 0.056 0.034 0.139 0.796 0.364 7.28 0.004 0
0.01 0.003 0.001 0 0.001 0.003 0.005 0.002 0.004 1.136 0
0 0 0 0 0 0 0 0 0 0 35.54

 Mean vectors and covariance matrices before rotation --- 2th cluster >>

 mean vector (mu'=Q*mu)>>
9.394 0 0 0 0 0 0 0 0 0 3.536

 covariance matrix (Sigma'=Q*Sigma*t(Q))>>

5.9 0.136 -0.504 0.424 0.342 -0.199 1.233 0.415 0.594 -1.134 0
0.136 5.947 0.026 0.305 0.198 -0.014 0.516 0.156 0.321 -0.029 0
-0.504 0.026 7.908 0.09 0.075 -0.048 0.279 0.095 0.131 -0.276 0
0.424 0.305 0.09 5.736 0.331 -0.008 0.833 0.248 0.532 0.046 0
0.342 0.198 0.075 0.331 5.009 0 0.516 0.152 0.335 0.064 0
-0.199 -0.014 -0.048 -0.008 0 9.343 0.031 0.013 0.004 -0.095 0
1.233 0.516 0.279 0.833 0.516 0.031 4.75 0.349 0.819 0.345 0
0.415 0.156 0.095 0.248 0.152 0.013 0.349 2.826 0.241 0.126 0
0.594 0.321 0.131 0.532 0.335 0.004 0.819 0.241 5.151 0.125 0
-1.134 -0.029 -0.276 0.046 0.064 -0.095 0.345 0.126 0.125 8.112 0
0 0 0 0 0 0 0 0 0 0 35.54

 Mean vectors and covariance matrices before rotation --- 3th cluster >>

 mean vector (mu'=Q*mu)>>
0 16.27 0 0 0 0 0 0 0 0 3.536

 covariance matrix (Sigma'=Q*Sigma*t(Q))>>

5.388 0.371 -0.216 0.625 -0.255 0.155 -0.223 -1.227 1.16 -0.043 0
0.371 3.412 0.049 0.116 0.083 0.052 0.069 -0.062 0.286 0.02 0
-0.216 0.049 6.373 0.092 -0.074 0.017 -0.063 -0.227 0.152 -0.014 0
0.625 0.116 0.092 1.927 0.148 0.072 0.124 -0.02 0.379 0.035 0
-0.255 0.083 -0.074 0.148 6.151 0.031 -0.081 -0.332 0.256 -0.017 0
0.155 0.052 0.017 0.072 0.031 4.3 0.026 -0.064 0.166 0.008 0
-0.223 0.069 -0.063 0.124 -0.081 0.026 6.195 -0.282 0.215 -0.015 0
-1.227 -0.062 -0.227 -0.02 -0.332 -0.064 -0.282 10.085 -0.22 -0.073 0
1.16 0.286 0.152 0.379 0.256 0.166 0.215 -0.22 4.385 0.063 0
-0.043 0.02 -0.014 0.035 -0.017 0.008 -0.015 -0.073 0.063 6.073 0
0 0 0 0 0 0 0 0 0 0 35.54

 Final eigenvalues for each cluster >> 
 (rows correspond to clusters)
35.54 8.654 8.152 7.646 7.176 7.009 3.921 3.802 1.609 1.504 1.136
35.54 9.358 8.684 8.032 7.938 5.773 5.217 4.8 4.614 3.539 2.726
35.54 10.48 6.43 6.265 6.245 6.077 5.957 4.272 3.459 3.323 1.782

 *************************************************

 ********************* rotation ******************

 *************************************************


 The orthogonal matrix Q >>
0.455 0.228 0.024 0.452 0.066 0.151 0.267 0.468 0.467 0.023
0.228 -0.964 0.004 0.071 0.01 0.024 0.042 0.073 0.073 0.004
0.024 0.004 -1 0.008 0.001 0.003 0.004 0.008 0.008 0
0.452 0.071 0.008 -0.86 0.02 0.047 0.083 0.145 0.145 0.007
0.066 0.01 0.001 0.02 -0.997 0.007 0.012 0.021 0.021 0.001
0.151 0.024 0.003 0.047 0.007 -0.984 0.028 0.049 0.048 0.002
0.267 0.042 0.004 0.083 0.012 0.028 -0.951 0.086 0.086 0.004
0.468 0.073 0.008 0.145 0.021 0.049 0.086 -0.85 0.15 0.007
0.467 0.073 0.008 0.145 0.021 0.048 0.086 0.15 -0.85 0.007
0.023 0.004 0 0.007 0.001 0.002 0.004 0.007 0.007 -1

 Mean vectors and covariance matrices after rotation --- 1th cluster >>

 mean vector (mu'=Q*mu)>>
-0.215 -4.246 -4.392 3.536 -0.618 -2.146 -1.418 -4.386 -4.275 -0.23 -2.512

 covariance matrix (Sigma'=Q*Sigma*t(Q))>>

1.14 0.061 0.059 0 0.005 0.031 0.013 0.035 0.132 -0.007 -0.007
0.061 4.77 0.806 0 0.047 0.404 0.12 0.309 1.403 -0.154 -0.35
0.059 0.806 2.382 0 0.076 0.612 0.34 0.52 1.844 -0.084 -0.094
0 0 0 35.54 0 0 0 0 0 0 0
0.005 0.047 0.076 0 7.173 0.003 -0.001 -0.016 -0.069 -0.008 -0.002
0.031 0.404 0.612 0 0.003 8.468 -0.113 0.037 -0.205 0.016 0.366
0.013 0.12 0.34 0 -0.001 -0.113 7.634 0.011 -0.362 0.055 0.38
0.035 0.309 0.52 0 -0.016 0.037 0.011 6.902 -0.487 -0.051 -0.011
0.132 1.403 1.844 0 -0.069 -0.205 -0.362 -0.487 6.6 -0.298 -0.393
-0.007 -0.154 -0.084 0 -0.008 0.016 0.055 -0.051 -0.298 3.831 0.066
-0.007 -0.35 -0.094 0 -0.002 0.366 0.38 -0.011 -0.393 0.066 1.707

 Mean vectors and covariance matrices after rotation --- 2th cluster >>

 mean vector (mu'=Q*mu)>>
0.215 4.246 4.392 3.536 0.618 2.146 1.418 4.386 4.275 0.23 2.512

 covariance matrix (Sigma'=Q*Sigma*t(Q))>>

8.156 0.475 0.597 0 0.114 0.187 0.051 0.569 0.294 -0.244 0.57
0.475 5.287 0.321 0 0.01 0.047 -0.105 0.092 -0.101 0.231 -0.009
0.597 0.321 3.457 0 -0.102 0.161 0.093 0.34 1.601 0.27 -0.204
0 0 0 35.54 0 0 0 0 0 0 0
0.114 0.01 -0.102 0 4.925 0.031 -0.099 0.007 -0.559 0.082 0.242
0.187 0.047 0.161 0 0.031 5.801 -0.073 0.066 -0.229 0.095 0.072
0.051 -0.105 0.093 0 -0.099 -0.073 9.328 -0.088 -0.202 0.002 -0.219
0.569 0.092 0.34 0 0.007 0.066 -0.088 4.72 0.127 0.278 -0.037
0.294 -0.101 1.601 0 -0.559 -0.229 -0.202 0.127 7.171 0 -0.934
-0.244 0.231 0.27 0 0.082 0.095 0.002 0.278 0 7.924 0.331
0.57 -0.009 -0.204 0 0.242 0.072 -0.219 -0.037 -0.934 0.331 3.91

 Mean vectors and covariance matrices after rotation --- 3th cluster >>

 mean vector (mu'=Q*mu)>>
0.059 1.154 1.194 3.536 0.168 -15.687 0.386 1.192 3.716 0.062 0.683

 covariance matrix (Sigma'=Q*Sigma*t(Q))>>

6.075 0.057 -0.059 0 -0.011 0.024 0.011 0.057 0.004 -0.009 -0.005
0.057 2.276 0.159 0 0.27 0.143 0.096 0.158 1.26 0.195 0.279
-0.059 0.159 10.081 0 -0.231 -0.127 -0.1 -0.638 -1.158 -0.131 -0.23
0 0 0 35.54 0 0 0 0 0 0 0
-0.011 0.27 -0.231 0 6.18 0.123 0.058 0.298 0.069 -0.055 -0.016
0.024 0.143 -0.127 0 0.123 3.349 0.014 0.019 0.209 0.093 0.059
0.011 0.096 -0.1 0 0.058 0.014 4.277 -0.004 0.07 0.046 0.023
0.057 0.158 -0.638 0 0.298 0.019 -0.004 3.554 -0.059 0.227 0.03
0.004 1.26 -1.158 0 0.069 0.209 0.07 -0.059 5.857 0.088 -0.014
-0.009 0.195 -0.131 0 -0.055 0.093 0.046 0.227 0.088 6.384 -0.006
-0.005 0.279 -0.23 0 -0.016 0.059 0.023 0.03 -0.014 -0.006 6.256

 Final eigenvalues for each cluster >> 
 (rows correspond to clusters)
35.54 8.654 8.152 7.646 7.176 7.009 3.921 3.802 1.609 1.504 1.136
35.54 9.358 8.684 8.032 7.938 5.773 5.217 4.8 4.614 3.539 2.726
35.54 10.48 6.43 6.265 6.245 6.077 5.957 4.272 3.459 3.323 1.782

 theoretical Separation index matrix >>

-1 0.34 0.34
0.34 -1 0.383
0.34 0.383 -1

 theoretical projection directions >>

**** cluster 1 and 2
-0.11 0.362 0.559 0 0.056 0.107 0.08 0.362 0.233 -0.016 0.582

**** cluster 1 and 3
0.012 0.334 0.243 0 0.029 -0.736 0.073 0.33 0.32 0.023 0.265

**** cluster 2 and 3
0.027 -0.164 -0.11 0 0.002 -0.959 -0.044 -0.183 -0.005 0.021 -0.074

 empirical Separation index matrix (alpha= 0.05 )>>

-1 0.401 0.319
0.401 -1 0.377
0.319 0.377 -1

 empirical projection directions >>

**** cluster 1 and 2
-0.088 0.018 -0.199 0.01 0.017 -0.937 -0.075 -0.252 0.053 -0.014 0.033

**** cluster 1 and 3
0.092 -0.399 -0.439 -0.005 0.033 -0.26 -0.096 -0.402 -0.345 0.037 -0.53

**** cluster 2 and 3
0.04 -0.417 -0.056 0.05 -0.024 0.78 -0.077 -0.267 -0.202 0.021 -0.302
