
 Log information for the data set datasetJHG5v5nv1out0_2.dat >>

 alpha = 0.05 sepVal = 0.34

 Number of clusters >> 5

 cluster sizes >>
50 50 50 50 50

 Number of data points >> 250

 Number of dimensions >> 6

 Number of noisy dimensions >> 1

 noisy variables >>
3

 Number of outliers >> 0

 initial eigenvalues for each cluster >> 
 (rows correspond to clusters)
3.113 1.751 7.833 9.825 1.527
4.319 5.292 3.424 3.775 1.759
9.704 4.204 9.897 3.341 6.169
7.087 3.987 3.484 5.097 8.699
8.208 7.953 6.688 5.614 7.272

 Mean vectors and covariance matrices before rotation --- 1th cluster >>

 mean vector (mu'=Q*mu)>>
-9.677 0 0 0 0 1.055

 covariance matrix (Sigma'=Q*Sigma*t(Q))>>

3.928 1.06 -1.233 -2.339 0.528 0
1.06 2.394 -0.293 -0.64 0.306 0
-1.233 -0.293 7.361 -0.743 -0.12 0
-2.339 -0.64 -0.743 8.694 -0.271 0
0.528 0.306 -0.12 -0.271 1.671 0
0 0 0 0 0 8.031

 Mean vectors and covariance matrices before rotation --- 2th cluster >>

 mean vector (mu'=Q*mu)>>
9.677 0 0 0 0 1.055

 covariance matrix (Sigma'=Q*Sigma*t(Q))>>

5.959 -1.113 0.121 0.197 1.679 0
-1.113 6.568 -0.017 -0.133 0.506 0
0.121 -0.017 4.952 0.049 0.181 0
0.197 -0.133 0.049 5.544 0.486 0
1.679 0.506 0.181 0.486 3.719 0
0 0 0 0 0 8.031

 Mean vectors and covariance matrices before rotation --- 3th cluster >>

 mean vector (mu'=Q*mu)>>
0 16.761 0 0 0 1.055

 covariance matrix (Sigma'=Q*Sigma*t(Q))>>

8.137 0.695 -1.044 2.477 0.825 0
0.695 4.574 0.301 0.574 0.319 0
-1.044 0.301 9.815 1.081 0.342 0
2.477 0.574 1.081 5.326 1.047 0
0.825 0.319 0.342 1.047 6.985 0
0 0 0 0 0 8.031

 Mean vectors and covariance matrices before rotation --- 4th cluster >>

 mean vector (mu'=Q*mu)>>
0 5.587 15.803 0 0 1.055

 covariance matrix (Sigma'=Q*Sigma*t(Q))>>

5.974 0.037 1.646 0.345 -1.767 0
0.037 3.989 0.065 0.027 0.005 0
1.646 0.065 5.993 1.069 0.378 0
0.345 0.027 1.069 5.494 -0.167 0
-1.767 0.005 0.378 -0.167 6.904 0
0 0 0 0 0 8.031

 Mean vectors and covariance matrices before rotation --- 5th cluster >>

 mean vector (mu'=Q*mu)>>
0 5.587 3.951 15.301 0 1.055

 covariance matrix (Sigma'=Q*Sigma*t(Q))>>

7.213 -0.215 0.076 0.782 0.137 0
-0.215 7.919 0.033 0.293 0.105 0
0.076 0.033 6.705 0.104 0.088 0
0.782 0.293 0.104 6.204 0.62 0
0.137 0.105 0.088 0.62 7.694 0
0 0 0 0 0 8.031

 Final eigenvalues for each cluster >> 
 (rows correspond to clusters)
9.825 8.031 7.833 3.113 1.751 1.527
8.031 7.621 6.22 5.437 4.931 2.534
10.349 10.148 8.031 6.451 4.396 3.494
8.699 8.031 7.087 5.097 3.987 3.484
8.208 8.031 7.953 7.272 6.688 5.614

 *************************************************

 ********************* rotation ******************

 *************************************************


 The orthogonal matrix Q >>
0.287 0.732 0.031 0.617 0.011
0.732 -0.583 0.018 0.351 0.006
0.031 0.018 -0.999 0.015 0
0.617 0.351 0.015 -0.704 0.005
0.011 0.006 0 0.005 -1

 Mean vectors and covariance matrices after rotation --- 1th cluster >>

 mean vector (mu'=Q*mu)>>
-0.304 -2.775 1.055 -0.104 -7.086 -5.969

 covariance matrix (Sigma'=Q*Sigma*t(Q))>>

7.465 0.902 0 -0.119 0.917 0.286
0.902 3.901 0 -0.186 0.807 -2.122
0 0 8.031 0 0 0
-0.119 -0.186 0 1.659 -0.102 -0.611
0.917 0.807 0 -0.102 2.115 -0.631
0.286 -2.122 0 -0.611 -0.631 8.908

 Mean vectors and covariance matrices after rotation --- 2th cluster >>

 mean vector (mu'=Q*mu)>>
0.304 2.775 1.055 0.104 7.086 5.969

 covariance matrix (Sigma'=Q*Sigma*t(Q))>>

4.944 -0.048 0 0.111 -0.096 -0.037
-0.048 5.636 0 -1.142 -0.615 -0.187
0 0 8.031 0 0 0
0.111 -1.142 0 3.671 -1.094 -0.868
-0.096 -0.615 0 -1.094 7.24 -0.025
-0.037 -0.187 0 -0.868 -0.025 5.251

 Mean vectors and covariance matrices after rotation --- 3th cluster >>

 mean vector (mu'=Q*mu)>>
0.3 12.273 1.055 0.103 -9.777 5.884

 covariance matrix (Sigma'=Q*Sigma*t(Q))>>

9.836 -0.625 0 0.298 0.6 1.258
-0.625 6.906 0 -1.108 2.488 0.934
0 0 8.031 0 0 0
0.298 -1.108 0 6.952 -0.76 0.113
0.6 2.488 0 -0.76 7.013 0.89
1.258 0.934 0 0.113 0.89 4.129

 Mean vectors and covariance matrices after rotation --- 4th cluster >>

 mean vector (mu'=Q*mu)>>
-15.691 4.588 1.055 0.038 -2.976 2.199

 covariance matrix (Sigma'=Q*Sigma*t(Q))>>

5.855 -1.202 0 0.412 -1.518 -0.298
-1.202 4.95 0 0.578 0.997 -0.215
0 0 8.031 0 0 0
0.412 0.578 0 6.944 1.352 0.957
-1.518 0.997 0 1.352 5.413 0.448
-0.298 -0.215 0 0.957 0.448 5.193

 Mean vectors and covariance matrices after rotation --- 5th cluster >>

 mean vector (mu'=Q*mu)>>
-3.617 13.653 1.055 0.114 2.183 -8.756

 covariance matrix (Sigma'=Q*Sigma*t(Q))>>

6.697 -0.076 0 0.072 -0.059 0.02
-0.076 7.676 0 -0.5 -0.188 0.553
0 0 8.031 0 0 0
0.072 -0.5 0 7.683 -0.26 0.311
-0.059 -0.188 0 -0.26 7.8 0.05
0.02 0.553 0 0.311 0.05 5.879

 Final eigenvalues for each cluster >> 
 (rows correspond to clusters)
9.825 8.031 7.833 3.113 1.751 1.527
8.031 7.621 6.22 5.437 4.931 2.534
10.349 10.148 8.031 6.451 4.396 3.494
8.699 8.031 7.087 5.097 3.987 3.484
8.208 8.031 7.953 7.272 6.688 5.614

 theoretical Separation index matrix >>

-1 0.415 0.413 0.34 0.353
0.415 -1 0.34 0.379 0.34
0.413 0.34 -1 0.341 0.359
0.34 0.379 0.341 -1 0.359
0.353 0.34 0.359 0.359 -1

 theoretical projection directions >>

**** cluster 1 and 2
-0.073 0.382 0 0.383 0.704 0.454

**** cluster 1 and 3
-0.01 0.788 0 0.123 -0.403 0.448

**** cluster 1 and 4
-0.66 0.581 0 -0.026 0.187 0.437

**** cluster 1 and 5
-0.222 0.814 0 0.098 0.526 0.044

**** cluster 2 and 3
0.058 0.589 0 -0.014 -0.806 0.014

**** cluster 2 and 4
-0.834 0.001 0 0.062 -0.514 -0.189

**** cluster 2 and 5
-0.203 0.509 0 0.016 -0.17 -0.819

**** cluster 3 and 4
-0.633 -0.6 0 0.004 0.45 -0.193

**** cluster 3 and 5
-0.072 0.058 0 0.069 0.497 -0.86

**** cluster 4 and 5
0.616 0.467 0 0.003 0.291 -0.564

 empirical Separation index matrix (alpha= 0.05 )>>

-1 0.379 0.376 0.444 0.373
0.379 -1 0.408 0.369 0.347
0.376 0.408 -1 0.368 0.477
0.444 0.369 0.368 -1 0.385
0.373 0.347 0.477 0.385 -1

 empirical projection directions >>

**** cluster 1 and 2
0.654 0.279 0.002 -0.113 0.33 -0.611

**** cluster 1 and 3
0.531 0.645 0.02 0.171 -0.504 0.137

**** cluster 1 and 4
0.827 -0.182 0.01 -0.154 0.483 0.157

**** cluster 1 and 5
0.744 -0.528 -0.007 0.055 -0.053 -0.402

**** cluster 2 and 3
0.011 -0.071 -0.027 0.023 -0.542 0.836

**** cluster 2 and 4
0.413 -0.488 0.16 0.046 0.16 0.733

**** cluster 2 and 5
0.326 -0.757 -0.089 0.048 -0.558 0.005

**** cluster 3 and 4
-0.09 -0.619 -0.003 0.032 0.777 -0.055

**** cluster 3 and 5
-0.1 -0.807 -0.012 -0.075 0.483 -0.317

**** cluster 4 and 5
0.08 -0.246 0.079 -0.42 -0.755 -0.425
