
 Log information for the data set datasetJLG5v2nv10out0_3.dat >>

 alpha = 0.05 sepVal = 0.01

 Number of clusters >> 5

 cluster sizes >>
50 50 50 50 50

 Number of data points >> 250

 Number of dimensions >> 12

 Number of noisy dimensions >> 10

 noisy variables >>
1 2 3 4 5 6 7 8 10 12

 Number of outliers >> 0

 initial eigenvalues for each cluster >> 
 (rows correspond to clusters)
7.835 9.877
8.592 1.768
2.53 7.142
5.528 7.84
8.987 8.323

 Mean vectors and covariance matrices before rotation --- 1th cluster >>

 mean vector (mu'=Q*mu)>>
-5.87 0 4.754 5.221 4.95 4.274 4.257 4.467 5.424 4.444 4.398 5.543

 covariance matrix (Sigma'=Q*Sigma*t(Q))>>

15.103 -1.744 0 0 0 0 0 0 0 0 0 0
-1.744 15.154 0 0 0 0 0 0 0 0 0 0
0 0 62.276 2.78 -5.293 2.109 0.161 3.197 5.792 -8.099 0.524 0.381
0 0 2.78 53.51 -2.528 -0.203 0.004 -0.209 1.317 -3.925 0.109 0.086
0 0 -5.293 -2.528 72.793 -2.997 -0.151 -4.14 -0.647 -7.52 -0.099 -0.046
0 0 2.109 -0.203 -2.997 55.233 -0.013 -0.67 1.209 -4.668 0.095 0.078
0 0 0.161 0.004 -0.151 -0.013 53.618 -0.014 0.077 -0.235 0.006 0.005
0 0 3.197 -0.209 -4.14 -0.67 -0.014 54.507 1.753 -6.444 0.139 0.114
0 0 5.792 1.317 -0.647 1.209 0.077 1.753 40.22 -0.946 0.175 0.122
0 0 -8.099 -3.925 -7.52 -4.668 -0.235 -6.444 -0.946 64.946 -0.149 -0.068
0 0 0.524 0.109 -0.099 0.095 0.006 0.139 0.175 -0.149 41.984 0.012
0 0 0.381 0.086 -0.046 0.078 0.005 0.114 0.122 -0.068 0.012 38.865

 Mean vectors and covariance matrices before rotation --- 2th cluster >>

 mean vector (mu'=Q*mu)>>
5.87 0 4.754 5.221 4.95 4.274 4.257 4.467 5.424 4.444 4.398 5.543

 covariance matrix (Sigma'=Q*Sigma*t(Q))>>

4.407 3.324 0 0 0 0 0 0 0 0 0 0
3.324 5.953 0 0 0 0 0 0 0 0 0 0
0 0 62.276 2.78 -5.293 2.109 0.161 3.197 5.792 -8.099 0.524 0.381
0 0 2.78 53.51 -2.528 -0.203 0.004 -0.209 1.317 -3.925 0.109 0.086
0 0 -5.293 -2.528 72.793 -2.997 -0.151 -4.14 -0.647 -7.52 -0.099 -0.046
0 0 2.109 -0.203 -2.997 55.233 -0.013 -0.67 1.209 -4.668 0.095 0.078
0 0 0.161 0.004 -0.151 -0.013 53.618 -0.014 0.077 -0.235 0.006 0.005
0 0 3.197 -0.209 -4.14 -0.67 -0.014 54.507 1.753 -6.444 0.139 0.114
0 0 5.792 1.317 -0.647 1.209 0.077 1.753 40.22 -0.946 0.175 0.122
0 0 -8.099 -3.925 -7.52 -4.668 -0.235 -6.444 -0.946 64.946 -0.149 -0.068
0 0 0.524 0.109 -0.099 0.095 0.006 0.139 0.175 -0.149 41.984 0.012
0 0 0.381 0.086 -0.046 0.078 0.005 0.114 0.122 -0.068 0.012 38.865

 Mean vectors and covariance matrices before rotation --- 3th cluster >>

 mean vector (mu'=Q*mu)>>
0 10.167 4.754 5.221 4.95 4.274 4.257 4.467 5.424 4.444 4.398 5.543

 covariance matrix (Sigma'=Q*Sigma*t(Q))>>

8.244 -4.035 0 0 0 0 0 0 0 0 0 0
-4.035 8.709 0 0 0 0 0 0 0 0 0 0
0 0 62.276 2.78 -5.293 2.109 0.161 3.197 5.792 -8.099 0.524 0.381
0 0 2.78 53.51 -2.528 -0.203 0.004 -0.209 1.317 -3.925 0.109 0.086
0 0 -5.293 -2.528 72.793 -2.997 -0.151 -4.14 -0.647 -7.52 -0.099 -0.046
0 0 2.109 -0.203 -2.997 55.233 -0.013 -0.67 1.209 -4.668 0.095 0.078
0 0 0.161 0.004 -0.151 -0.013 53.618 -0.014 0.077 -0.235 0.006 0.005
0 0 3.197 -0.209 -4.14 -0.67 -0.014 54.507 1.753 -6.444 0.139 0.114
0 0 5.792 1.317 -0.647 1.209 0.077 1.753 40.22 -0.946 0.175 0.122
0 0 -8.099 -3.925 -7.52 -4.668 -0.235 -6.444 -0.946 64.946 -0.149 -0.068
0 0 0.524 0.109 -0.099 0.095 0.006 0.139 0.175 -0.149 41.984 0.012
0 0 0.381 0.086 -0.046 0.078 0.005 0.114 0.122 -0.068 0.012 38.865

 Mean vectors and covariance matrices before rotation --- 4th cluster >>

 mean vector (mu'=Q*mu)>>
17.611 0 4.754 5.221 4.95 4.274 4.257 4.467 5.424 4.444 4.398 5.543

 covariance matrix (Sigma'=Q*Sigma*t(Q))>>

7.033 -1.192 0 0 0 0 0 0 0 0 0 0
-1.192 8.121 0 0 0 0 0 0 0 0 0 0
0 0 62.276 2.78 -5.293 2.109 0.161 3.197 5.792 -8.099 0.524 0.381
0 0 2.78 53.51 -2.528 -0.203 0.004 -0.209 1.317 -3.925 0.109 0.086
0 0 -5.293 -2.528 72.793 -2.997 -0.151 -4.14 -0.647 -7.52 -0.099 -0.046
0 0 2.109 -0.203 -2.997 55.233 -0.013 -0.67 1.209 -4.668 0.095 0.078
0 0 0.161 0.004 -0.151 -0.013 53.618 -0.014 0.077 -0.235 0.006 0.005
0 0 3.197 -0.209 -4.14 -0.67 -0.014 54.507 1.753 -6.444 0.139 0.114
0 0 5.792 1.317 -0.647 1.209 0.077 1.753 40.22 -0.946 0.175 0.122
0 0 -8.099 -3.925 -7.52 -4.668 -0.235 -6.444 -0.946 64.946 -0.149 -0.068
0 0 0.524 0.109 -0.099 0.095 0.006 0.139 0.175 -0.149 41.984 0.012
0 0 0.381 0.086 -0.046 0.078 0.005 0.114 0.122 -0.068 0.012 38.865

 Mean vectors and covariance matrices before rotation --- 5th cluster >>

 mean vector (mu'=Q*mu)>>
11.74 10.167 4.754 5.221 4.95 4.274 4.257 4.467 5.424 4.444 4.398 5.543

 covariance matrix (Sigma'=Q*Sigma*t(Q))>>

8.671 0.332 0 0 0 0 0 0 0 0 0 0
0.332 8.639 0 0 0 0 0 0 0 0 0 0
0 0 62.276 2.78 -5.293 2.109 0.161 3.197 5.792 -8.099 0.524 0.381
0 0 2.78 53.51 -2.528 -0.203 0.004 -0.209 1.317 -3.925 0.109 0.086
0 0 -5.293 -2.528 72.793 -2.997 -0.151 -4.14 -0.647 -7.52 -0.099 -0.046
0 0 2.109 -0.203 -2.997 55.233 -0.013 -0.67 1.209 -4.668 0.095 0.078
0 0 0.161 0.004 -0.151 -0.013 53.618 -0.014 0.077 -0.235 0.006 0.005
0 0 3.197 -0.209 -4.14 -0.67 -0.014 54.507 1.753 -6.444 0.139 0.114
0 0 5.792 1.317 -0.647 1.209 0.077 1.753 40.22 -0.946 0.175 0.122
0 0 -8.099 -3.925 -7.52 -4.668 -0.235 -6.444 -0.946 64.946 -0.149 -0.068
0 0 0.524 0.109 -0.099 0.095 0.006 0.139 0.175 -0.149 41.984 0.012
0 0 0.381 0.086 -0.046 0.078 0.005 0.114 0.122 -0.068 0.012 38.865

 Final eigenvalues for each cluster >> 
 (rows correspond to clusters)
77.556 76.814 55.769 55.331 53.618 53.426 46.239 41.968 38.857 38.374 16.873 13.384
77.556 76.814 55.769 55.331 53.618 53.426 46.239 41.968 38.857 38.374 8.592 1.768
77.556 76.814 55.769 55.331 53.618 53.426 46.239 41.968 38.857 38.374 12.518 4.434
77.556 76.814 55.769 55.331 53.618 53.426 46.239 41.968 38.857 38.374 8.888 6.266
77.556 76.814 55.769 55.331 53.618 53.426 46.239 41.968 38.857 38.374 8.987 8.323

 *************************************************

 ********************* rotation ******************

 *************************************************


 The orthogonal matrix Q >>
0.609 0.793
0.793 -0.609

 Mean vectors and covariance matrices after rotation --- 1th cluster >>

 mean vector (mu'=Q*mu)>>
4.274 5.221 4.95 4.257 4.467 4.444 4.398 5.424 -4.656 5.543 -3.575 4.754

 covariance matrix (Sigma'=Q*Sigma*t(Q))>>

55.233 -0.203 -2.997 -0.013 -0.67 -4.668 0.095 1.209 0 0.078 0 2.109
-0.203 53.51 -2.528 0.004 -0.209 -3.925 0.109 1.317 0 0.086 0 2.78
-2.997 -2.528 72.793 -0.151 -4.14 -7.52 -0.099 -0.647 0 -0.046 0 -5.293
-0.013 0.004 -0.151 53.618 -0.014 -0.235 0.006 0.077 0 0.005 0 0.161
-0.67 -0.209 -4.14 -0.014 54.507 -6.444 0.139 1.753 0 0.114 0 3.197
-4.668 -3.925 -7.52 -0.235 -6.444 64.946 -0.149 -0.946 0 -0.068 0 -8.099
0.095 0.109 -0.099 0.006 0.139 -0.149 41.984 0.175 0 0.012 0 0.524
1.209 1.317 -0.647 0.077 1.753 -0.946 0.175 40.22 0 0.122 0 5.792
0 0 0 0 0 0 0 0 16.807 0 -0.475 0
0.078 0.086 -0.046 0.005 0.114 -0.068 0.012 0.122 0 38.865 0 0.381
0 0 0 0 0 0 0 0 -0.475 0 13.45 0
2.109 2.78 -5.293 0.161 3.197 -8.099 0.524 5.792 0 0.381 0 62.276

 Mean vectors and covariance matrices after rotation --- 2th cluster >>

 mean vector (mu'=Q*mu)>>
4.274 5.221 4.95 4.257 4.467 4.444 4.398 5.424 4.656 5.543 3.575 4.754

 covariance matrix (Sigma'=Q*Sigma*t(Q))>>

55.233 -0.203 -2.997 -0.013 -0.67 -4.668 0.095 1.209 0 0.078 0 2.109
-0.203 53.51 -2.528 0.004 -0.209 -3.925 0.109 1.317 0 0.086 0 2.78
-2.997 -2.528 72.793 -0.151 -4.14 -7.52 -0.099 -0.647 0 -0.046 0 -5.293
-0.013 0.004 -0.151 53.618 -0.014 -0.235 0.006 0.077 0 0.005 0 0.161
-0.67 -0.209 -4.14 -0.014 54.507 -6.444 0.139 1.753 0 0.114 0 3.197
-4.668 -3.925 -7.52 -0.235 -6.444 64.946 -0.149 -0.946 0 -0.068 0 -8.099
0.095 0.109 -0.099 0.006 0.139 -0.149 41.984 0.175 0 0.012 0 0.524
1.209 1.317 -0.647 0.077 1.753 -0.946 0.175 40.22 0 0.122 0 5.792
0 0 0 0 0 0 0 0 1.77 0 0.111 0
0.078 0.086 -0.046 0.005 0.114 -0.068 0.012 0.122 0 38.865 0 0.381
0 0 0 0 0 0 0 0 0.111 0 8.591 0
2.109 2.78 -5.293 0.161 3.197 -8.099 0.524 5.792 0 0.381 0 62.276

 Mean vectors and covariance matrices after rotation --- 3th cluster >>

 mean vector (mu'=Q*mu)>>
4.274 5.221 4.95 4.257 4.467 4.444 4.398 5.424 -6.193 5.543 8.064 4.754

 covariance matrix (Sigma'=Q*Sigma*t(Q))>>

55.233 -0.203 -2.997 -0.013 -0.67 -4.668 0.095 1.209 0 0.078 0 2.109
-0.203 53.51 -2.528 0.004 -0.209 -3.925 0.109 1.317 0 0.086 0 2.78
-2.997 -2.528 72.793 -0.151 -4.14 -7.52 -0.099 -0.647 0 -0.046 0 -5.293
-0.013 0.004 -0.151 53.618 -0.014 -0.235 0.006 0.077 0 0.005 0 0.161
-0.67 -0.209 -4.14 -0.014 54.507 -6.444 0.139 1.753 0 0.114 0 3.197
-4.668 -3.925 -7.52 -0.235 -6.444 64.946 -0.149 -0.946 0 -0.068 0 -8.099
0.095 0.109 -0.099 0.006 0.139 -0.149 41.984 0.175 0 0.012 0 0.524
1.209 1.317 -0.647 0.077 1.753 -0.946 0.175 40.22 0 0.122 0 5.792
0 0 0 0 0 0 0 0 12.315 0 -1.266 0
0.078 0.086 -0.046 0.005 0.114 -0.068 0.012 0.122 0 38.865 0 0.381
0 0 0 0 0 0 0 0 -1.266 0 4.638 0
2.109 2.78 -5.293 0.161 3.197 -8.099 0.524 5.792 0 0.381 0 62.276

 Mean vectors and covariance matrices after rotation --- 4th cluster >>

 mean vector (mu'=Q*mu)>>
4.274 5.221 4.95 4.257 4.467 4.444 4.398 5.424 13.967 5.543 10.726 4.754

 covariance matrix (Sigma'=Q*Sigma*t(Q))>>

55.233 -0.203 -2.997 -0.013 -0.67 -4.668 0.095 1.209 0 0.078 0 2.109
-0.203 53.51 -2.528 0.004 -0.209 -3.925 0.109 1.317 0 0.086 0 2.78
-2.997 -2.528 72.793 -0.151 -4.14 -7.52 -0.099 -0.647 0 -0.046 0 -5.293
-0.013 0.004 -0.151 53.618 -0.014 -0.235 0.006 0.077 0 0.005 0 0.161
-0.67 -0.209 -4.14 -0.014 54.507 -6.444 0.139 1.753 0 0.114 0 3.197
-4.668 -3.925 -7.52 -0.235 -6.444 64.946 -0.149 -0.946 0 -0.068 0 -8.099
0.095 0.109 -0.099 0.006 0.139 -0.149 41.984 0.175 0 0.012 0 0.524
1.209 1.317 -0.647 0.077 1.753 -0.946 0.175 40.22 0 0.122 0 5.792
0 0 0 0 0 0 0 0 8.589 0 -0.833 0
0.078 0.086 -0.046 0.005 0.114 -0.068 0.012 0.122 0 38.865 0 0.381
0 0 0 0 0 0 0 0 -0.833 0 6.565 0
2.109 2.78 -5.293 0.161 3.197 -8.099 0.524 5.792 0 0.381 0 62.276

 Mean vectors and covariance matrices after rotation --- 5th cluster >>

 mean vector (mu'=Q*mu)>>
4.274 5.221 4.95 4.257 4.467 4.444 4.398 5.424 3.118 5.543 15.215 4.754

 covariance matrix (Sigma'=Q*Sigma*t(Q))>>

55.233 -0.203 -2.997 -0.013 -0.67 -4.668 0.095 1.209 0 0.078 0 2.109
-0.203 53.51 -2.528 0.004 -0.209 -3.925 0.109 1.317 0 0.086 0 2.78
-2.997 -2.528 72.793 -0.151 -4.14 -7.52 -0.099 -0.647 0 -0.046 0 -5.293
-0.013 0.004 -0.151 53.618 -0.014 -0.235 0.006 0.077 0 0.005 0 0.161
-0.67 -0.209 -4.14 -0.014 54.507 -6.444 0.139 1.753 0 0.114 0 3.197
-4.668 -3.925 -7.52 -0.235 -6.444 64.946 -0.149 -0.946 0 -0.068 0 -8.099
0.095 0.109 -0.099 0.006 0.139 -0.149 41.984 0.175 0 0.012 0 0.524
1.209 1.317 -0.647 0.077 1.753 -0.946 0.175 40.22 0 0.122 0 5.792
0 0 0 0 0 0 0 0 8.338 0 0.101 0
0.078 0.086 -0.046 0.005 0.114 -0.068 0.012 0.122 0 38.865 0 0.381
0 0 0 0 0 0 0 0 0.101 0 8.971 0
2.109 2.78 -5.293 0.161 3.197 -8.099 0.524 5.792 0 0.381 0 62.276

 Final eigenvalues for each cluster >> 
 (rows correspond to clusters)
77.556 76.814 55.769 55.331 53.618 53.426 46.239 41.968 38.857 38.374 16.873 13.384
77.556 76.814 55.769 55.331 53.618 53.426 46.239 41.968 38.857 38.374 8.592 1.768
77.556 76.814 55.769 55.331 53.618 53.426 46.239 41.968 38.857 38.374 12.518 4.434
77.556 76.814 55.769 55.331 53.618 53.426 46.239 41.968 38.857 38.374 8.888 6.266
77.556 76.814 55.769 55.331 53.618 53.426 46.239 41.968 38.857 38.374 8.987 8.323

 theoretical Separation index matrix >>

-1 0.01 0.01 0.298 0.217
0.01 -1 0.086 0.129 0.01
0.01 0.086 -1 0.252 0.028
0.298 0.129 0.252 -1 0.01
0.217 0.01 0.028 0.01 -1

 theoretical projection directions >>

**** cluster 1 and 2
0 0 0 0 0 0 0 0 0.897 0 0.443 0

**** cluster 1 and 3
0 0 0 0 0 0 0 0 -0.005 0 1 0

**** cluster 1 and 4
0 0 0 0 0 0 0 0 0.709 0 0.706 0

**** cluster 1 and 5
0 0 0 0 0 0 0 0 0.359 0 0.933 0

**** cluster 2 and 3
0 0 0 0 0 0 0 0 -0.974 0 0.227 0

**** cluster 2 and 4
0 0 0 0 0 0 0 0 0.91 0 0.414 0

**** cluster 2 and 5
0 0 0 0 0 0 0 0 -0.246 0 0.969 0

**** cluster 3 and 4
0 0 0 0 0 0 0 0 0.924 0 0.381 0

**** cluster 3 and 5
0 0 0 0 0 0 0 0 0.634 0 0.773 0

**** cluster 4 and 5
0 0 0 0 0 0 0 0 -0.925 0 0.38 0

 empirical Separation index matrix (alpha= 0.05 )>>

-1 0.257 0.042 0.031 0.139
0.257 -1 0.069 0.053 0.354
0.042 0.069 -1 0.173 0.242
0.031 0.053 0.173 -1 0.333
0.139 0.354 0.242 0.333 -1

 empirical projection directions >>

**** cluster 1 and 2
0.062 0.019 -0.015 -0.005 -0.115 0 -0.026 -0.043 -0.39 0.059 -0.906 0.06

**** cluster 1 and 3
0.008 0.046 -0.03 0.02 -0.037 0.044 -0.009 0.021 0.298 0.063 -0.949 0.008

**** cluster 1 and 4
0.068 0.007 0.046 -0.026 -0.041 0.055 0.035 -0.017 -0.735 -0.024 -0.667 0.012

**** cluster 1 and 5
-0.044 0.058 -0.049 0.039 0.055 -0.016 -0.045 -0.017 0.957 0.115 -0.237 0.011

**** cluster 2 and 3
0.008 -0.004 0.05 -0.015 0.016 0.032 -0.023 -0.007 0.908 -0.077 0.403 0.043

**** cluster 2 and 4
-0.049 -0.012 -0.011 0.004 0.032 0.024 0.128 0.013 -0.123 -0.058 0.979 -0.047

**** cluster 2 and 5
0.016 0.016 -0.034 0.065 0.023 0.007 -0.025 -0.001 0.694 -0.067 0.712 -0.004

**** cluster 3 and 4
-0.001 -0.008 0.016 -0.018 0.025 -0.001 -0.002 -0.041 -0.961 -0.007 0.268 -0.032

**** cluster 3 and 5
-0.004 0.008 -0.024 0.024 -0.012 -0.006 -0.029 -0.02 0.915 -0.028 0.398 0.014

**** cluster 4 and 5
-0.001 0.029 -0.081 0.063 -0.025 -0.054 -0.038 -0.015 0.971 0.034 0.188 0.066
