
 Log information for the data set datasetJMG2v10nv1out0_3.dat >>

 alpha = 0.05 sepVal = 0.21

 Number of clusters >> 2

 cluster sizes >>
50 50

 Number of data points >> 100

 Number of dimensions >> 11

 Number of noisy dimensions >> 1

 noisy variables >>
10

 Number of outliers >> 0

 initial eigenvalues for each cluster >> 
 (rows correspond to clusters)
1.141 8.786 1.977 8.14 9.368 6.213 5.615 6.587 8.922 8.536
6.067 9.905 8.715 7.972 5.333 4.26 7.055 1.089 3.307 5.33

 Mean vectors and covariance matrices before rotation --- 1th cluster >>

 mean vector (mu'=Q*mu)>>
-7.183 0 0 0 0 0 0 0 0 0 0

 covariance matrix (Sigma'=Q*Sigma*t(Q))>>

7.289 -0.705 0.666 -0.928 -0.725 -0.001 0.275 -0.103 -1.382 -0.148 0
-0.705 8.156 -0.121 -1.036 -0.558 -0.24 -0.739 -0.49 -1.188 -0.143 0
0.666 -0.121 2.046 -0.172 -0.119 -0.015 -0.015 -0.043 -0.235 -0.026 0
-0.928 -1.036 -0.172 6.444 -0.921 -0.386 -1.178 -0.79 -1.956 -0.235 0
-0.725 -0.558 -0.119 -0.921 8.875 -0.217 -0.67 -0.44 -1.052 -0.127 0
-0.001 -0.24 -0.015 -0.386 -0.217 6.132 -0.239 -0.17 -0.455 -0.054 0
0.275 -0.739 -0.015 -1.178 -0.67 -0.239 4.925 -0.503 -1.402 -0.166 0
-0.103 -0.49 -0.043 -0.79 -0.44 -0.17 -0.503 6.236 -0.927 -0.11 0
-1.382 -1.188 -0.235 -1.956 -1.052 -0.455 -1.402 -0.927 6.681 -0.27 0
-0.148 -0.143 -0.026 -0.235 -0.127 -0.054 -0.166 -0.11 -0.27 8.504 0
0 0 0 0 0 0 0 0 0 0 26.065

 Mean vectors and covariance matrices before rotation --- 2th cluster >>

 mean vector (mu'=Q*mu)>>
7.183 0 0 0 0 0 0 0 0 0 0

 covariance matrix (Sigma'=Q*Sigma*t(Q))>>

5.49 -1.636 -0.469 -0.651 0.04 0.244 -0.142 2.062 0.474 0.17 0
-1.636 9.07 -0.283 -0.464 -0.112 -0.113 -0.144 0.089 -0.08 -0.472 0
-0.469 -0.283 8.621 -0.149 -0.029 -0.023 -0.044 0.093 -0.006 -0.124 0
-0.651 -0.464 -0.149 7.739 -0.037 -0.017 -0.066 0.236 0.018 -0.155 0
0.04 -0.112 -0.029 -0.037 5.344 0.031 -0.006 0.198 0.051 0.045 0
0.244 -0.113 -0.023 -0.017 0.031 4.327 0.005 0.346 0.101 0.13 0
-0.142 -0.144 -0.044 -0.066 -0.006 0.005 7.038 0.115 0.02 -0.023 0
2.062 0.089 0.093 0.236 0.198 0.346 0.115 2.434 0.461 0.837 0
0.474 -0.08 -0.006 0.018 0.051 0.101 0.02 0.461 3.45 0.217 0
0.17 -0.472 -0.124 -0.155 0.045 0.13 -0.023 0.837 0.217 5.519 0
0 0 0 0 0 0 0 0 0 0 26.065

 Final eigenvalues for each cluster >> 
 (rows correspond to clusters)
26.065 9.368 8.922 8.786 8.536 8.14 6.588 6.214 5.615 1.977 1.141
26.065 9.905 8.715 7.972 7.055 6.067 5.333 5.33 4.26 3.307 1.089

 *************************************************

 ********************* rotation ******************

 *************************************************


 The orthogonal matrix Q >>
0.347 0.046 0.545 0.506 0.203 0.351 0.148 0.194 0.312 0.056
0.046 -0.998 0.018 0.017 0.007 0.012 0.005 0.007 0.011 0.002
0.545 0.018 -0.779 0.205 0.082 0.142 0.06 0.079 0.126 0.022
0.506 0.017 0.205 -0.81 0.076 0.132 0.056 0.073 0.117 0.021
0.203 0.007 0.082 0.076 -0.969 0.053 0.022 0.029 0.047 0.008
0.351 0.012 0.142 0.132 0.053 -0.908 0.039 0.051 0.081 0.014
0.148 0.005 0.06 0.056 0.022 0.039 -0.984 0.021 0.034 0.006
0.194 0.007 0.079 0.073 0.029 0.051 0.021 -0.972 0.045 0.008
0.312 0.011 0.126 0.117 0.047 0.081 0.034 0.045 -0.928 0.013
0.056 0.002 0.022 0.021 0.008 0.014 0.006 0.008 0.013 -0.998

 Mean vectors and covariance matrices after rotation --- 1th cluster >>

 mean vector (mu'=Q*mu)>>
-2.491 -1.396 -3.633 -1.457 -2.522 -3.917 -2.24 -0.399 -1.066 0 -0.328

 covariance matrix (Sigma'=Q*Sigma*t(Q))>>

2.492 0.411 0.098 0.254 -0.556 0.608 1.343 0.071 1.051 0 1.389
0.411 6.484 -0.189 -0.117 0.065 0.437 -0.254 -0.029 -0.259 0 -0.146
0.098 -0.189 7.891 -0.128 0.143 0.95 -0.278 -0.036 -0.575 0 -0.154
0.254 -0.117 -0.128 9.279 0.143 0.561 -0.248 -0.024 -0.366 0 -0.185
-0.556 0.065 0.143 0.143 6.169 0.251 0.416 0.032 0.04 0 0.329
0.608 0.437 0.95 0.561 0.251 2.785 1.305 0.14 0.507 0 0.791
1.343 -0.254 -0.278 -0.248 0.416 1.305 8.2 -0.061 -0.799 0 -0.573
0.071 -0.029 -0.036 -0.024 0.032 0.14 -0.061 8.53 -0.088 0 -0.042
1.051 -0.259 -0.575 -0.366 0.04 0.507 -0.799 -0.088 5.154 0 -0.464
0 0 0 0 0 0 0 0 0 26.065 0
1.389 -0.146 -0.154 -0.185 0.329 0.791 -0.573 -0.042 -0.464 0 8.304

 Mean vectors and covariance matrices after rotation --- 2th cluster >>

 mean vector (mu'=Q*mu)>>
2.491 1.396 3.633 1.457 2.522 3.917 2.24 0.399 1.066 0 0.328

 covariance matrix (Sigma'=Q*Sigma*t(Q))>>

6.625 -0.504 -0.414 0.155 0.526 -0.997 0.575 -0.129 -0.022 0 0.948
-0.504 1.669 -0.755 -0.196 -0.325 -1.089 -0.157 0.681 -0.168 0 0.369
-0.414 -0.755 7.757 -0.022 0.04 -0.424 0.012 -0.275 -0.042 0 0.5
0.155 -0.196 -0.022 5.353 0.059 -0.131 0.054 -0.003 0.006 0 0.275
0.526 -0.325 0.04 0.059 4.397 -0.166 0.124 0.051 0.035 0 0.56
-0.997 -1.089 -0.424 -0.131 -0.166 8.007 -0.194 -0.286 -0.104 0 0.729
0.575 -0.157 0.012 0.054 0.124 -0.194 3.436 0.142 0.03 0 0.513
-0.129 0.681 -0.275 -0.003 0.051 -0.286 0.142 5.492 -0.056 0 -0.377
-0.022 -0.168 -0.042 0.006 0.035 -0.104 0.03 -0.056 7.051 0 0.141
0 0 0 0 0 0 0 0 0 26.065 0
0.948 0.369 0.5 0.275 0.56 0.729 0.513 -0.377 0.141 0 9.244

 Final eigenvalues for each cluster >> 
 (rows correspond to clusters)
26.065 9.368 8.922 8.786 8.536 8.14 6.588 6.214 5.615 1.977 1.141
26.065 9.905 8.715 7.972 7.055 6.067 5.333 5.33 4.26 3.307 1.089

 theoretical Separation index matrix >>

-1 0.21
0.21 -1

 theoretical projection directions >>

**** cluster 1 and 2
0.403 0.436 0.378 0.143 0.357 0.535 0.206 0.033 0.126 0 -0.105

 empirical Separation index matrix (alpha= 0.05 )>>

-1 0.244
0.244 -1

 empirical projection directions >>

**** cluster 1 and 2
0.337 0.439 0.248 0.067 0.498 0.552 0.185 -0.008 0.189 -0.047 0.051
