
 Log information for the data set datasetJMG3v5nv10out0_3.dat >>

 alpha = 0.05 sepVal = 0.21

 Number of clusters >> 3

 cluster sizes >>
50 50 50

 Number of data points >> 150

 Number of dimensions >> 15

 Number of noisy dimensions >> 10

 noisy variables >>
2 3 4 5 7 9 11 12 13 14

 Number of outliers >> 0

 initial eigenvalues for each cluster >> 
 (rows correspond to clusters)
4.398 9.784 5.877 3.058 2.255
4.402 3.933 4.583 2.896 8.963
2.486 6.412 4.232 3.768 6.636

 Mean vectors and covariance matrices before rotation --- 1th cluster >>

 mean vector (mu'=Q*mu)>>
-6.947 0 0 0 0 3.341 0.023 3.925 3.541 3.943 0.002 0.378 0.279 1.964 1.792

 covariance matrix (Sigma'=Q*Sigma*t(Q))>>

4.656 -2.189 -0.434 0.077 1.45 0 0 0 0 0 0 0 0 0 0
-2.189 8.591 -0.593 -0.053 -0.518 0 0 0 0 0 0 0 0 0 0
-0.434 -0.593 5.682 0 0.11 0 0 0 0 0 0 0 0 0 0
0.077 -0.053 0 3.063 0.075 0 0 0 0 0 0 0 0 0 0
1.45 -0.518 0.11 0.075 3.379 0 0 0 0 0 0 0 0 0 0
0 0 0 0 0 16.249 -0.562 -6.062 -2.846 6.92 1.399 0.165 5.184 0.753 3.14
0 0 0 0 0 -0.562 22.645 0.008 0.529 1.86 0.656 0.768 1.446 0.274 0.927
0 0 0 0 0 -6.062 0.008 32.405 -0.385 3.077 0.813 0.566 2.341 0.384 1.453
0 0 0 0 0 -2.846 0.529 -0.385 26.175 5.085 1.723 1.92 3.94 0.732 2.514
0 0 0 0 0 6.92 1.86 3.077 5.085 13.151 3.847 5.24 7.435 1.524 4.86
0 0 0 0 0 1.399 0.656 0.813 1.723 3.847 14.043 1.94 3.016 0.602 1.958
0 0 0 0 0 0.165 0.768 0.566 1.92 5.24 1.94 20.566 4.09 0.796 2.639
0 0 0 0 0 5.184 1.446 2.341 3.94 7.435 3.016 4.09 10.59 1.197 3.823
0 0 0 0 0 0.753 0.274 0.384 0.732 1.524 0.602 0.796 1.197 10.067 0.779
0 0 0 0 0 3.14 0.927 1.453 2.514 4.86 1.958 2.639 3.823 0.779 8.621

 Mean vectors and covariance matrices before rotation --- 2th cluster >>

 mean vector (mu'=Q*mu)>>
6.947 0 0 0 0 3.341 0.023 3.925 3.541 3.943 0.002 0.378 0.279 1.964 1.792

 covariance matrix (Sigma'=Q*Sigma*t(Q))>>

6.442 1.248 0.43 1.05 -1.969 0 0 0 0 0 0 0 0 0 0
1.248 4.664 0.269 0.582 -0.794 0 0 0 0 0 0 0 0 0 0
0.43 0.269 4.673 0.233 -0.492 0 0 0 0 0 0 0 0 0 0
1.05 0.582 0.233 3.324 -0.251 0 0 0 0 0 0 0 0 0 0
-1.969 -0.794 -0.492 -0.251 5.674 0 0 0 0 0 0 0 0 0 0
0 0 0 0 0 16.249 -0.562 -6.062 -2.846 6.92 1.399 0.165 5.184 0.753 3.14
0 0 0 0 0 -0.562 22.645 0.008 0.529 1.86 0.656 0.768 1.446 0.274 0.927
0 0 0 0 0 -6.062 0.008 32.405 -0.385 3.077 0.813 0.566 2.341 0.384 1.453
0 0 0 0 0 -2.846 0.529 -0.385 26.175 5.085 1.723 1.92 3.94 0.732 2.514
0 0 0 0 0 6.92 1.86 3.077 5.085 13.151 3.847 5.24 7.435 1.524 4.86
0 0 0 0 0 1.399 0.656 0.813 1.723 3.847 14.043 1.94 3.016 0.602 1.958
0 0 0 0 0 0.165 0.768 0.566 1.92 5.24 1.94 20.566 4.09 0.796 2.639
0 0 0 0 0 5.184 1.446 2.341 3.94 7.435 3.016 4.09 10.59 1.197 3.823
0 0 0 0 0 0.753 0.274 0.384 0.732 1.524 0.602 0.796 1.197 10.067 0.779
0 0 0 0 0 3.14 0.927 1.453 2.514 4.86 1.958 2.639 3.823 0.779 8.621

 Mean vectors and covariance matrices before rotation --- 3th cluster >>

 mean vector (mu'=Q*mu)>>
0 12.033 0 0 0 3.341 0.023 3.925 3.541 3.943 0.002 0.378 0.279 1.964 1.792

 covariance matrix (Sigma'=Q*Sigma*t(Q))>>

5.008 -0.322 0.131 0.562 -1.046 0 0 0 0 0 0 0 0 0 0
-0.322 7.028 -0.311 -0.383 -0.428 0 0 0 0 0 0 0 0 0 0
0.131 -0.311 4.285 -0.437 -0.964 0 0 0 0 0 0 0 0 0 0
0.562 -0.383 -0.437 3.869 -1.196 0 0 0 0 0 0 0 0 0 0
-1.046 -0.428 -0.964 -1.196 6.125 0 0 0 0 0 0 0 0 0 0
0 0 0 0 0 16.249 -0.562 -6.062 -2.846 6.92 1.399 0.165 5.184 0.753 3.14
0 0 0 0 0 -0.562 22.645 0.008 0.529 1.86 0.656 0.768 1.446 0.274 0.927
0 0 0 0 0 -6.062 0.008 32.405 -0.385 3.077 0.813 0.566 2.341 0.384 1.453
0 0 0 0 0 -2.846 0.529 -0.385 26.175 5.085 1.723 1.92 3.94 0.732 2.514
0 0 0 0 0 6.92 1.86 3.077 5.085 13.151 3.847 5.24 7.435 1.524 4.86
0 0 0 0 0 1.399 0.656 0.813 1.723 3.847 14.043 1.94 3.016 0.602 1.958
0 0 0 0 0 0.165 0.768 0.566 1.92 5.24 1.94 20.566 4.09 0.796 2.639
0 0 0 0 0 5.184 1.446 2.341 3.94 7.435 3.016 4.09 10.59 1.197 3.823
0 0 0 0 0 0.753 0.274 0.384 0.732 1.524 0.602 0.796 1.197 10.067 0.779
0 0 0 0 0 3.14 0.927 1.453 2.514 4.86 1.958 2.639 3.823 0.779 8.621

 Final eigenvalues for each cluster >> 
 (rows correspond to clusters)
37.945 33.986 25.051 22.417 18.163 12.551 9.826 9.784 6.125 5.877 4.736 4.398 3.712 3.058 2.255
37.945 33.986 25.051 22.417 18.163 12.551 9.826 8.963 6.125 4.736 4.583 4.402 3.933 3.712 2.896
37.945 33.986 25.051 22.417 18.163 12.551 9.826 7.42 7.169 6.125 4.736 4.732 4.213 3.712 2.779

 *************************************************

 ********************* rotation ******************

 *************************************************


 The orthogonal matrix Q >>
0.165 0.714 0.557 0.31 0.239
0.714 -0.562 0.341 0.19 0.146
0.557 0.341 -0.734 0.148 0.114
0.31 0.19 0.148 -0.918 0.063
0.239 0.146 0.114 0.063 -0.951

 Mean vectors and covariance matrices after rotation --- 1th cluster >>

 mean vector (mu'=Q*mu)>>
-1.149 1.964 0.023 0.378 0.279 -2.15 3.541 -3.867 1.792 -1.659 0.002 3.341 3.925 3.943 -4.961

 covariance matrix (Sigma'=Q*Sigma*t(Q))>>

5.65 0 0 0 0 0.383 0 -0.313 0 0.261 0 0 0 0 -2.248
0 10.067 0.274 0.796 1.197 0 0.732 0 0.779 0 0.602 0.753 0.384 1.524 0
0 0.274 22.645 0.768 1.446 0 0.529 0 0.927 0 0.656 -0.562 0.008 1.86 0
0 0.796 0.768 20.566 4.09 0 1.92 0 2.639 0 1.94 0.165 0.566 5.24 0
0 1.197 1.446 4.09 10.59 0 3.94 0 3.823 0 3.016 5.184 2.341 7.435 0
0.383 0 0 0 0 3.156 0 0.053 0 -0.233 0 0 0 0 -0.042
0 0.732 0.529 1.92 3.94 0 26.175 0 2.514 0 1.723 -2.846 -0.385 5.085 0
-0.313 0 0 0 0 0.053 0 5.571 0 -0.531 0 0 0 0 -0.838
0 0.779 0.927 2.639 3.823 0 2.514 0 8.621 0 1.958 3.14 1.453 4.86 0
0.261 0 0 0 0 -0.233 0 -0.531 0 2.85 0 0 0 0 -1.384
0 0.602 0.656 1.94 3.016 0 1.723 0 1.958 0 14.043 1.399 0.813 3.847 0
0 0.753 -0.562 0.165 5.184 0 -2.846 0 3.14 0 1.399 16.249 -6.062 6.92 0
0 0.384 0.008 0.566 2.341 0 -0.385 0 1.453 0 0.813 -6.062 32.405 3.077 0
0 1.524 1.86 5.24 7.435 0 5.085 0 4.86 0 3.847 6.92 3.077 13.151 0
-2.248 0 0 0 0 -0.042 0 -0.838 0 -1.384 0 0 0 0 8.145

 Mean vectors and covariance matrices after rotation --- 2th cluster >>

 mean vector (mu'=Q*mu)>>
1.149 1.964 0.023 0.378 0.279 2.15 3.541 3.867 1.792 1.659 0.002 3.341 3.925 3.943 4.961

 covariance matrix (Sigma'=Q*Sigma*t(Q))>>

5.083 0 0 0 0 0.207 0 0.589 0 1.351 0 0 0 0 0.694
0 10.067 0.274 0.796 1.197 0 0.732 0 0.779 0 0.602 0.753 0.384 1.524 0
0 0.274 22.645 0.768 1.446 0 0.529 0 0.927 0 0.656 -0.562 0.008 1.86 0
0 0.796 0.768 20.566 4.09 0 1.92 0 2.639 0 1.94 0.165 0.566 5.24 0
0 1.197 1.446 4.09 10.59 0 3.94 0 3.823 0 3.016 5.184 2.341 7.435 0
0.207 0 0 0 0 2.972 0 0.044 0 0.532 0 0 0 0 0.139
0 0.732 0.529 1.92 3.94 0 26.175 0 2.514 0 1.723 -2.846 -0.385 5.085 0
0.589 0 0 0 0 0.044 0 5.135 0 1.259 0 0 0 0 0.499
0 0.779 0.927 2.639 3.823 0 2.514 0 8.621 0 1.958 3.14 1.453 4.86 0
1.351 0 0 0 0 0.532 0 1.259 0 7.092 0 0 0 0 1.298
0 0.602 0.656 1.94 3.016 0 1.723 0 1.958 0 14.043 1.399 0.813 3.847 0
0 0.753 -0.562 0.165 5.184 0 -2.846 0 3.14 0 1.399 16.249 -6.062 6.92 0
0 0.384 0.008 0.566 2.341 0 -0.385 0 1.453 0 0.813 -6.062 32.405 3.077 0
0 1.524 1.86 5.24 7.435 0 5.085 0 4.86 0 3.847 6.92 3.077 13.151 0
0.694 0 0 0 0 0.139 0 0.499 0 1.298 0 0 0 0 4.496

 Mean vectors and covariance matrices after rotation --- 3th cluster >>

 mean vector (mu'=Q*mu)>>
8.593 1.964 0.023 0.378 0.279 2.283 3.541 4.104 1.792 1.761 0.002 3.341 3.925 3.943 -6.767

 covariance matrix (Sigma'=Q*Sigma*t(Q))>>

4.545 0 0 0 0 0.878 0 0.637 0 0.976 0 0 0 0 -1.421
0 10.067 0.274 0.796 1.197 0 0.732 0 0.779 0 0.602 0.753 0.384 1.524 0
0 0.274 22.645 0.768 1.446 0 0.529 0 0.927 0 0.656 -0.562 0.008 1.86 0
0 0.796 0.768 20.566 4.09 0 1.92 0 2.639 0 1.94 0.165 0.566 5.24 0
0 1.197 1.446 4.09 10.59 0 3.94 0 3.823 0 3.016 5.184 2.341 7.435 0
0.878 0 0 0 0 4.069 0 -0.093 0 -0.569 0 0 0 0 -0.406
0 0.732 0.529 1.92 3.94 0 26.175 0 2.514 0 1.723 -2.846 -0.385 5.085 0
0.637 0 0 0 0 -0.093 0 4.873 0 0.151 0 0 0 0 -0.391
0 0.779 0.927 2.639 3.823 0 2.514 0 8.621 0 1.958 3.14 1.453 4.86 0
0.976 0 0 0 0 -0.569 0 0.151 0 6.973 0 0 0 0 0.644
0 0.602 0.656 1.94 3.016 0 1.723 0 1.958 0 14.043 1.399 0.813 3.847 0
0 0.753 -0.562 0.165 5.184 0 -2.846 0 3.14 0 1.399 16.249 -6.062 6.92 0
0 0.384 0.008 0.566 2.341 0 -0.385 0 1.453 0 0.813 -6.062 32.405 3.077 0
0 1.524 1.86 5.24 7.435 0 5.085 0 4.86 0 3.847 6.92 3.077 13.151 0
-1.421 0 0 0 0 -0.406 0 -0.391 0 0.644 0 0 0 0 5.854

 Final eigenvalues for each cluster >> 
 (rows correspond to clusters)
37.945 33.986 25.051 22.417 18.163 12.551 9.826 9.784 6.125 5.877 4.736 4.398 3.712 3.058 2.255
37.945 33.986 25.051 22.417 18.163 12.551 9.826 8.963 6.125 4.736 4.583 4.402 3.933 3.712 2.896
37.945 33.986 25.051 22.417 18.163 12.551 9.826 7.42 7.169 6.125 4.736 4.732 4.213 3.712 2.779

 theoretical Separation index matrix >>

-1 0.21 0.21
0.21 -1 0.214
0.21 0.214 -1

 theoretical projection directions >>

**** cluster 1 and 2
0.199 0 0 0 0 0.481 0 0.547 0 0.205 0 0 0 0 0.623

**** cluster 1 and 3
0.665 0 0 0 0 0.379 0 0.571 0 0.251 0 0 0 0 0.159

**** cluster 2 and 3
0.533 0 0 0 0 -0.088 0 -0.036 0 0.041 0 0 0 0 -0.84

 empirical Separation index matrix (alpha= 0.05 )>>

-1 0.244 0.272
0.244 -1 0.323
0.272 0.323 -1

 empirical projection directions >>

**** cluster 1 and 2
-0.817 0.083 0.082 -0.102 -0.037 -0.248 -0.043 -0.441 -0.027 -0.051 0.037 0.06 0.054 0.023 -0.194

**** cluster 1 and 3
-0.62 0.094 0.018 -0.072 -0.022 0.05 -0.087 0.219 0.154 -0.062 0.046 -0.159 -0.141 0.126 0.673

**** cluster 2 and 3
0.147 0.003 0.021 0 0.088 0.633 -0.092 0.428 0.062 0.253 0.009 -0.012 -0.035 -0.019 0.555
