
 Log information for the data set datasetJMG5v5nv1out0_1.dat >>

 alpha = 0.05 sepVal = 0.21

 Number of clusters >> 5

 cluster sizes >>
50 50 50 50 50

 Number of data points >> 250

 Number of dimensions >> 6

 Number of noisy dimensions >> 1

 noisy variables >>
1

 Number of outliers >> 0

 initial eigenvalues for each cluster >> 
 (rows correspond to clusters)
4.299 2.392 2.271 9.045 7.187
6.504 7.318 7.604 7.926 7.506
3.318 7.155 1.436 8.372 6.258
8.325 4.861 3.133 2.883 7.163
8.881 5.259 7.072 5.261 2.768

 Mean vectors and covariance matrices before rotation --- 1th cluster >>

 mean vector (mu'=Q*mu)>>
-7.992 0 0 0 0 1.598

 covariance matrix (Sigma'=Q*Sigma*t(Q))>>

5.507 0.801 1.653 -2.268 -0.712 0
0.801 2.677 0.578 -0.242 -0.007 0
1.653 0.578 3.444 -0.45 0.005 0
-2.268 -0.242 -0.45 6.841 -1.048 0
-0.712 -0.007 0.005 -1.048 6.726 0
0 0 0 0 0 28.216

 Mean vectors and covariance matrices before rotation --- 2th cluster >>

 mean vector (mu'=Q*mu)>>
7.992 0 0 0 0 1.598

 covariance matrix (Sigma'=Q*Sigma*t(Q))>>

7.185 -0.152 -0.359 -0.042 -0.269 0
-0.152 7.195 -0.205 -0.02 -0.168 0
-0.359 -0.205 7.274 -0.031 -0.273 0
-0.042 -0.02 -0.031 7.923 -0.026 0
-0.269 -0.168 -0.273 -0.026 7.28 0
0 0 0 0 0 28.216

 Mean vectors and covariance matrices before rotation --- 3th cluster >>

 mean vector (mu'=Q*mu)>>
0 13.843 0 0 0 1.598

 covariance matrix (Sigma'=Q*Sigma*t(Q))>>

3.438 -1.591 1.263 -0.83 -0.462 0
-1.591 6.302 -0.322 -0.39 -0.287 0
1.263 -0.322 2.439 -0.209 -0.064 0
-0.83 -0.39 -0.209 8.197 -0.134 0
-0.462 -0.287 -0.064 -0.134 6.163 0
0 0 0 0 0 28.216

 Mean vectors and covariance matrices before rotation --- 4th cluster >>

 mean vector (mu'=Q*mu)>>
0 4.614 13.051 0 0 1.598

 covariance matrix (Sigma'=Q*Sigma*t(Q))>>

6.678 -0.007 1.585 1.732 -1.904 0
-0.007 7.63 0.449 0.448 0.084 0
1.585 0.449 8.273 3.342 1.211 0
1.732 0.448 3.342 7.785 1.253 0
-1.904 0.084 1.211 1.253 10.732 0
0 0 0 0 0 28.216

 Mean vectors and covariance matrices before rotation --- 5th cluster >>

 mean vector (mu'=Q*mu)>>
0 4.614 3.263 12.637 0 1.598

 covariance matrix (Sigma'=Q*Sigma*t(Q))>>

5.732 0.449 -0.012 0.731 1.86 0
0.449 6.363 0.013 0.985 1.107 0
-0.012 0.013 7.745 0.021 0.028 0
0.731 0.985 0.021 7.368 1.807 0
1.86 1.107 0.028 1.807 4.814 0
0 0 0 0 0 28.216

 Final eigenvalues for each cluster >> 
 (rows correspond to clusters)
28.216 9.045 7.187 4.299 2.392 2.271
28.216 7.926 7.604 7.506 7.318 6.504
28.216 8.372 7.155 6.258 3.318 1.436
28.216 12.977 11.166 7.577 4.884 4.494
28.216 9.725 7.745 5.761 5.759 3.032

 *************************************************

 ********************* rotation ******************

 *************************************************


 The orthogonal matrix Q >>
0.33 0.762 0.341 0.024 0.44
0.762 -0.564 0.195 0.014 0.252
0.341 0.195 -0.913 0.006 0.113
0.024 0.014 0.006 -1 0.008
0.44 0.252 0.113 0.008 -0.854

 Mean vectors and covariance matrices after rotation --- 1th cluster >>

 mean vector (mu'=Q*mu)>>
1.598 -3.519 -6.087 -2.726 -0.195 -2.641

 covariance matrix (Sigma'=Q*Sigma*t(Q))>>

28.216 0 0 0 0 0
0 7.1 0.686 -0.456 0.217 -0.289
0 0.686 3.956 -0.183 1.948 1.674
0 -0.456 -0.183 2.505 0.489 -0.286
0 0.217 1.948 0.489 6.98 1.516
0 -0.289 1.674 -0.286 1.516 4.653

 Mean vectors and covariance matrices after rotation --- 2th cluster >>

 mean vector (mu'=Q*mu)>>
1.598 3.519 6.087 2.726 0.195 2.641

 covariance matrix (Sigma'=Q*Sigma*t(Q))>>

28.216 0 0 0 0 0
0 7.502 0.021 0.001 0.002 -0.016
0 0.021 7.183 0.118 0.017 -0.307
0 0.001 0.118 7.566 -0.004 0.144
0 0.002 0.017 -0.004 7.926 0.017
0 -0.016 -0.307 0.144 0.017 6.681

 Mean vectors and covariance matrices after rotation --- 3th cluster >>

 mean vector (mu'=Q*mu)>>
1.598 3.489 -7.809 2.703 0.193 10.542

 covariance matrix (Sigma'=Q*Sigma*t(Q))>>

28.216 0 0 0 0 0
0 5.828 -0.611 -0.587 0.323 -0.801
0 -0.611 6.183 -1.029 0.413 -1.405
0 -0.587 -1.029 1.83 0.13 0.204
0 0.323 0.413 0.13 8.249 0.586
0 -0.801 -1.405 0.204 0.586 4.45

 Mean vectors and covariance matrices after rotation --- 4th cluster >>

 mean vector (mu'=Q*mu)>>
1.598 2.636 -0.055 -11.009 0.146 7.966

 covariance matrix (Sigma'=Q*Sigma*t(Q))>>

28.216 0 0 0 0 0
0 11.064 0.218 0.212 -0.177 -1.053
0 0.218 7.099 -1.62 -2.05 0.131
0 0.212 -1.62 6.526 2.165 -1.552
0 -0.177 -2.05 2.165 7.626 -2.599
0 -1.053 0.131 -1.552 -2.599 8.782

 Mean vectors and covariance matrices after rotation --- 5th cluster >>

 mean vector (mu'=Q*mu)>>
1.598 1.633 -1.79 -1.998 -12.547 4.935

 covariance matrix (Sigma'=Q*Sigma*t(Q))>>

28.216 0 0 0 0 0
0 3.329 -0.289 -0.59 0.93 -0.046
0 -0.289 5.974 -0.15 -0.467 0.691
0 -0.59 -0.15 7.678 -0.629 0.117
0 0.93 -0.467 -0.629 7.276 -1.776
0 -0.046 0.691 0.117 -1.776 7.765

 Final eigenvalues for each cluster >> 
 (rows correspond to clusters)
28.216 9.045 7.187 4.299 2.392 2.271
28.216 7.926 7.604 7.506 7.318 6.504
28.216 8.372 7.155 6.258 3.318 1.436
28.216 12.977 11.166 7.577 4.884 4.494
28.216 9.725 7.745 5.761 5.759 3.032

 theoretical Separation index matrix >>

-1 0.252 0.364 0.21 0.247
0.252 -1 0.21 0.219 0.21
0.364 0.21 -1 0.307 0.222
0.21 0.219 0.307 -1 0.253
0.247 0.21 0.222 0.253 -1

 theoretical projection directions >>

**** cluster 1 and 2
0 0.323 0.774 0.452 -0.153 0.263

**** cluster 1 and 3
0 0.341 0.02 0.64 -0.123 0.677

**** cluster 1 and 4
0 0.31 0.226 -0.683 0.154 0.602

**** cluster 1 and 5
0 0.43 0.332 0.123 -0.718 0.418

**** cluster 2 and 3
0 -0.015 -0.862 -0.109 0.006 0.495

**** cluster 2 and 4
0 -0.009 -0.441 -0.865 0.102 0.215

**** cluster 2 and 5
0 -0.119 -0.562 -0.313 -0.754 0.065

**** cluster 3 and 4
0 -0.081 0.093 -0.973 0.102 -0.168

**** cluster 3 and 5
0 -0.126 0.338 -0.401 -0.722 -0.434

**** cluster 4 and 5
0 -0.028 -0.165 0.51 -0.793 -0.289

 empirical Separation index matrix (alpha= 0.05 )>>

-1 0.232 0.194 0.271 0.253
0.232 -1 0.196 0.222 0.26
0.194 0.196 -1 0.296 0.395
0.271 0.222 0.296 -1 0.262
0.253 0.26 0.395 0.262 -1

 empirical projection directions >>

**** cluster 1 and 2
0.052 -0.163 -0.585 -0.473 -0.636 0.028

**** cluster 1 and 3
-0.049 -0.224 -0.727 -0.151 0.057 0.627

**** cluster 1 and 4
-0.021 0.068 -0.543 -0.804 -0.055 0.223

**** cluster 1 and 5
-0.038 -0.307 -0.771 -0.535 0.067 -0.139

**** cluster 2 and 3
-0.047 0.112 -0.197 0.513 0.663 0.495

**** cluster 2 and 4
-0.036 0.085 0.085 -0.636 0.68 0.344

**** cluster 2 and 5
-0.076 -0.558 -0.198 -0.135 0.634 -0.472

**** cluster 3 and 4
0.052 0.012 -0.028 -0.994 0.022 -0.092

**** cluster 3 and 5
-0.013 -0.38 -0.1 -0.556 0.165 -0.713

**** cluster 4 and 5
0.052 -0.338 -0.038 0.614 0.081 -0.706
