
 Log information for the data set datasetJHG5v2nv3out0_2.dat >>

 alpha = 0.05 sepVal = 0.34

 Number of clusters >> 5

 cluster sizes >>
50 50 50 50 50

 Number of data points >> 250

 Number of dimensions >> 5

 Number of noisy dimensions >> 3

 noisy variables >>
1 3 4

 Number of outliers >> 0

 initial eigenvalues for each cluster >> 
 (rows correspond to clusters)
7.42 6.039
6.591 4.937
6.137 4.6
5.565 8.18
2.928 4.532

 Mean vectors and covariance matrices before rotation --- 1th cluster >>

 mean vector (mu'=Q*mu)>>
-10.287 0 7.261 8.56 7.332

 covariance matrix (Sigma'=Q*Sigma*t(Q))>>

6.67 0.688 0 0 0
0.688 6.788 0 0 0
0 0 131.8 25.279 -2.145
0 0 25.279 165.452 36.023
0 0 -2.145 36.023 168.161

 Mean vectors and covariance matrices before rotation --- 2th cluster >>

 mean vector (mu'=Q*mu)>>
10.287 0 7.261 8.56 7.332

 covariance matrix (Sigma'=Q*Sigma*t(Q))>>

6.274 0.775 0 0 0
0.775 5.575 0 0 0
0 0 131.8 25.279 -2.145
0 0 25.279 165.452 36.023
0 0 -2.145 36.023 168.161

 Mean vectors and covariance matrices before rotation --- 3th cluster >>

 mean vector (mu'=Q*mu)>>
0 17.817 7.261 8.56 7.332

 covariance matrix (Sigma'=Q*Sigma*t(Q))>>

4.713 0.4 0 0 0
0.4 6.025 0 0 0
0 0 131.8 25.279 -2.145
0 0 25.279 165.452 36.023
0 0 -2.145 36.023 168.161

 Mean vectors and covariance matrices before rotation --- 4th cluster >>

 mean vector (mu'=Q*mu)>>
30.86 0 7.261 8.56 7.332

 covariance matrix (Sigma'=Q*Sigma*t(Q))>>

7.12 -1.284 0 0 0
-1.284 6.626 0 0 0
0 0 131.8 25.279 -2.145
0 0 25.279 165.452 36.023
0 0 -2.145 36.023 168.161

 Mean vectors and covariance matrices before rotation --- 5th cluster >>

 mean vector (mu'=Q*mu)>>
20.573 17.817 7.261 8.56 7.332

 covariance matrix (Sigma'=Q*Sigma*t(Q))>>

4.307 -0.933 0 0 0
-0.933 5.067 0 0 0
0 0 131.8 25.279 -2.145
0 0 25.279 165.452 36.023
0 0 -2.145 36.023 168.161

 Final eigenvalues for each cluster >> 
 (rows correspond to clusters)
206.529 148.7 110.185 7.42 6.039
206.529 148.7 110.185 6.775 5.074
206.529 148.7 110.185 6.137 4.6
206.529 148.7 110.185 8.18 5.565
206.529 148.7 110.185 5.695 3.68

 *************************************************

 ********************* rotation ******************

 *************************************************


 The orthogonal matrix Q >>
0.835 0.55
0.55 -0.835

 Mean vectors and covariance matrices after rotation --- 1th cluster >>

 mean vector (mu'=Q*mu)>>
7.261 -8.594 7.332 8.56 -5.654

 covariance matrix (Sigma'=Q*Sigma*t(Q))>>

131.8 0 -2.145 25.279 0
0 7.338 0 0 -0.326
-2.145 0 168.161 36.023 0
25.279 0 36.023 165.452 0
0 -0.326 0 0 6.121

 Mean vectors and covariance matrices after rotation --- 2th cluster >>

 mean vector (mu'=Q*mu)>>
7.261 8.594 7.332 8.56 5.654

 covariance matrix (Sigma'=Q*Sigma*t(Q))>>

131.8 0 -2.145 25.279 0
0 6.775 0 0 0.015
-2.145 0 168.161 36.023 0
25.279 0 36.023 165.452 0
0 0.015 0 0 5.074

 Mean vectors and covariance matrices after rotation --- 3th cluster >>

 mean vector (mu'=Q*mu)>>
7.261 9.792 7.332 8.56 -14.884

 covariance matrix (Sigma'=Q*Sigma*t(Q))>>

131.8 0 -2.145 25.279 0
0 5.476 0 0 -0.761
-2.145 0 168.161 36.023 0
25.279 0 36.023 165.452 0
0 -0.761 0 0 5.261

 Mean vectors and covariance matrices after rotation --- 4th cluster >>

 mean vector (mu'=Q*mu)>>
7.261 25.781 7.332 8.56 16.961

 covariance matrix (Sigma'=Q*Sigma*t(Q))>>

131.8 0 -2.145 25.279 0
0 5.792 0 0 0.735
-2.145 0 168.161 36.023 0
25.279 0 36.023 165.452 0
0 0.735 0 0 7.954

 Mean vectors and covariance matrices after rotation --- 5th cluster >>

 mean vector (mu'=Q*mu)>>
7.261 26.979 7.332 8.56 -3.577

 covariance matrix (Sigma'=Q*Sigma*t(Q))>>

131.8 0 -2.145 25.279 0
0 3.68 0 0 0.02
-2.145 0 168.161 36.023 0
25.279 0 36.023 165.452 0
0 0.02 0 0 5.694

 Final eigenvalues for each cluster >> 
 (rows correspond to clusters)
206.529 148.7 110.185 7.42 6.039
206.529 148.7 110.185 6.775 5.074
206.529 148.7 110.185 6.137 4.6
206.529 148.7 110.185 8.18 5.565
206.529 148.7 110.185 5.695 3.68

 theoretical Separation index matrix >>

-1 0.35 0.34 0.6 0.595
0.35 -1 0.395 0.34 0.395
0.34 0.395 -1 0.568 0.425
0.6 0.34 0.568 -1 0.34
0.595 0.395 0.425 0.34 -1

 theoretical projection directions >>

**** cluster 1 and 2
0 0.765 0 0 0.644

**** cluster 1 and 3
0 0.898 0 0 -0.44

**** cluster 1 and 4
0 0.858 0 0 0.513

**** cluster 1 and 5
0 0.997 0 0 0.073

**** cluster 2 and 3
0 -0.011 0 0 -1

**** cluster 2 and 4
0 0.855 0 0 0.518

**** cluster 2 and 5
0 0.905 0 0 -0.425

**** cluster 3 and 4
0 0.508 0 0 0.862

**** cluster 3 and 5
0 0.863 0 0 0.506

**** cluster 4 and 5
0 0.157 0 0 -0.988

 empirical Separation index matrix (alpha= 0.05 )>>

-1 0.438 0.334 0.399 0.579
0.438 -1 0.609 0.393 0.382
0.334 0.609 -1 0.361 0.611
0.399 0.393 0.361 -1 0.365
0.579 0.382 0.611 0.365 -1

 empirical projection directions >>

**** cluster 1 and 2
-0.028 0.877 0.005 0.018 0.48

**** cluster 1 and 3
0.014 -0.952 -0.025 -0.025 0.305

**** cluster 1 and 4
-0.001 0.113 0.021 -0.03 0.993

**** cluster 1 and 5
-0.013 0.575 -0.018 -0.011 0.818

**** cluster 2 and 3
0.021 -0.998 -0.022 0 -0.047

**** cluster 2 and 4
0.015 -0.882 0.01 -0.034 0.47

**** cluster 2 and 5
-0.013 -0.102 -0.026 0.015 0.994

**** cluster 3 and 4
-0.017 0.791 0.006 -0.004 0.612

**** cluster 3 and 5
-0.017 0.896 -0.007 -0.021 0.444

**** cluster 4 and 5
-0.01 0.821 -0.018 0.004 0.571
