
 Log information for the data set datasetJLG2v10nv1out0_1.dat >>

 alpha = 0.05 sepVal = 0.01

 Number of clusters >> 2

 cluster sizes >>
50 50

 Number of data points >> 100

 Number of dimensions >> 11

 Number of noisy dimensions >> 1

 noisy variables >>
10

 Number of outliers >> 0

 initial eigenvalues for each cluster >> 
 (rows correspond to clusters)
5.943 5.073 6.563 4.003 1.853 2.569 5.029 3.283 3.077 1.793
6.87 8.316 6.106 7.781 9.939 5.388 8.163 2.925 6.197 6.399

 Mean vectors and covariance matrices before rotation --- 1th cluster >>

 mean vector (mu'=Q*mu)>>
-4.038 0 0 0 0 0 0 0 0 0 0

 covariance matrix (Sigma'=Q*Sigma*t(Q))>>

3.674 -0.441 -0.746 0.033 0.833 0.155 -0.094 0.275 0.242 1.037 0
-0.441 5.055 -0.177 0.123 0.425 0.089 -0.002 0.209 0.165 0.525 0
-0.746 -0.177 6.333 -0.045 0.148 0.023 -0.039 0.016 0.023 0.187 0
0.033 0.123 -0.045 4.202 0.438 0.099 0.029 0.263 0.199 0.539 0
0.833 0.425 0.148 0.438 2.564 0.172 0.096 0.501 0.367 0.87 0
0.155 0.089 0.023 0.099 0.172 2.61 0.02 0.117 0.086 0.211 0
-0.094 -0.002 -0.039 0.029 0.096 0.02 5.029 0.048 0.038 0.119 0
0.275 0.209 0.016 0.263 0.501 0.117 0.048 3.606 0.241 0.615 0
0.242 0.165 0.023 0.199 0.367 0.086 0.038 0.241 3.256 0.45 0
1.037 0.525 0.187 0.539 0.87 0.211 0.119 0.615 0.45 2.857 0
0 0 0 0 0 0 0 0 0 0 5.026

 Mean vectors and covariance matrices before rotation --- 2th cluster >>

 mean vector (mu'=Q*mu)>>
4.038 0 0 0 0 0 0 0 0 0 0

 covariance matrix (Sigma'=Q*Sigma*t(Q))>>

5.314 -0.262 -0.013 -0.438 -0.854 0.15 -0.825 1.765 -0.119 -0.01 0
-0.262 8.285 -0.005 -0.055 -0.085 -0.036 -0.097 0.063 -0.036 -0.002 0
-0.013 -0.005 6.107 -0.007 -0.018 0.013 -0.015 0.059 0.002 0 0
-0.438 -0.055 -0.007 7.682 -0.162 -0.039 -0.177 0.186 -0.055 -0.004 0
-0.854 -0.085 -0.018 -0.162 9.719 -0.177 -0.277 -0.024 -0.134 -0.008 0
0.15 -0.036 0.013 -0.039 -0.177 5.643 -0.103 0.862 0.083 0.004 0
-0.825 -0.097 -0.015 -0.177 -0.277 -0.103 7.849 0.236 -0.112 -0.007 0
1.765 0.063 0.059 0.186 -0.024 0.862 0.236 4.877 0.409 0.023 0
-0.119 -0.036 0.002 -0.055 -0.134 0.083 -0.112 0.409 6.207 0 0
-0.01 -0.002 0 -0.004 -0.008 0.004 -0.007 0.023 0 6.399 0
0 0 0 0 0 0 0 0 0 0 5.026

 Final eigenvalues for each cluster >> 
 (rows correspond to clusters)
6.563 5.944 5.073 5.029 5.026 4.003 3.283 3.077 2.569 1.853 1.793
9.939 8.316 8.163 7.781 6.87 6.399 6.197 6.106 5.388 5.026 2.925

 *************************************************

 ********************* rotation ******************

 *************************************************


 The orthogonal matrix Q >>
0.096 0.439 0.493 0.295 0.339 0.444 0.129 0.095 0.131 0.338
0.439 -0.825 0.197 0.118 0.136 0.178 0.051 0.038 0.052 0.135
0.493 0.197 -0.779 0.132 0.152 0.199 0.058 0.043 0.059 0.152
0.295 0.118 0.132 -0.921 0.091 0.119 0.035 0.026 0.035 0.091
0.339 0.136 0.152 0.091 -0.895 0.137 0.04 0.029 0.041 0.105
0.444 0.178 0.199 0.119 0.137 -0.82 0.052 0.038 0.053 0.137
0.129 0.051 0.058 0.035 0.04 0.052 -0.985 0.011 0.015 0.04
0.095 0.038 0.043 0.026 0.029 0.038 0.011 -0.992 0.011 0.029
0.131 0.052 0.059 0.035 0.041 0.053 0.015 0.011 -0.984 0.04
0.338 0.135 0.152 0.091 0.105 0.137 0.04 0.029 0.04 -0.896

 Mean vectors and covariance matrices after rotation --- 1th cluster >>

 mean vector (mu'=Q*mu)>>
-1.189 -1.369 -1.364 -0.383 -1.792 -1.771 -1.989 -0.529 -0.388 0 -0.52

 covariance matrix (Sigma'=Q*Sigma*t(Q))>>

4.006 0.038 0.015 0.004 0.087 -0.035 -0.22 0.003 -0.095 0 -0.021
0.038 1.901 0.065 0.146 -0.106 -0.017 -0.346 0.063 0.034 0 -0.037
0.015 0.065 1.913 0.221 -0.254 -0.101 -0.515 0.092 -0.224 0 -0.068
0.004 0.146 0.221 3.459 -0.182 -0.133 -0.368 0.09 -0.495 0 -0.054
0.087 -0.106 -0.254 -0.182 3.018 0.273 0.232 -0.083 1.014 0 0.069
-0.035 -0.017 -0.101 -0.133 0.273 5.02 -0.214 -0.067 -0.133 0 -0.017
-0.22 -0.346 -0.515 -0.368 0.232 -0.214 6.296 -0.237 -0.393 0 -0.055
0.003 0.063 0.092 0.09 -0.083 -0.067 -0.237 3.12 -0.22 0 -0.032
-0.095 0.034 -0.224 -0.495 1.014 -0.133 -0.393 -0.22 5.43 0 -0.016
0 0 0 0 0 0 0 0 0 5.026 0
-0.021 -0.037 -0.068 -0.054 0.069 -0.017 -0.055 -0.032 -0.016 0 5.023

 Mean vectors and covariance matrices after rotation --- 2th cluster >>

 mean vector (mu'=Q*mu)>>
1.189 1.369 1.364 0.383 1.792 1.771 1.989 0.529 0.388 0 0.52

 covariance matrix (Sigma'=Q*Sigma*t(Q))>>

7.673 -0.228 -0.077 -0.471 -0.094 -0.28 -0.076 -0.039 -0.251 0 0.05
-0.228 9.579 -0.156 -0.8 -0.324 -0.426 -0.191 -0.14 -0.846 0 -0.04
-0.077 -0.156 6.243 -0.752 -0.154 -0.354 -0.184 -0.009 -0.03 0 0.226
-0.471 -0.8 -0.752 4.454 -0.142 -0.984 -1.059 0.123 -0.612 0 0.023
-0.094 -0.324 -0.154 -0.142 5.498 -0.436 -0.16 0.089 0.277 0 0.221
-0.28 -0.426 -0.354 -0.984 -0.436 7.637 -0.461 -0.106 -0.77 0 0.148
-0.076 -0.191 -0.184 -1.059 -0.16 -0.461 5.901 0.005 0.097 0 0.341
-0.039 -0.14 -0.009 0.123 0.089 -0.106 0.005 6.223 0.039 0 -0.002
-0.251 -0.846 -0.03 -0.612 0.277 -0.77 0.097 0.039 6.826 0 0.117
0 0 0 0 0 0 0 0 0 5.026 0
0.05 -0.04 0.226 0.023 0.221 0.148 0.341 -0.002 0.117 0 8.05

 Final eigenvalues for each cluster >> 
 (rows correspond to clusters)
6.563 5.944 5.073 5.029 5.026 4.003 3.283 3.077 2.569 1.853 1.793
9.939 8.316 8.163 7.781 6.87 6.399 6.197 6.106 5.388 5.026 2.925

 theoretical Separation index matrix >>

-1 0.01
0.01 -1

 theoretical projection directions >>

**** cluster 1 and 2
0.244 0.327 0.444 0.312 0.445 0.368 0.416 0.125 0.116 0 0.054

 empirical Separation index matrix (alpha= 0.05 )>>

-1 -0.023
-0.023 -1

 empirical projection directions >>

**** cluster 1 and 2
0.291 0.208 0.065 0.278 0.411 0.602 0.405 0.254 0.092 -0.05 -0.139
