
 Log information for the data set datasetJHG2v5nv1out0_3.dat >>

 alpha = 0.05 sepVal = 0.34

 Number of clusters >> 2

 cluster sizes >>
50 50

 Number of data points >> 100

 Number of dimensions >> 6

 Number of noisy dimensions >> 1

 noisy variables >>
1

 Number of outliers >> 0

 initial eigenvalues for each cluster >> 
 (rows correspond to clusters)
2.307 8.97 8.398 2.208 9.76
4.704 4.6 5.807 5.489 6.803

 Mean vectors and covariance matrices before rotation --- 1th cluster >>

 mean vector (mu'=Q*mu)>>
-9.968 0 0 0 0 0

 covariance matrix (Sigma'=Q*Sigma*t(Q))>>

7.556 -1.774 -1.335 0.21 -1.545 0
-1.774 6.698 -1.982 -0.067 -1.699 0
-1.335 -1.982 6.676 -0.05 -1.489 0
0.21 -0.067 -0.05 2.216 -0.059 0
-1.545 -1.699 -1.489 -0.059 8.497 0
0 0 0 0 0 44.824

 Mean vectors and covariance matrices before rotation --- 2th cluster >>

 mean vector (mu'=Q*mu)>>
9.968 0 0 0 0 0

 covariance matrix (Sigma'=Q*Sigma*t(Q))>>

6.038 0.353 -0.063 0.005 -0.794 0
0.353 4.693 -0.002 0.002 -0.172 0
-0.063 -0.002 5.573 -0.009 -0.591 0
0.005 0.002 -0.009 5.489 -0.026 0
-0.794 -0.172 -0.591 -0.026 5.612 0
0 0 0 0 0 44.824

 Final eigenvalues for each cluster >> 
 (rows correspond to clusters)
44.824 9.76 8.97 8.398 2.307 2.208
44.824 6.803 5.807 5.489 4.704 4.6

 *************************************************

 ********************* rotation ******************

 *************************************************


 The orthogonal matrix Q >>
0.268 0.432 0.156 0.67 0.519
0.432 -0.853 0.053 0.228 0.177
0.156 0.053 -0.981 0.083 0.064
0.67 0.228 0.083 -0.646 0.274
0.519 0.177 0.064 0.274 -0.788

 Mean vectors and covariance matrices after rotation --- 1th cluster >>

 mean vector (mu'=Q*mu)>>
0 -1.558 -6.679 -5.169 -2.667 -4.302

 covariance matrix (Sigma'=Q*Sigma*t(Q))>>

44.824 0 0 0 0 0
0 7.418 1.702 -0.151 1.392 -0.647
0 1.702 3.6 0.94 0.315 1.712
0 -0.151 0.94 9.213 -1.603 -0.37
0 1.392 0.315 -1.603 2.997 -0.028
0 -0.647 1.712 -0.37 -0.028 8.415

 Mean vectors and covariance matrices after rotation --- 2th cluster >>

 mean vector (mu'=Q*mu)>>
0 1.558 6.679 5.169 2.667 4.302

 covariance matrix (Sigma'=Q*Sigma*t(Q))>>

44.824 0 0 0 0 0
0 5.665 0.186 -0.302 0.252 0.121
0 0.186 5.47 0.552 -0.266 -0.021
0 -0.302 0.552 6.518 0.117 0.192
0 0.252 -0.266 0.117 5.081 0.158
0 0.121 -0.021 0.192 0.158 4.671

 Final eigenvalues for each cluster >> 
 (rows correspond to clusters)
44.824 9.76 8.97 8.398 2.307 2.208
44.824 6.803 5.807 5.489 4.704 4.6

 theoretical Separation index matrix >>

-1 0.34
0.34 -1

 theoretical projection directions >>

**** cluster 1 and 2
0 -0.001 0.76 0.365 0.452 0.292

 empirical Separation index matrix (alpha= 0.05 )>>

-1 0.408
0.408 -1

 empirical projection directions >>

**** cluster 1 and 2
0.034 0.053 -0.727 -0.368 -0.476 -0.326
