
 Log information for the data set datasetJLG3v5nv3out0_1.dat >>

 alpha = 0.05 sepVal = 0.01

 Number of clusters >> 3

 cluster sizes >>
50 50 50

 Number of data points >> 150

 Number of dimensions >> 8

 Number of noisy dimensions >> 3

 noisy variables >>
3 5 6

 Number of outliers >> 0

 initial eigenvalues for each cluster >> 
 (rows correspond to clusters)
3.405 2.041 9.266 9.33 5.137
5.04 1.887 2.376 2.266 9.154
9.777 9.501 9.82 7.986 7.984

 Mean vectors and covariance matrices before rotation --- 1th cluster >>

 mean vector (mu'=Q*mu)>>
-4.702 0 0 0 0 0.154 1.461 1.207

 covariance matrix (Sigma'=Q*Sigma*t(Q))>>

5.651 0.149 -1.836 -1.402 -0.195 0 0 0
0.149 2.048 -0.043 -0.033 0.022 0 0 0
-1.836 -0.043 8.154 -0.842 -1.006 0 0 0
-1.402 -0.033 -0.842 8.692 -0.765 0 0 0
-0.195 0.022 -1.006 -0.765 4.633 0 0 0
0 0 0 0 0 12.162 0.394 -5.232
0 0 0 0 0 0.394 9.403 -1.198
0 0 0 0 0 -5.232 -1.198 15.758

 Mean vectors and covariance matrices before rotation --- 2th cluster >>

 mean vector (mu'=Q*mu)>>
4.702 0 0 0 0 0.154 1.461 1.207

 covariance matrix (Sigma'=Q*Sigma*t(Q))>>

5.822 1.683 1.097 1.454 -3.089 0 0 0
1.683 3.729 0.909 1.171 -0.326 0 0 0
1.097 0.909 3.782 0.849 -0.349 0 0 0
1.454 1.171 0.849 4.076 -0.416 0 0 0
-3.089 -0.326 -0.349 -0.416 9.847 0 0 0
0 0 0 0 0 12.162 0.394 -5.232
0 0 0 0 0 0.394 9.403 -1.198
0 0 0 0 0 -5.232 -1.198 15.758

 Mean vectors and covariance matrices before rotation --- 3th cluster >>

 mean vector (mu'=Q*mu)>>
0 8.143 0 0 0 0.154 1.461 1.207

 covariance matrix (Sigma'=Q*Sigma*t(Q))>>

8.645 -0.119 -0.177 0.21 0.798 0 0 0
-0.119 9.493 -0.019 0.044 0.168 0 0 0
-0.177 -0.019 9.793 0.03 0.113 0 0 0
0.21 0.044 0.03 8.062 0.288 0 0 0
0.798 0.168 0.113 0.288 9.076 0 0 0
0 0 0 0 0 12.162 0.394 -5.232
0 0 0 0 0 0.394 9.403 -1.198
0 0 0 0 0 -5.232 -1.198 15.758

 Final eigenvalues for each cluster >> 
 (rows correspond to clusters)
19.634 9.403 9.33 9.266 8.285 5.137 3.405 2.041
19.634 12.04 9.403 8.285 6.628 3.125 2.981 2.482
19.634 9.82 9.777 9.501 9.403 8.285 7.986 7.984

 *************************************************

 ********************* rotation ******************

 *************************************************


 The orthogonal matrix Q >>
0.305 0.584 0.445 0.563 0.225
0.584 -0.738 0.199 0.252 0.101
0.445 0.199 -0.848 0.192 0.077
0.563 0.252 0.192 -0.757 0.097
0.225 0.101 0.077 0.097 -0.961

 Mean vectors and covariance matrices after rotation --- 1th cluster >>

 mean vector (mu'=Q*mu)>>
-1.059 -1.434 1.461 -2.094 1.207 0.154 -2.645 -2.747

 covariance matrix (Sigma'=Q*Sigma*t(Q))>>

4.958 0.603 0 -0.479 0 0 -0.419 0.594
0.603 4.018 0 -0.92 0 0 -2.094 0.661
0 0 9.403 0 -1.198 0.394 0 0
-0.479 -0.92 0 8.969 0 0 -0.443 0.792
0 0 -1.198 0 15.758 -5.232 0 0
0 0 0.394 0 -5.232 12.162 0 0
-0.419 -2.094 0 -0.443 0 0 8.398 0.193
0.594 0.661 0 0.792 0 0 0.193 2.834

 Mean vectors and covariance matrices after rotation --- 2th cluster >>

 mean vector (mu'=Q*mu)>>
1.059 1.434 1.461 2.094 1.207 0.154 2.645 2.747

 covariance matrix (Sigma'=Q*Sigma*t(Q))>>

11.248 1.049 0 0.906 0 0 1.162 1.31
1.049 6.735 0 0.5 0 0 0.651 0.841
0 0 9.403 0 -1.198 0.394 0 0
0.906 0.5 0 3.268 0 0 0.183 0.215
0 0 -1.198 0 15.758 -5.232 0 0
0 0 0.394 0 -5.232 12.162 0 0
1.162 0.651 0 0.183 0 0 3.214 0.273
1.31 0.841 0 0.215 0 0 0.273 2.792

 Mean vectors and covariance matrices after rotation --- 3th cluster >>

 mean vector (mu'=Q*mu)>>
0.821 4.757 1.461 1.623 1.207 0.154 2.051 -6.014

 covariance matrix (Sigma'=Q*Sigma*t(Q))>>

8.603 -0.519 0 -0.381 0 0 -0.277 -0.478
-0.519 9.264 0 -0.226 0 0 0.491 -0.169
0 0 9.403 0 -1.198 0.394 0 0
-0.381 -0.226 0 9.688 0 0 0.014 -0.153
0 0 -1.198 0 15.758 -5.232 0 0
0 0 0.394 0 -5.232 12.162 0 0
-0.277 0.491 0 0.014 0 0 8.189 0.029
-0.478 -0.169 0 -0.153 0 0 0.029 9.324

 Final eigenvalues for each cluster >> 
 (rows correspond to clusters)
19.634 9.403 9.33 9.266 8.285 5.137 3.405 2.041
19.634 12.04 9.403 8.285 6.628 3.125 2.981 2.482
19.634 9.82 9.777 9.501 9.403 8.285 7.986 7.984

 theoretical Separation index matrix >>

-1 0.035 0.01
0.035 -1 0.01
0.01 0.01 -1

 theoretical projection directions >>

**** cluster 1 and 2
-0.023 0.211 0 0.291 0 0 0.453 0.816

**** cluster 1 and 3
0.198 0.702 0 0.308 0 0 0.424 -0.439

**** cluster 2 and 3
0.043 0.297 0 -0.046 0 0 -0.068 -0.95

 empirical Separation index matrix (alpha= 0.05 )>>

-1 0.012 0.036
0.012 -1 0.025
0.036 0.025 -1

 empirical projection directions >>

**** cluster 1 and 2
-0.145 0.2 -0.117 0.28 -0.036 -0.08 0.445 0.801

**** cluster 1 and 3
0.296 0.633 -0.107 0.234 0.007 -0.089 0.431 -0.503

**** cluster 2 and 3
0.17 0.295 0.054 -0.116 0.02 -0.01 -0.019 -0.931
