
 Log information for the data set datasetJLG2v10nv0out0_2.dat >>

 alpha = 0.05 sepVal = 0.01

 Number of clusters >> 2

 cluster sizes >>
50 50

 Number of data points >> 100

 Number of dimensions >> 10

 Number of noisy dimensions >> 0

 noisy variables >>
0

 Number of outliers >> 0

 initial eigenvalues for each cluster >> 
 (rows correspond to clusters)
1.867 2.24 4.355 3.557 9.008 6.806 6.419 3.646 2.929 3.121
8.06 7.894 4.453 2.102 3.006 7.33 2.744 2.244 6.483 3.436

 Mean vectors and covariance matrices before rotation --- 1th cluster >>

 mean vector (mu'=Q*mu)>>
-3.658 0 0 0 0 0 0 0 0 0

 covariance matrix (Sigma'=Q*Sigma*t(Q))>>

3.596 0.257 -0.166 -0.202 -1.605 -0.097 -1.044 -0.024 0.034 -0.035
0.257 2.27 -0.046 -0.076 -0.37 -0.023 -0.251 -0.008 -0.015 -0.049
-0.166 -0.046 4.313 -0.105 -0.199 -0.014 -0.159 -0.011 -0.057 -0.116
-0.202 -0.076 -0.105 3.315 -0.567 -0.039 -0.432 -0.026 -0.118 -0.25
-1.605 -0.37 -0.199 -0.567 8.355 -0.052 -0.603 -0.058 -0.355 -0.69
-0.097 -0.023 -0.014 -0.039 -0.052 6.802 -0.046 -0.004 -0.023 -0.046
-1.044 -0.251 -0.159 -0.432 -0.603 -0.046 5.896 -0.044 -0.258 -0.509
-0.024 -0.008 -0.011 -0.026 -0.058 -0.004 -0.044 3.643 -0.013 -0.027
0.034 -0.015 -0.057 -0.118 -0.355 -0.023 -0.258 -0.013 2.881 -0.11
-0.035 -0.049 -0.116 -0.25 -0.69 -0.046 -0.509 -0.027 -0.11 2.878

 Mean vectors and covariance matrices before rotation --- 2th cluster >>

 mean vector (mu'=Q*mu)>>
3.658 0 0 0 0 0 0 0 0 0

 covariance matrix (Sigma'=Q*Sigma*t(Q))>>

3.453 -0.782 -0.024 0.53 0.421 -0.507 0.136 0.396 -0.463 0.233
-0.782 7.762 -0.003 0.103 0.09 -0.085 0.028 0.077 -0.077 0.061
-0.024 -0.003 4.457 0.055 0.078 0 0.02 0.044 0.005 0.087
0.53 0.103 0.055 2.801 1.053 0.101 0.266 0.56 0.163 1.213
0.421 0.09 0.078 1.053 4.566 0.108 0.396 0.842 0.202 1.778
-0.507 -0.085 0 0.101 0.108 7.277 0.031 0.077 -0.045 0.095
0.136 0.028 0.02 0.266 0.396 0.031 2.844 0.213 0.055 0.453
0.396 0.077 0.044 0.56 0.842 0.077 0.213 2.693 0.128 0.968
-0.463 -0.077 0.005 0.163 0.202 -0.045 0.055 0.128 6.452 0.203
0.233 0.061 0.087 1.213 1.778 0.095 0.453 0.968 0.203 5.45

 Final eigenvalues for each cluster >> 
 (rows correspond to clusters)
9.008 6.806 6.419 4.355 3.646 3.558 3.121 2.929 2.24 1.868
8.06 7.894 7.33 6.483 4.453 3.436 3.006 2.744 2.244 2.102

 *************************************************

 ********************* rotation ******************

 *************************************************


 The orthogonal matrix Q >>
0.113 0.555 0.242 0.094 0.288 0.451 0.055 0.099 0.407 0.383
0.555 -0.723 0.121 0.047 0.144 0.225 0.027 0.05 0.203 0.191
0.242 0.121 -0.948 0.02 0.063 0.098 0.012 0.022 0.088 0.083
0.094 0.047 0.02 -0.992 0.024 0.038 0.005 0.008 0.034 0.032
0.288 0.144 0.063 0.024 -0.925 0.117 0.014 0.026 0.105 0.099
0.451 0.225 0.098 0.038 0.117 -0.817 0.022 0.04 0.165 0.155
0.055 0.027 0.012 0.005 0.014 0.022 -0.997 0.005 0.02 0.019
0.099 0.05 0.022 0.008 0.026 0.04 0.005 -0.991 0.036 0.034
0.407 0.203 0.088 0.034 0.105 0.165 0.02 0.036 -0.851 0.14
0.383 0.191 0.083 0.032 0.099 0.155 0.019 0.034 0.14 -0.868

 Mean vectors and covariance matrices after rotation --- 1th cluster >>

 mean vector (mu'=Q*mu)>>
-2.032 -1.402 -1.054 -0.343 -1.489 -0.412 -0.363 -0.2 -0.884 -1.649

 covariance matrix (Sigma'=Q*Sigma*t(Q))>>

2.567 0.283 0.218 0.256 0.202 0.467 0.023 0.623 0.041 -0.671
0.283 3.196 -0.218 0 0.134 0.366 0.018 0.106 0 -0.389
0.218 -0.218 8.884 -0.322 0.075 -0.628 0.036 -0.107 0.035 -0.036
0.256 0 -0.322 3.419 0.125 0.398 0.03 -0.257 0.032 0.081
0.202 0.134 0.075 0.125 3.039 0.186 0.01 0.382 0.007 -0.499
0.467 0.366 -0.628 0.398 0.186 3.246 -0.03 0.668 -0.159 -1.707
0.023 0.018 0.036 0.03 0.01 -0.03 3.645 0.11 -0.005 -0.138
0.623 0.106 -0.107 -0.257 0.382 0.668 0.11 6.065 0.217 0.576
0.041 0 0.035 0.032 0.007 -0.159 -0.005 0.217 4.332 -0.33
-0.671 -0.389 -0.036 0.081 -0.499 -1.707 -0.138 0.576 -0.33 5.555

 Mean vectors and covariance matrices after rotation --- 2th cluster >>

 mean vector (mu'=Q*mu)>>
2.032 1.402 1.054 0.343 1.489 0.412 0.363 0.2 0.884 1.649

 covariance matrix (Sigma'=Q*Sigma*t(Q))>>

6.926 -0.966 -0.885 -0.684 -0.537 -0.659 -0.527 -0.234 -0.178 -0.736
-0.966 4.43 0.871 0.595 -0.445 -0.585 0.471 0.228 -0.229 -0.72
-0.885 0.871 3.779 0.554 -0.434 -0.601 0.431 0.207 -0.248 -0.669
-0.684 0.595 0.554 2.559 -0.387 -0.742 0.342 0.158 -0.255 -0.533
-0.537 -0.445 -0.434 -0.387 6.226 -0.07 -0.288 -0.122 -0.057 -0.399
-0.659 -0.585 -0.601 -0.742 -0.07 7.295 -0.493 -0.21 0.408 -0.353
-0.527 0.471 0.431 0.342 -0.288 -0.493 2.503 0.121 -0.185 -0.408
-0.234 0.228 0.207 0.158 -0.122 -0.21 0.121 2.801 -0.075 -0.179
-0.178 -0.229 -0.248 -0.255 -0.057 0.408 -0.185 -0.075 4.463 -0.129
-0.736 -0.72 -0.669 -0.533 -0.399 -0.353 -0.408 -0.179 -0.129 6.771

 Final eigenvalues for each cluster >> 
 (rows correspond to clusters)
9.008 6.806 6.419 4.355 3.646 3.558 3.121 2.929 2.24 1.868
8.06 7.894 7.33 6.483 4.453 3.436 3.006 2.744 2.244 2.102

 theoretical Separation index matrix >>

-1 0.01
0.01 -1

 theoretical projection directions >>

**** cluster 1 and 2
0.534 0.431 0.204 0.147 0.382 0.204 0.173 -0.05 0.232 0.437

 empirical Separation index matrix (alpha= 0.05 )>>

-1 0.08
0.08 -1

 empirical projection directions >>

**** cluster 1 and 2
0.649 0.425 0.349 0.187 0.221 0.033 0.154 -0.093 0.107 0.385
