
 Log information for the data set datasetJHG3v2nv10out0_1.dat >>

 alpha = 0.05 sepVal = 0.34

 Number of clusters >> 3

 cluster sizes >>
50 50 50

 Number of data points >> 150

 Number of dimensions >> 12

 Number of noisy dimensions >> 10

 noisy variables >>
1 2 3 4 5 7 9 10 11 12

 Number of outliers >> 0

 initial eigenvalues for each cluster >> 
 (rows correspond to clusters)
7.671 6.673
6.388 9.468
9.352 6.273

 Mean vectors and covariance matrices before rotation --- 1th cluster >>

 mean vector (mu'=Q*mu)>>
-11.521 0 6.557 3.614 1.56 3.139 5.733 3.132 3.458 5.885 5.232 2.622

 covariance matrix (Sigma'=Q*Sigma*t(Q))>>

7.439 0.422 0 0 0 0 0 0 0 0 0 0
0.422 6.905 0 0 0 0 0 0 0 0 0 0
0 0 96.492 -0.167 0.022 -0.259 0.078 -0.039 0.195 -0.455 0.029 -0.162
0 0 -0.167 96.794 -0.027 -0.146 -0.032 -0.028 -0.047 -0.158 -0.002 -0.094
0 0 0.022 -0.027 96.16 -0.043 0.001 -0.007 0.008 -0.061 0.002 -0.027
0 0 -0.259 -0.146 -0.043 96.615 -0.05 -0.045 -0.073 -0.257 -0.002 -0.151
0 0 0.078 -0.032 0.001 -0.05 95.986 -0.008 0.026 -0.081 0.004 -0.032
0 0 -0.039 -0.028 -0.007 -0.045 -0.008 96.679 -0.011 -0.052 0 -0.029
0 0 0.195 -0.047 0.008 -0.073 0.026 -0.011 95.913 -0.132 0.009 -0.045
0 0 -0.455 -0.158 -0.061 -0.257 -0.081 -0.052 -0.132 97.389 -0.008 -0.166
0 0 0.029 -0.002 0.002 -0.002 0.004 0 0.009 -0.008 95.519 -0.001
0 0 -0.162 -0.094 -0.027 -0.151 -0.032 -0.029 -0.045 -0.166 -0.001 96.73

 Mean vectors and covariance matrices before rotation --- 2th cluster >>

 mean vector (mu'=Q*mu)>>
11.521 0 6.557 3.614 1.56 3.139 5.733 3.132 3.458 5.885 5.232 2.622

 covariance matrix (Sigma'=Q*Sigma*t(Q))>>

9.381 -0.511 0 0 0 0 0 0 0 0 0 0
-0.511 6.476 0 0 0 0 0 0 0 0 0 0
0 0 96.492 -0.167 0.022 -0.259 0.078 -0.039 0.195 -0.455 0.029 -0.162
0 0 -0.167 96.794 -0.027 -0.146 -0.032 -0.028 -0.047 -0.158 -0.002 -0.094
0 0 0.022 -0.027 96.16 -0.043 0.001 -0.007 0.008 -0.061 0.002 -0.027
0 0 -0.259 -0.146 -0.043 96.615 -0.05 -0.045 -0.073 -0.257 -0.002 -0.151
0 0 0.078 -0.032 0.001 -0.05 95.986 -0.008 0.026 -0.081 0.004 -0.032
0 0 -0.039 -0.028 -0.007 -0.045 -0.008 96.679 -0.011 -0.052 0 -0.029
0 0 0.195 -0.047 0.008 -0.073 0.026 -0.011 95.913 -0.132 0.009 -0.045
0 0 -0.455 -0.158 -0.061 -0.257 -0.081 -0.052 -0.132 97.389 -0.008 -0.166
0 0 0.029 -0.002 0.002 -0.002 0.004 0 0.009 -0.008 95.519 -0.001
0 0 -0.162 -0.094 -0.027 -0.151 -0.032 -0.029 -0.045 -0.166 -0.001 96.73

 Mean vectors and covariance matrices before rotation --- 3th cluster >>

 mean vector (mu'=Q*mu)>>
0 19.954 6.557 3.614 1.56 3.139 5.733 3.132 3.458 5.885 5.232 2.622

 covariance matrix (Sigma'=Q*Sigma*t(Q))>>

10.399 1.333 0 0 0 0 0 0 0 0 0 0
1.333 7.955 0 0 0 0 0 0 0 0 0 0
0 0 96.492 -0.167 0.022 -0.259 0.078 -0.039 0.195 -0.455 0.029 -0.162
0 0 -0.167 96.794 -0.027 -0.146 -0.032 -0.028 -0.047 -0.158 -0.002 -0.094
0 0 0.022 -0.027 96.16 -0.043 0.001 -0.007 0.008 -0.061 0.002 -0.027
0 0 -0.259 -0.146 -0.043 96.615 -0.05 -0.045 -0.073 -0.257 -0.002 -0.151
0 0 0.078 -0.032 0.001 -0.05 95.986 -0.008 0.026 -0.081 0.004 -0.032
0 0 -0.039 -0.028 -0.007 -0.045 -0.008 96.679 -0.011 -0.052 0 -0.029
0 0 0.195 -0.047 0.008 -0.073 0.026 -0.011 95.913 -0.132 0.009 -0.045
0 0 -0.455 -0.158 -0.061 -0.257 -0.081 -0.052 -0.132 97.389 -0.008 -0.166
0 0 0.029 -0.002 0.002 -0.002 0.004 0 0.009 -0.008 95.519 -0.001
0 0 -0.162 -0.094 -0.027 -0.151 -0.032 -0.029 -0.045 -0.166 -0.001 96.73

 Final eigenvalues for each cluster >> 
 (rows correspond to clusters)
97.637 96.884 96.85 96.827 96.688 96.162 95.977 95.883 95.85 95.518 7.671 6.673
97.637 96.884 96.85 96.827 96.688 96.162 95.977 95.883 95.85 95.518 9.468 6.388
97.637 96.884 96.85 96.827 96.688 96.162 95.977 95.883 95.85 95.518 10.985 7.368

 *************************************************

 ********************* rotation ******************

 *************************************************


 The orthogonal matrix Q >>
0.175 0.985
0.985 -0.175

 Mean vectors and covariance matrices after rotation --- 1th cluster >>

 mean vector (mu'=Q*mu)>>
5.885 3.139 6.557 5.232 1.56 -2.018 2.622 -11.342 3.458 5.733 3.132 3.614

 covariance matrix (Sigma'=Q*Sigma*t(Q))>>

97.389 -0.257 -0.455 -0.008 -0.061 0 -0.166 0 -0.132 -0.081 -0.052 -0.158
-0.257 96.615 -0.259 -0.002 -0.043 0 -0.151 0 -0.073 -0.05 -0.045 -0.146
-0.455 -0.259 96.492 0.029 0.022 0 -0.162 0 0.195 0.078 -0.039 -0.167
-0.008 -0.002 0.029 95.519 0.002 0 -0.001 0 0.009 0.004 0 -0.002
-0.061 -0.043 0.022 0.002 96.16 0 -0.027 0 0.008 0.001 -0.007 -0.027
0 0 0 0 0 7.067 0 0.488 0 0 0 0
-0.166 -0.151 -0.162 -0.001 -0.027 0 96.73 0 -0.045 -0.032 -0.029 -0.094
0 0 0 0 0 0.488 0 7.277 0 0 0 0
-0.132 -0.073 0.195 0.009 0.008 0 -0.045 0 95.913 0.026 -0.011 -0.047
-0.081 -0.05 0.078 0.004 0.001 0 -0.032 0 0.026 95.986 -0.008 -0.032
-0.052 -0.045 -0.039 0 -0.007 0 -0.029 0 -0.011 -0.008 96.679 -0.028
-0.158 -0.146 -0.167 -0.002 -0.027 0 -0.094 0 -0.047 -0.032 -0.028 96.794

 Mean vectors and covariance matrices after rotation --- 2th cluster >>

 mean vector (mu'=Q*mu)>>
5.885 3.139 6.557 5.232 1.56 2.018 2.622 11.342 3.458 5.733 3.132 3.614

 covariance matrix (Sigma'=Q*Sigma*t(Q))>>

97.389 -0.257 -0.455 -0.008 -0.061 0 -0.166 0 -0.132 -0.081 -0.052 -0.158
-0.257 96.615 -0.259 -0.002 -0.043 0 -0.151 0 -0.073 -0.05 -0.045 -0.146
-0.455 -0.259 96.492 0.029 0.022 0 -0.162 0 0.195 0.078 -0.039 -0.167
-0.008 -0.002 0.029 95.519 0.002 0 -0.001 0 0.009 0.004 0 -0.002
-0.061 -0.043 0.022 0.002 96.16 0 -0.027 0 0.008 0.001 -0.007 -0.027
0 0 0 0 0 6.389 0 0.022 0 0 0 0
-0.166 -0.151 -0.162 -0.001 -0.027 0 96.73 0 -0.045 -0.032 -0.029 -0.094
0 0 0 0 0 0.022 0 9.468 0 0 0 0
-0.132 -0.073 0.195 0.009 0.008 0 -0.045 0 95.913 0.026 -0.011 -0.047
-0.081 -0.05 0.078 0.004 0.001 0 -0.032 0 0.026 95.986 -0.008 -0.032
-0.052 -0.045 -0.039 0 -0.007 0 -0.029 0 -0.011 -0.008 96.679 -0.028
-0.158 -0.146 -0.167 -0.002 -0.027 0 -0.094 0 -0.047 -0.032 -0.028 96.794

 Mean vectors and covariance matrices after rotation --- 3th cluster >>

 mean vector (mu'=Q*mu)>>
5.885 3.139 6.557 5.232 1.56 19.646 2.622 -3.496 3.458 5.733 3.132 3.614

 covariance matrix (Sigma'=Q*Sigma*t(Q))>>

97.389 -0.257 -0.455 -0.008 -0.061 0 -0.166 0 -0.132 -0.081 -0.052 -0.158
-0.257 96.615 -0.259 -0.002 -0.043 0 -0.151 0 -0.073 -0.05 -0.045 -0.146
-0.455 -0.259 96.492 0.029 0.022 0 -0.162 0 0.195 0.078 -0.039 -0.167
-0.008 -0.002 0.029 95.519 0.002 0 -0.001 0 0.009 0.004 0 -0.002
-0.061 -0.043 0.022 0.002 96.16 0 -0.027 0 0.008 0.001 -0.007 -0.027
0 0 0 0 0 8.49 0 1.673 0 0 0 0
-0.166 -0.151 -0.162 -0.001 -0.027 0 96.73 0 -0.045 -0.032 -0.029 -0.094
0 0 0 0 0 1.673 0 9.864 0 0 0 0
-0.132 -0.073 0.195 0.009 0.008 0 -0.045 0 95.913 0.026 -0.011 -0.047
-0.081 -0.05 0.078 0.004 0.001 0 -0.032 0 0.026 95.986 -0.008 -0.032
-0.052 -0.045 -0.039 0 -0.007 0 -0.029 0 -0.011 -0.008 96.679 -0.028
-0.158 -0.146 -0.167 -0.002 -0.027 0 -0.094 0 -0.047 -0.032 -0.028 96.794

 Final eigenvalues for each cluster >> 
 (rows correspond to clusters)
97.637 96.884 96.85 96.827 96.688 96.162 95.977 95.883 95.85 95.518 7.671 6.673
97.637 96.884 96.85 96.827 96.688 96.162 95.977 95.883 95.85 95.518 9.468 6.388
97.637 96.884 96.85 96.827 96.688 96.162 95.977 95.883 95.85 95.518 10.985 7.368

 theoretical Separation index matrix >>

-1 0.34 0.34
0.34 -1 0.366
0.34 0.366 -1

 theoretical projection directions >>

**** cluster 1 and 2
0 0 0 0 0 0.178 0 0.984 0 0 0 0

**** cluster 1 and 3
0 0 0 0 0 0.977 0 0.212 0 0 0 0

**** cluster 2 and 3
0 0 0 0 0 0.825 0 -0.565 0 0 0 0

 empirical Separation index matrix (alpha= 0.05 )>>

-1 0.389 0.332
0.389 -1 0.325
0.332 0.325 -1

 empirical projection directions >>

**** cluster 1 and 2
-0.021 -0.029 0 -0.022 -0.015 -0.848 0.002 0.524 -0.027 0.041 0.031 -0.005

**** cluster 1 and 3
-0.03 -0.001 0.019 -0.038 -0.011 -0.97 0.013 -0.231 -0.006 0.031 -0.036 -0.032

**** cluster 2 and 3
-0.011 0.052 -0.042 0.1 -0.046 -0.146 0.018 -0.979 0.003 -0.05 -0.033 -0.007
