
 Log information for the data set datasetJMG3v10nv0out0_3.dat >>

 alpha = 0.05 sepVal = 0.21

 Number of clusters >> 3

 cluster sizes >>
50 50 50

 Number of data points >> 150

 Number of dimensions >> 10

 Number of noisy dimensions >> 0

 noisy variables >>
0

 Number of outliers >> 0

 initial eigenvalues for each cluster >> 
 (rows correspond to clusters)
9.014 7.234 9.878 4.082 1.088 1.099 4.884 8.044 2.68 1.875
4.284 3.158 1.439 7.91 8.162 9.759 5.562 1.408 5.771 4.358
1.411 6.216 8.895 1.544 3.559 9.659 6.115 7.452 1.584 8.473

 Mean vectors and covariance matrices before rotation --- 1th cluster >>

 mean vector (mu'=Q*mu)>>
-6.58 0 0 0 0 0 0 0 0 0

 covariance matrix (Sigma'=Q*Sigma*t(Q))>>

5.803 -0.161 -1.139 1.367 1.64 0.541 0.128 -0.643 0.681 1.325
-0.161 7.29 -0.1 0.447 0.416 0.137 0.05 0.029 0.19 0.349
-1.139 -0.1 9.502 0.235 0.361 0.119 0.017 -0.268 0.139 0.283
1.367 0.447 0.235 5.733 1.269 0.418 0.203 0.634 0.628 1.105
1.64 0.416 0.361 1.269 1.983 0.295 0.161 0.645 0.46 0.794
0.541 0.137 0.119 0.418 0.295 1.196 0.053 0.213 0.152 0.262
0.128 0.05 0.017 0.203 0.161 0.053 4.909 0.067 0.079 0.14
-0.643 0.029 -0.268 0.634 0.645 0.213 0.067 7.974 0.284 0.534
0.681 0.19 0.139 0.628 0.46 0.152 0.079 0.284 2.913 0.405
1.325 0.349 0.283 1.105 0.794 0.262 0.14 0.534 0.405 2.576

 Mean vectors and covariance matrices before rotation --- 2th cluster >>

 mean vector (mu'=Q*mu)>>
6.58 0 0 0 0 0 0 0 0 0

 covariance matrix (Sigma'=Q*Sigma*t(Q))>>

4.394 0.354 1.103 -0.027 -0.835 -1.657 -0.636 1.389 -0.777 -0.062
0.354 3.679 0.514 -0.006 -0.198 -0.434 -0.05 0.645 -0.085 0.06
1.103 0.514 2.37 -0.002 -0.09 -0.293 0.206 1.014 0.186 0.198
-0.027 -0.006 -0.002 8.569 -0.009 -0.016 -0.013 -0.003 -0.015 -0.005
-0.835 -0.198 -0.09 -0.009 8.561 -0.482 -0.397 -0.109 -0.441 -0.157
-1.657 -0.434 -0.293 -0.016 -0.482 9.771 -0.734 -0.36 -0.81 -0.31
-0.636 -0.05 0.206 -0.013 -0.397 -0.734 5.597 0.262 -0.493 -0.123
1.389 0.645 1.014 -0.003 -0.109 -0.36 0.262 2.795 0.238 0.249
-0.777 -0.085 0.186 -0.015 -0.441 -0.81 -0.493 0.238 5.687 -0.15
-0.062 0.06 0.198 -0.005 -0.157 -0.31 -0.123 0.249 -0.15 4.707

 Mean vectors and covariance matrices before rotation --- 3th cluster >>

 mean vector (mu'=Q*mu)>>
0 11.398 0 0 0 0 0 0 0 0

 covariance matrix (Sigma'=Q*Sigma*t(Q))>>

5.076 -0.984 -1.548 0.541 0.205 -0.034 -0.658 -0.118 0.66 -1.691
-0.984 5.18 -1.009 -0.162 -0.588 -0.02 -0.716 -0.093 -0.205 -1.155
-1.548 -1.009 7.988 -0.247 -0.67 -0.018 -0.7 -0.087 -0.309 -1.048
0.541 -0.162 -0.247 1.623 0.023 -0.005 -0.109 -0.019 0.097 -0.271
0.205 -0.588 -0.67 0.023 3.352 -0.014 -0.403 -0.058 0.026 -0.754
-0.034 -0.02 -0.018 -0.005 -0.014 9.659 -0.014 -0.002 -0.007 -0.021
-0.658 -0.716 -0.7 -0.109 -0.403 -0.014 5.621 -0.064 -0.137 -0.801
-0.118 -0.093 -0.087 -0.019 -0.058 -0.002 -0.064 7.444 -0.024 -0.1
0.66 -0.205 -0.309 0.097 0.026 -0.007 -0.137 -0.024 1.702 -0.338
-1.691 -1.155 -1.048 -0.271 -0.754 -0.021 -0.801 -0.1 -0.338 7.263

 Final eigenvalues for each cluster >> 
 (rows correspond to clusters)
9.878 9.014 8.044 7.234 4.884 4.082 2.68 1.875 1.099 1.088
10.572 8.842 8.569 6.252 6.025 4.721 4.641 3.421 1.559 1.526
9.659 8.895 8.473 7.452 6.216 6.115 3.559 1.584 1.544 1.411

 *************************************************

 ********************* rotation ******************

 *************************************************


 The orthogonal matrix Q >>
0.053 0.219 0.479 0.472 0.468 0.27 0.325 0.066 0.242 0.192
0.219 -0.955 0.099 0.098 0.097 0.056 0.067 0.014 0.05 0.04
0.479 0.099 -0.782 0.215 0.213 0.123 0.148 0.03 0.11 0.087
0.472 0.098 0.215 -0.788 0.21 0.121 0.146 0.03 0.108 0.086
0.468 0.097 0.213 0.21 -0.792 0.12 0.144 0.03 0.108 0.085
0.27 0.056 0.123 0.121 0.12 -0.931 0.083 0.017 0.062 0.049
0.325 0.067 0.148 0.146 0.144 0.083 -0.9 0.021 0.075 0.059
0.066 0.014 0.03 0.03 0.03 0.017 0.021 -0.996 0.015 0.012
0.242 0.05 0.11 0.108 0.108 0.062 0.075 0.015 -0.944 0.044
0.192 0.04 0.087 0.086 0.085 0.049 0.059 0.012 0.044 -0.965

 Mean vectors and covariance matrices after rotation --- 1th cluster >>

 mean vector (mu'=Q*mu)>>
-2.138 -1.263 -3.152 -1.777 -0.437 -3.106 -3.08 -1.591 -1.438 -0.346

 covariance matrix (Sigma'=Q*Sigma*t(Q))>>

5.284 -0.278 0.325 0.432 0.089 -0.071 0.363 0.133 0.113 1.011
-0.278 1.952 -0.477 -0.046 0.417 0.015 -0.008 -0.038 -0.043 -0.224
0.325 -0.477 9.596 0.474 -0.286 -0.524 0.306 0.037 -0.172 -0.629
0.432 -0.046 0.474 1.566 0.245 0.288 0.559 0.247 0.234 1.491
0.089 0.417 -0.286 0.245 7.967 0.498 0.608 0.255 0.005 -0.639
-0.071 0.015 -0.524 0.288 0.498 4.147 0.383 0.098 -0.012 -0.001
0.363 -0.008 0.306 0.559 0.608 0.383 1.786 0.287 0.278 1.816
0.133 -0.038 0.037 0.247 0.255 0.098 0.287 2.787 0.085 0.611
0.113 -0.043 -0.172 0.234 0.005 -0.012 0.278 0.085 7.204 -0.182
1.011 -0.224 -0.629 1.491 -0.639 -0.001 1.816 0.611 -0.182 7.59

 Mean vectors and covariance matrices after rotation --- 2th cluster >>

 mean vector (mu'=Q*mu)>>
2.138 1.263 3.152 1.777 0.437 3.106 3.08 1.591 1.438 0.346

 covariance matrix (Sigma'=Q*Sigma*t(Q))>>

6.045 0.048 0.422 -0.149 -0.316 -0.272 -0.244 -0.001 0.022 0.281
0.048 4.753 0.189 -0.041 -0.111 -0.293 -0.201 0.072 0.04 0.179
0.422 0.189 2.033 0.201 0.072 -1.03 -0.505 0.581 0.321 1.015
-0.149 -0.041 0.201 10.435 -0.796 0.078 -0.047 -0.242 -0.231 -0.204
-0.316 -0.111 0.072 -0.796 2.54 -1.028 -1.042 -0.159 0.209 -0.591
-0.272 -0.293 -1.03 0.078 -1.028 6.87 -1.099 0.023 -0.514 -1.642
-0.244 -0.201 -0.505 -0.047 -1.042 -1.099 8.072 -0.099 -0.425 -1.11
-0.001 0.072 0.581 -0.242 -0.159 0.023 -0.099 6.171 0.075 0.42
0.022 0.04 0.321 -0.231 0.209 -0.514 -0.425 0.075 3.573 0.228
0.281 0.179 1.015 -0.204 -0.591 -1.642 -1.11 0.42 0.228 5.637

 Mean vectors and covariance matrices after rotation --- 3th cluster >>

 mean vector (mu'=Q*mu)>>
0.769 0.454 1.133 0.639 0.157 1.117 1.108 0.572 -10.881 2.491

 covariance matrix (Sigma'=Q*Sigma*t(Q))>>

6.104 0.133 -0.211 -0.343 -0.022 0.339 0.056 0.005 0.039 -0.224
0.133 8.197 0.195 0.323 0.058 0.934 0.45 0.228 -0.273 0.662
-0.211 0.195 8.378 -0.689 -0.071 0.087 -0.317 -0.265 -0.046 -1.635
-0.343 0.323 -0.689 8.778 -0.117 -0.695 -0.686 -0.432 0.116 -2.041
-0.022 0.058 -0.071 -0.117 7.441 -0.01 -0.046 -0.037 0.023 -0.214
0.339 0.934 0.087 -0.695 -0.01 1.904 0.323 0.115 0.764 0.346
0.056 0.45 -0.317 -0.686 -0.046 0.323 3.67 0.054 0.34 0.059
0.005 0.228 -0.265 -0.432 -0.037 0.115 0.054 1.646 0.211 0.279
0.039 -0.273 -0.046 0.116 0.023 0.764 0.34 0.211 5.978 0.701
-0.224 0.662 -1.635 -2.041 -0.214 0.346 0.059 0.279 0.701 2.811

 Final eigenvalues for each cluster >> 
 (rows correspond to clusters)
9.878 9.014 8.044 7.234 4.884 4.082 2.68 1.875 1.099 1.088
10.572 8.842 8.569 6.252 6.025 4.721 4.641 3.421 1.559 1.526
9.659 8.895 8.473 7.452 6.216 6.115 3.559 1.584 1.544 1.411

 theoretical Separation index matrix >>

-1 0.21 0.21
0.21 -1 0.217
0.21 0.217 -1

 theoretical projection directions >>

**** cluster 1 and 2
0.246 0.314 0.461 0.144 0.137 0.526 0.48 0.183 0.215 0.036

**** cluster 1 and 3
0.131 -0.008 0.201 0.226 0.01 0.528 0.414 0.31 -0.556 0.188

**** cluster 2 and 3
-0.077 -0.059 -0.127 -0.04 -0.017 -0.13 -0.128 -0.067 -0.942 0.22

 empirical Separation index matrix (alpha= 0.05 )>>

-1 0.188 0.2
0.188 -1 0.272
0.2 0.272 -1

 empirical projection directions >>

**** cluster 1 and 2
0.134 -0.058 0.128 0.296 -0.05 0.403 0.39 0.27 -0.505 0.479

**** cluster 1 and 3
0.152 0.202 0.493 0.074 0.291 0.528 0.417 0.087 0.305 0.222

**** cluster 2 and 3
0.278 -0.032 0.091 0.039 0.208 0.251 0.098 -0.007 0.856 -0.251
