
 Log information for the data set datasetJHG2v10nv0out0_3.dat >>

 alpha = 0.05 sepVal = 0.34

 Number of clusters >> 2

 cluster sizes >>
50 50

 Number of data points >> 100

 Number of dimensions >> 10

 Number of noisy dimensions >> 0

 noisy variables >>
0

 Number of outliers >> 0

 initial eigenvalues for each cluster >> 
 (rows correspond to clusters)
9.946 4.071 5.802 5.882 7.951 8.15 9.26 7.593 5.896 4.067
3.856 8.445 6.323 1.257 9.582 1.973 4.171 1.916 5.517 5.794

 Mean vectors and covariance matrices before rotation --- 1th cluster >>

 mean vector (mu'=Q*mu)>>
-9.841 0 0 0 0 0 0 0 0 0

 covariance matrix (Sigma'=Q*Sigma*t(Q))>>

6.769 0.872 0.474 0.46 -0.166 -0.345 -0.416 -0.077 0.528 1.093
0.872 4.59 0.481 0.487 0.325 0.485 0.188 0.424 0.562 0.65
0.474 0.481 6.225 0.426 0.25 0.366 0.122 0.337 0.491 0.603
0.46 0.487 0.426 6.311 0.25 0.365 0.12 0.337 0.495 0.61
-0.166 0.325 0.25 0.25 8.046 0.126 0.005 0.144 0.288 0.407
-0.345 0.485 0.366 0.365 0.126 8.313 -0.007 0.199 0.421 0.607
-0.416 0.188 0.122 0.12 0.005 -0.007 9.213 0.029 0.138 0.236
-0.077 0.424 0.337 0.337 0.144 0.199 0.029 7.806 0.389 0.531
0.528 0.562 0.491 0.495 0.288 0.421 0.138 0.389 6.467 0.704
1.093 0.65 0.603 0.61 0.407 0.607 0.236 0.531 0.704 4.88

 Mean vectors and covariance matrices before rotation --- 2th cluster >>

 mean vector (mu'=Q*mu)>>
9.841 0 0 0 0 0 0 0 0 0

 covariance matrix (Sigma'=Q*Sigma*t(Q))>>

6.173 -1.317 -0.06 0.933 -1.881 0.49 0.016 0.355 -0.057 -0.03
-1.317 7.483 -0.105 -0.029 -1.149 -0.048 -0.012 -0.032 -0.717 -0.111
-0.06 -0.105 6.314 0.017 -0.131 0.006 -0.001 0.005 -0.059 -0.01
0.933 -0.029 0.017 1.486 -0.107 0.13 0.007 0.093 0.197 0.026
-1.881 -1.149 -0.131 -0.107 8.234 -0.099 -0.017 -0.069 -0.925 -0.142
0.49 -0.048 0.006 0.13 -0.099 2.046 0.004 0.052 0.089 0.011
0.016 -0.012 -0.001 0.007 -0.017 0.004 4.171 0.003 -0.002 0
0.355 -0.032 0.005 0.093 -0.069 0.052 0.003 1.954 0.066 0.008
-0.057 -0.717 -0.059 0.197 -0.925 0.089 -0.002 0.066 5.19 -0.055
-0.03 -0.111 -0.01 0.026 -0.142 0.011 0 0.008 -0.055 5.785

 Final eigenvalues for each cluster >> 
 (rows correspond to clusters)
9.946 9.26 8.15 7.951 7.593 5.896 5.882 5.802 4.071 4.067
9.582 8.445 6.323 5.794 5.517 4.171 3.856 1.973 1.916 1.257

 *************************************************

 ********************* rotation ******************

 *************************************************


 The orthogonal matrix Q >>
0.086 0.182 0.451 0.401 0.056 0.5 0.339 0.104 0.015 0.465
0.182 -0.97 0.076 0.067 0.009 0.084 0.057 0.017 0.003 0.078
0.451 0.076 -0.813 0.167 0.023 0.208 0.141 0.043 0.006 0.193
0.401 0.067 0.167 -0.852 0.021 0.185 0.125 0.038 0.006 0.172
0.056 0.009 0.023 0.021 -0.997 0.026 0.017 0.005 0.001 0.024
0.5 0.084 0.208 0.185 0.026 -0.77 0.156 0.048 0.007 0.214
0.339 0.057 0.141 0.125 0.017 0.156 -0.894 0.032 0.005 0.145
0.104 0.017 0.043 0.038 0.005 0.048 0.032 -0.99 0.001 0.044
0.015 0.003 0.006 0.006 0.001 0.007 0.005 0.001 -1 0.006
0.465 0.078 0.193 0.172 0.024 0.214 0.145 0.044 0.006 -0.801

 Mean vectors and covariance matrices after rotation --- 1th cluster >>

 mean vector (mu'=Q*mu)>>
-4.92 -1.019 -4.577 -0.147 -0.551 -4.44 -1.79 -3.946 -3.332 -0.849

 covariance matrix (Sigma'=Q*Sigma*t(Q))>>

8.056 -0.097 0.193 -0.369 -0.047 0.095 -0.178 0.036 -0.122 -0.134
-0.097 7.694 0.219 0.218 0.081 0.061 0.198 0.074 -0.159 -0.561
0.193 0.219 4.331 -0.036 0.227 0.192 -0.031 0.162 0.01 0.908
-0.369 0.218 -0.036 6.42 0.195 -0.223 0.258 -0.142 -0.395 -1.165
-0.047 0.081 0.227 0.195 8.01 0.09 0.198 0.098 -0.105 -0.454
0.095 0.061 0.192 -0.223 0.09 5.944 -0.132 0.096 -0.009 0.579
-0.178 0.198 -0.031 0.258 0.198 -0.132 4.142 -0.09 -0.239 -0.289
0.036 0.074 0.162 -0.142 0.098 0.096 -0.09 5.947 -0.056 0.361
-0.122 -0.159 0.01 -0.395 -0.105 -0.009 -0.239 -0.056 9.175 -0.145
-0.134 -0.561 0.908 -1.165 -0.454 0.579 -0.289 0.361 -0.145 8.899

 Mean vectors and covariance matrices after rotation --- 2th cluster >>

 mean vector (mu'=Q*mu)>>
4.92 1.019 4.577 0.147 0.551 4.44 1.79 3.946 3.332 0.849

 covariance matrix (Sigma'=Q*Sigma*t(Q))>>

3.091 0.123 0.457 0.183 1.038 0.347 0.734 0.781 0.555 1.158
0.123 1.938 -0.035 0.081 0.151 -0.056 0.077 0.111 0.018 0.177
0.457 -0.035 5.709 0.017 0.857 -0.168 0.424 0.209 0.155 -0.553
0.183 0.081 0.017 5.195 -0.884 0.008 -0.671 0.267 0.057 0.1
1.038 0.151 0.857 -0.884 8.476 0.827 -0.69 0.784 0.735 0.41
0.347 -0.056 -0.168 0.008 0.827 6.077 0.382 0.121 0.088 -0.767
0.734 0.077 0.424 -0.671 -0.69 0.382 7.913 0.53 0.46 -0.202
0.781 0.111 0.209 0.267 0.784 0.121 0.53 1.857 0.322 1.062
0.555 0.018 0.155 0.057 0.735 0.088 0.46 0.322 4.438 0.127
1.158 0.177 -0.553 0.1 0.41 -0.767 -0.202 1.062 0.127 4.139

 Final eigenvalues for each cluster >> 
 (rows correspond to clusters)
9.946 9.26 8.15 7.951 7.593 5.896 5.882 5.802 4.071 4.067
9.582 8.445 6.323 5.794 5.517 4.171 3.856 1.973 1.916 1.257

 theoretical Separation index matrix >>

-1 0.34
0.34 -1

 theoretical projection directions >>

**** cluster 1 and 2
0.446 0.112 0.492 0.024 -0.084 0.419 0.094 0.532 0.267 -0.013

 empirical Separation index matrix (alpha= 0.05 )>>

-1 0.351
0.351 -1

 empirical projection directions >>

**** cluster 1 and 2
0.508 0.108 0.377 0.005 -0.251 0.312 0.079 0.472 0.414 -0.164
