
 Log information for the data set datasetJMG5v10nv3out0_3.dat >>

 alpha = 0.05 sepVal = 0.21

 Number of clusters >> 5

 cluster sizes >>
50 50 50 50 50

 Number of data points >> 250

 Number of dimensions >> 13

 Number of noisy dimensions >> 3

 noisy variables >>
2 3 10

 Number of outliers >> 0

 initial eigenvalues for each cluster >> 
 (rows correspond to clusters)
8.964 6.876 5.734 1.743 5.497 2.565 1.831 6.275 2.511 6.739
1.674 2.645 3.113 4.682 1.859 3.759 2.562 1.844 8.103 6.036
6.341 3.801 8.15 5.842 5.56 4.088 9.447 2.073 5.654 5.809
1.68 9.713 7.01 8.216 5.322 4.931 3.753 3.376 5.797 8.353
8.441 7.953 2.832 1.386 4.519 1.384 5.093 8.873 6.183 7.052

 Mean vectors and covariance matrices before rotation --- 1th cluster >>

 mean vector (mu'=Q*mu)>>
-8.042 0 0 0 0 0 0 0 0 0 2.859 2.469 4.342

 covariance matrix (Sigma'=Q*Sigma*t(Q))>>

9.264 -0.37 0.452 1.089 0.534 0.048 3.584 0.036 0.894 -0.178 0 0 0
-0.37 12.038 0.63 0.527 0.594 0.025 1.744 0.228 0.459 0.298 0 0 0
0.452 0.63 10.499 0.553 0.738 0.026 1.836 0.311 0.491 0.444 0 0 0
1.089 0.527 0.553 3.232 0.495 0.014 0.946 0.233 0.261 0.361 0 0 0
0.534 0.594 0.738 0.495 9.974 0.024 1.642 0.289 0.441 0.417 0 0 0
0.048 0.025 0.026 0.014 0.024 4.339 0.047 0.011 0.013 0.017 0 0 0
3.584 1.744 1.836 0.946 1.642 0.047 6.247 0.771 0.87 1.195 0 0 0
0.036 0.228 0.311 0.233 0.289 0.011 0.771 10.731 0.205 0.163 0 0 0
0.894 0.459 0.491 0.261 0.441 0.013 0.87 0.205 4.485 0.315 0 0 0
-0.178 0.298 0.444 0.361 0.417 0.017 1.195 0.163 0.315 11.612 0 0 0
0 0 0 0 0 0 0 0 0 0 14.395 -6.733 3.186
0 0 0 0 0 0 0 0 0 0 -6.733 29.47 2.697
0 0 0 0 0 0 0 0 0 0 3.186 2.697 34.267

 Mean vectors and covariance matrices before rotation --- 2th cluster >>

 mean vector (mu'=Q*mu)>>
8.042 0 0 0 0 0 0 0 0 0 2.859 2.469 4.342

 covariance matrix (Sigma'=Q*Sigma*t(Q))>>

6.277 0.126 0.188 -0.371 0.615 0.02 0.745 0.564 -1.175 -1.683 0 0 0
0.126 4.063 -0.005 -0.048 0.019 -0.055 0.01 0.018 -0.09 -0.151 0 0 0
0.188 -0.005 4.747 -0.154 0.025 -0.209 -0.022 0.023 -0.25 -0.44 0 0 0
-0.371 -0.048 -0.154 6.816 -0.081 -0.646 -0.256 -0.073 -0.466 -0.918 0 0 0
0.615 0.019 0.025 -0.081 2.957 -0.027 0.115 0.093 -0.223 -0.332 0 0 0
0.02 -0.055 -0.209 -0.646 -0.027 4.768 -0.279 -0.023 -0.917 -1.705 0 0 0
0.745 0.01 -0.022 -0.256 0.115 -0.279 4.006 0.106 -0.493 -0.816 0 0 0
0.564 0.018 0.023 -0.073 0.093 -0.023 0.106 2.918 -0.202 -0.3 0 0 0
-1.175 -0.09 -0.25 -0.466 -0.223 -0.917 -0.493 -0.202 11.994 -1.002 0 0 0
-1.683 -0.151 -0.44 -0.918 -0.332 -1.705 -0.816 -0.3 -1.002 7.175 0 0 0
0 0 0 0 0 0 0 0 0 0 14.395 -6.733 3.186
0 0 0 0 0 0 0 0 0 0 -6.733 29.47 2.697
0 0 0 0 0 0 0 0 0 0 3.186 2.697 34.267

 Mean vectors and covariance matrices before rotation --- 3th cluster >>

 mean vector (mu'=Q*mu)>>
0 13.93 0 0 0 0 0 0 0 0 2.859 2.469 4.342

 covariance matrix (Sigma'=Q*Sigma*t(Q))>>

5.588 0.38 -0.753 -0.003 0.014 0.791 -0.211 0.734 0.089 0.002 0 0 0
0.38 3.909 0.009 0.113 0.018 0.246 -0.008 0.156 0.172 0.022 0 0 0
-0.753 0.009 7.856 -0.141 -0.017 -0.006 -0.069 0.084 -0.179 -0.027 0 0 0
-0.003 0.113 -0.141 5.883 0.009 0.243 -0.043 0.198 0.081 0.008 0 0 0
0.014 0.018 -0.017 0.009 5.562 0.04 -0.006 0.031 0.017 0.002 0 0 0
0.791 0.246 -0.006 0.243 0.04 4.645 -0.024 0.36 0.373 0.047 0 0 0
-0.211 -0.008 -0.069 -0.043 -0.006 -0.024 9.432 0.005 -0.058 -0.008 0 0 0
0.734 0.156 0.084 0.198 0.031 0.36 0.005 2.28 0.294 0.038 0 0 0
0.089 0.172 -0.179 0.081 0.017 0.373 -0.058 0.294 5.801 0.016 0 0 0
0.002 0.022 -0.027 0.008 0.002 0.047 -0.008 0.038 0.016 5.81 0 0 0
0 0 0 0 0 0 0 0 0 0 14.395 -6.733 3.186
0 0 0 0 0 0 0 0 0 0 -6.733 29.47 2.697
0 0 0 0 0 0 0 0 0 0 3.186 2.697 34.267

 Mean vectors and covariance matrices before rotation --- 4th cluster >>

 mean vector (mu'=Q*mu)>>
0 4.643 13.133 0 0 0 0 0 0 0 2.859 2.469 4.342

 covariance matrix (Sigma'=Q*Sigma*t(Q))>>

5.512 -1.48 -0.579 -0.079 -0.125 0.016 0.144 0.916 -0.321 -1.022 0 0 0
-1.48 8.622 -0.789 -0.076 -0.893 -0.498 -0.213 -0.984 -0.972 -0.946 0 0 0
-0.579 -0.789 6.48 -0.053 -0.554 -0.302 -0.117 -0.522 -0.619 -0.662 0 0 0
-0.079 -0.076 -0.053 8.211 -0.058 -0.032 -0.013 -0.059 -0.063 -0.064 0 0 0
-0.125 -0.893 -0.554 -0.058 4.794 -0.279 -0.094 -0.386 -0.61 -0.725 0 0 0
0.016 -0.498 -0.302 -0.032 -0.279 4.786 -0.046 -0.182 -0.325 -0.401 0 0 0
0.144 -0.213 -0.117 -0.013 -0.094 -0.046 3.743 -0.025 -0.116 -0.165 0 0 0
0.916 -0.984 -0.522 -0.059 -0.386 -0.182 -0.025 3.357 -0.492 -0.752 0 0 0
-0.321 -0.972 -0.619 -0.063 -0.61 -0.325 -0.116 -0.492 5.102 -0.798 0 0 0
-1.022 -0.946 -0.662 -0.064 -0.725 -0.401 -0.165 -0.752 -0.798 7.544 0 0 0
0 0 0 0 0 0 0 0 0 0 14.395 -6.733 3.186
0 0 0 0 0 0 0 0 0 0 -6.733 29.47 2.697
0 0 0 0 0 0 0 0 0 0 3.186 2.697 34.267

 Mean vectors and covariance matrices before rotation --- 5th cluster >>

 mean vector (mu'=Q*mu)>>
0 4.643 3.283 12.716 0 0 0 0 0 0 2.859 2.469 4.342

 covariance matrix (Sigma'=Q*Sigma*t(Q))>>

17.629 -3.475 1.894 0.253 1.693 6.439 0.896 -1.843 -0.168 -0.858 0 0 0
-3.475 27.366 0.753 0.095 0.84 2.425 0.621 -0.53 -0.013 -0.195 0 0 0
1.894 0.753 11.014 0.096 1.758 2.443 1.905 0.206 0.216 0.381 0 0 0
0.253 0.095 0.096 4.941 0.187 0.245 0.206 0.029 0.024 0.045 0 0 0
1.693 0.84 1.758 0.187 19.165 4.753 3.234 0.128 0.336 0.529 0 0 0
6.439 2.425 2.443 0.245 4.753 11.151 5.238 0.746 0.618 1.145 0 0 0
0.896 0.621 1.905 0.206 3.234 5.238 21.456 0.008 0.329 0.479 0 0 0
-1.843 -0.53 0.206 0.029 0.128 0.746 0.008 31.304 -0.037 -0.143 0 0 0
-0.168 -0.013 0.216 0.024 0.336 0.618 0.329 -0.037 22.027 0.027 0 0 0
-0.858 -0.195 0.381 0.045 0.529 1.145 0.479 -0.143 0.027 25.086 0 0 0
0 0 0 0 0 0 0 0 0 0 14.395 -6.733 3.186
0 0 0 0 0 0 0 0 0 0 -6.733 29.47 2.697
0 0 0 0 0 0 0 0 0 0 3.186 2.697 34.267

 Final eigenvalues for each cluster >> 
 (rows correspond to clusters)
35.479 31.5 15.16 11.628 11.396 11.152 10.613 9.697 9.297 4.338 4.246 3.096 2.948
35.479 31.5 12.446 11.152 9.271 7.192 5.773 4.781 4.062 3.936 2.856 2.833 2.571
35.479 31.5 11.152 9.447 8.15 6.341 5.842 5.809 5.654 5.56 4.088 3.801 2.073
35.479 31.5 11.152 9.713 8.353 8.216 7.01 5.797 5.322 4.931 3.753 3.376 1.68
35.479 31.573 31.5 30.038 28.299 25.095 22 18.122 16.08 11.152 10.076 4.931 4.924

 *************************************************

 ********************* rotation ******************

 *************************************************


 The orthogonal matrix Q >>
0.086 0.049 0.277 0.395 0.035 0.367 0.408 0.127 0.441 0.495
0.049 -0.998 0.013 0.018 0.002 0.017 0.019 0.006 0.02 0.023
0.277 0.013 -0.929 0.101 0.009 0.094 0.104 0.032 0.113 0.126
0.395 0.018 0.101 -0.857 0.013 0.133 0.148 0.046 0.16 0.18
0.035 0.002 0.009 0.013 -0.999 0.012 0.013 0.004 0.014 0.016
0.367 0.017 0.094 0.133 0.012 -0.876 0.138 0.043 0.149 0.167
0.408 0.019 0.104 0.148 0.013 0.138 -0.847 0.048 0.166 0.186
0.127 0.006 0.032 0.046 0.004 0.043 0.048 -0.985 0.052 0.058
0.441 0.02 0.113 0.16 0.014 0.149 0.166 0.052 -0.821 0.201
0.495 0.023 0.126 0.18 0.016 0.167 0.186 0.058 0.201 -0.775

 Mean vectors and covariance matrices after rotation --- 1th cluster >>

 mean vector (mu'=Q*mu)>>
-0.281 2.859 2.469 -3.977 -2.228 -3.174 -1.02 -0.691 -3.55 4.342 -0.398 -3.281 -2.949

 covariance matrix (Sigma'=Q*Sigma*t(Q))>>

9.842 0 0 -0.543 0.159 -0.213 0.029 -1.515 -0.351 0 0.464 0.747 -0.588
0 14.395 -6.733 0 0 0 0 0 0 3.186 0 0 0
0 -6.733 29.47 0 0 0 0 0 0 2.697 0 0 0
-0.543 0 0 11.001 -0.477 0.7 -0.187 -0.673 0.694 0 -0.239 -0.765 0.987
0.159 0 0 -0.477 9.659 0.282 -0.033 -1.095 0.187 0 0.271 0.261 0.141
-0.213 0 0 0.7 0.282 4.163 0.166 2.51 1.302 0 0.18 0.065 1.402
0.029 0 0 -0.187 -0.033 0.166 10.592 -0.514 0.13 0 0.071 0.109 0.117
-1.515 0 0 -0.673 -1.095 2.51 -0.514 10.037 2.482 0 -1.466 -0.02 2.805
-0.351 0 0 0.694 0.187 1.302 0.13 2.482 5.648 0 0.071 -0.117 1.564
0 3.186 2.697 0 0 0 0 0 0 34.267 0 0 0
0.464 0 0 -0.239 0.271 0.18 0.071 -1.466 0.071 0 11.936 1.155 -0.232
0.747 0 0 -0.765 0.261 0.065 0.109 -0.02 -0.117 0 1.155 3.429 -0.232
-0.588 0 0 0.987 0.141 1.402 0.117 2.805 1.564 0 -0.232 -0.232 6.113

 Mean vectors and covariance matrices after rotation --- 2th cluster >>

 mean vector (mu'=Q*mu)>>
0.281 2.859 2.469 3.977 2.228 3.174 1.02 0.691 3.55 4.342 0.398 3.281 2.949

 covariance matrix (Sigma'=Q*Sigma*t(Q))>>

2.932 0 0 -0.436 -0.072 -0.21 0.04 0.184 -0.409 0 0.002 -0.03 -0.113
0 14.395 -6.733 0 0 0 0 0 0 3.186 0 0 0
0 -6.733 29.47 0 0 0 0 0 0 2.697 0 0 0
-0.436 0 0 9.234 0.18 0.085 -0.144 -0.016 -0.481 0 -0.041 0.057 -0.294
-0.072 0 0 0.18 4.795 -0.018 -0.027 -0.05 -0.435 0 0.003 0.027 0.185
-0.21 0 0 0.085 -0.018 7.106 -0.113 -0.446 -0.622 0 -0.025 -0.088 0.005
0.04 0 0 -0.144 -0.027 -0.113 2.863 0.173 -0.401 0 0.009 0.022 0.063
0.184 0 0 -0.016 -0.05 -0.446 0.173 3.67 -2.579 0 0.082 0.307 1.003
-0.409 0 0 -0.481 -0.435 -0.622 -0.401 -2.579 11.283 0 -0.124 -0.8 -0.634
0 3.186 2.697 0 0 0 0 0 0 34.267 0 0 0
0.002 0 0 -0.041 0.003 -0.025 0.009 0.082 -0.124 0 4.065 0.018 0.015
-0.03 0 0 0.057 0.027 -0.088 0.022 0.307 -0.8 0 0.018 4.044 0.273
-0.113 0 0 -0.294 0.185 0.005 0.063 1.003 -0.634 0 0.015 0.273 5.729

 Mean vectors and covariance matrices after rotation --- 3th cluster >>

 mean vector (mu'=Q*mu)>>
0.022 2.859 2.469 0.314 0.176 0.25 0.08 0.689 0.28 4.342 -13.899 0.259 0.233

 covariance matrix (Sigma'=Q*Sigma*t(Q))>>

5.561 0 0 -0.001 -0.005 0.004 0.006 0.013 0.007 0 0 -0.045 0.014
0 14.395 -6.733 0 0 0 0 0 0 3.186 0 0 0
0 -6.733 29.47 0 0 0 0 0 0 2.697 0 0 0
-0.001 0 0 5.96 0.255 0.079 -0.258 0.399 0.05 0 -0.217 -0.41 -0.181
-0.005 0 0 0.255 8.124 0.056 -0.032 -0.097 0.016 0 -0.105 -0.131 0.012
0.004 0 0 0.079 0.056 5.9 -0.051 0.205 0.064 0 -0.083 -0.405 0.024
0.006 0 0 -0.258 -0.032 -0.051 2.118 0.1 0.003 0 0.061 -0.374 0.053
0.013 0 0 0.399 -0.097 0.205 0.1 6.61 0.224 0 -0.138 -1.036 0.341
0.007 0 0 0.05 0.016 0.064 0.003 0.224 5.741 0 -0.051 -0.499 0.095
0 3.186 2.697 0 0 0 0 0 0 34.267 0 0 0
0 0 0 -0.217 -0.105 -0.083 0.061 -0.138 -0.051 0 3.86 -0.258 0.035
-0.045 0 0 -0.41 -0.131 -0.405 -0.374 -1.036 -0.499 0 -0.258 8.667 -0.602
0.014 0 0 -0.181 0.012 0.024 0.053 0.341 0.095 0 0.035 -0.602 4.224

 Mean vectors and covariance matrices after rotation --- 4th cluster >>

 mean vector (mu'=Q*mu)>>
0.124 2.859 2.469 1.761 -12.147 1.406 0.452 3.868 1.572 4.342 -4.467 1.453 1.306

 covariance matrix (Sigma'=Q*Sigma*t(Q))>>

4.868 0 0 -0.186 -0.23 0.318 -0.251 1.009 -0.113 0 -0.745 0.348 0.121
0 14.395 -6.733 0 0 0 0 0 0 3.186 0 0 0
0 -6.733 29.47 0 0 0 0 0 0 2.697 0 0 0
-0.186 0 0 7.927 -0.139 -0.538 -0.697 -0.894 -0.236 0 0.422 0.108 -0.123
-0.23 0 0 -0.139 6.946 -0.071 -0.412 0.171 -0.028 0 0.008 0.29 0.083
0.318 0 0 -0.538 -0.071 7.211 -0.215 -1.688 -0.31 0 0.938 -0.438 -0.388
-0.251 0 0 -0.697 -0.412 -0.215 3.36 0.855 -0.386 0 -0.637 0.009 -0.143
1.009 0 0 -0.894 0.171 -1.688 0.855 4.227 0.277 0 1.452 0.154 0.097
-0.113 0 0 -0.236 -0.028 -0.31 -0.386 0.277 5.801 0 0.271 0.31 0.086
0 3.186 2.697 0 0 0 0 0 0 34.267 0 0 0
-0.745 0 0 0.422 0.008 0.938 -0.637 1.452 0.271 0 8.892 0.912 0.515
0.348 0 0 0.108 0.29 -0.438 0.009 0.154 0.31 0 0.912 3.933 0.151
0.121 0 0 -0.123 0.083 -0.388 -0.143 0.097 0.086 0 0.515 0.151 4.987

 Mean vectors and covariance matrices after rotation --- 5th cluster >>

 mean vector (mu'=Q*mu)>>
0.198 2.859 2.469 2.805 -1.712 -10.478 0.719 6.158 2.504 4.342 -4.363 2.314 2.079

 covariance matrix (Sigma'=Q*Sigma*t(Q))>>

18.79 0 0 -2.164 0.238 -1.728 -0.533 -4.052 -2.038 0 0.648 0.926 2.559
0 14.395 -6.733 0 0 0 0 0 0 3.186 0 0 0
0 -6.733 29.47 0 0 0 0 0 0 2.697 0 0 0
-2.164 0 0 23.954 -0.428 2.454 -0.011 -0.989 -0.568 0 0.782 -1.687 -2.498
0.238 0 0 -0.428 10.462 1.306 0.235 1.435 -0.274 0 1.282 0.547 0.273
-1.728 0 0 2.454 1.306 9.508 0.984 7.424 2.507 0 1.206 1.211 -0.206
-0.533 0 0 -0.011 0.235 0.984 31.446 -0.95 0.187 0 -0.237 -0.2 0.124
-4.052 0 0 -0.989 1.435 7.424 -0.95 22.514 0.628 0 -1.096 -1.917 0.187
-2.038 0 0 -0.568 -0.274 2.507 0.187 0.628 21.866 0 0.901 -1.262 -2.325
0 3.186 2.697 0 0 0 0 0 0 34.267 0 0 0
0.648 0 0 0.782 1.282 1.206 -0.237 -1.096 0.901 0 27.573 1.304 2.869
0.926 0 0 -1.687 0.547 1.211 -0.2 -1.917 -1.262 0 1.304 18.652 1.319
2.559 0 0 -2.498 0.273 -0.206 0.124 0.187 -2.325 0 2.869 1.319 6.372

 Final eigenvalues for each cluster >> 
 (rows correspond to clusters)
35.479 31.5 15.16 11.628 11.396 11.152 10.613 9.697 9.297 4.338 4.246 3.096 2.948
35.479 31.5 12.446 11.152 9.271 7.192 5.773 4.781 4.062 3.936 2.856 2.833 2.571
35.479 31.5 11.152 9.447 8.15 6.341 5.842 5.809 5.654 5.56 4.088 3.801 2.073
35.479 31.5 11.152 9.713 8.353 8.216 7.01 5.797 5.322 4.931 3.753 3.376 1.68
35.479 31.573 31.5 30.038 28.299 25.095 22 18.122 16.08 11.152 10.076 4.931 4.924

 theoretical Separation index matrix >>

-1 0.227 0.21 0.218 0.264
0.227 -1 0.338 0.27 0.21
0.21 0.338 -1 0.21 0.218
0.218 0.27 0.21 -1 0.21
0.264 0.21 0.218 0.21 -1

 theoretical projection directions >>

**** cluster 1 and 2
0.063 0 0 0.305 0.221 0.353 0.121 -0.023 0.331 0 -0.014 0.718 0.297

**** cluster 1 and 3
0.041 0 0 0.201 0.109 0.242 0.102 -0.069 0.252 0 -0.81 0.319 0.227

**** cluster 1 and 4
-0.01 0 0 0.254 -0.483 0.325 0.074 0.169 0.257 0 -0.244 0.627 0.209

**** cluster 1 and 5
0.04 0 0 0.245 0.071 -0.777 0.059 0.353 0.233 0 -0.061 0.277 0.259

**** cluster 2 and 3
-0.035 0 0 -0.151 -0.087 -0.134 -0.119 -0.025 -0.142 0 -0.93 -0.171 -0.148

**** cluster 2 and 4
-0.138 0 0 -0.079 -0.823 -0.034 -0.227 0.361 -0.071 0 -0.294 -0.102 -0.11

**** cluster 2 and 5
0.018 0 0 0.05 -0.173 -0.874 0.027 0.431 0.046 0 -0.069 0.061 -0.083

**** cluster 3 and 4
0.017 0 0 0.111 -0.716 0.074 0.071 0.196 0.085 0 0.636 0.089 0.075

**** cluster 3 and 5
0.019 0 0 0.161 -0.07 -0.827 0.053 0.398 0.141 0 0.277 0.138 0.089

**** cluster 4 and 5
-0.002 0 0 0.109 0.56 -0.78 0.031 0.223 0.1 0 0.013 0.068 0.031

 empirical Separation index matrix (alpha= 0.05 )>>

-1 0.22 0.316 0.334 0.266
0.22 -1 0.344 0.301 0.218
0.316 0.344 -1 0.253 0.201
0.334 0.301 0.253 -1 0.348
0.266 0.218 0.201 0.348 -1

 empirical projection directions >>

**** cluster 1 and 2
0.091 0.059 0.032 -0.245 0.389 -0.204 -0.309 -0.123 -0.254 0.023 0.256 -0.675 -0.194

**** cluster 1 and 3
-0.004 -0.012 0.006 0.149 0.612 -0.697 0.1 0.176 0.067 0.063 0.024 0.244 -0.087

**** cluster 1 and 4
0.06 0.115 0.055 0.127 0.822 -0.029 0.232 -0.257 0.067 -0.054 0.263 0.298 0.05

**** cluster 1 and 5
-0.015 0.05 0.094 -0.177 0.75 -0.154 -0.196 -0.036 -0.123 0.077 -0.475 -0.282 -0.068

**** cluster 2 and 3
-0.022 -0.002 -0.081 0.238 0.051 -0.776 0.117 0.372 0.15 0.005 -0.077 0.378 0.091

**** cluster 2 and 4
0.082 0.02 0.07 0.39 0.144 0.194 0.145 -0.089 0.26 -0.054 -0.069 0.776 0.266

**** cluster 2 and 5
-0.084 0.009 -0.011 0.199 0.052 0.183 0.22 0.053 0.23 -0.042 -0.789 0.406 0.152

**** cluster 3 and 4
0.132 -0.035 0.082 -0.079 0.257 0.792 -0.064 -0.484 -0.023 -0.012 0.156 -0.097 0.051

**** cluster 3 and 5
0.003 -0.01 0.076 -0.225 0.149 0.822 -0.067 -0.435 -0.057 0.025 -0.093 -0.19 -0.05

**** cluster 4 and 5
-0.147 0.059 0.019 -0.207 0.04 -0.237 -0.187 0.146 -0.15 0.052 -0.848 -0.175 -0.206
