
 Log information for the data set datasetJLG3v5nv10out0_2.dat >>

 alpha = 0.05 sepVal = 0.01

 Number of clusters >> 3

 cluster sizes >>
50 50 50

 Number of data points >> 150

 Number of dimensions >> 15

 Number of noisy dimensions >> 10

 noisy variables >>
2 5 6 7 8 9 12 13 14 15

 Number of outliers >> 0

 initial eigenvalues for each cluster >> 
 (rows correspond to clusters)
5.749 7.199 3.944 1.593 4.745
8.272 2.616 3.687 7.14 4.107
7.87 2.973 4.43 6.047 7.055

 Mean vectors and covariance matrices before rotation --- 1th cluster >>

 mean vector (mu'=Q*mu)>>
-4.455 0 0 0 0 0.755 1.242 1.08 0.93 0.902 1.349 1.595 1.054 0.615 1.786

 covariance matrix (Sigma'=Q*Sigma*t(Q))>>

4.299 -1.258 0.089 1.436 -0.291 0 0 0 0 0 0 0 0 0 0
-1.258 6.385 -0.108 0.289 -0.556 0 0 0 0 0 0 0 0 0 0
0.089 -0.108 4.062 0.549 0.22 0 0 0 0 0 0 0 0 0 0
1.436 0.289 0.549 3.466 1.334 0 0 0 0 0 0 0 0 0 0
-0.291 -0.556 0.22 1.334 5.018 0 0 0 0 0 0 0 0 0 0
0 0 0 0 0 11.751 -0.74 -0.088 -0.069 -0.529 0.514 -0.375 0.397 -0.035 -2.324
0 0 0 0 0 -0.74 13.568 -0.152 -0.069 -0.237 -0.594 -0.802 -0.162 -0.4 -1.177
0 0 0 0 0 -0.088 -0.152 11.53 -0.023 -0.084 -0.167 -0.251 -0.04 -0.122 -0.409
0 0 0 0 0 -0.069 -0.069 -0.023 12.364 -0.038 -0.082 -0.118 -0.021 -0.058 -0.185
0 0 0 0 0 -0.529 -0.237 -0.084 -0.038 15.851 -0.344 -0.443 -0.099 -0.224 -0.616
0 0 0 0 0 0.514 -0.594 -0.167 -0.082 -0.344 9.11 -0.862 -0.073 -0.397 -1.644
0 0 0 0 0 -0.375 -0.802 -0.251 -0.118 -0.443 -0.862 10.078 -0.2 -0.632 -2.16
0 0 0 0 0 0.397 -0.162 -0.04 -0.021 -0.099 -0.073 -0.2 8.214 -0.085 -0.462
0 0 0 0 0 -0.035 -0.4 -0.122 -0.058 -0.224 -0.397 -0.632 -0.085 10.479 -1.086
0 0 0 0 0 -2.324 -1.177 -0.409 -0.185 -0.616 -1.644 -2.16 -0.462 -1.086 11.949

 Mean vectors and covariance matrices before rotation --- 2th cluster >>

 mean vector (mu'=Q*mu)>>
4.455 0 0 0 0 0.755 1.242 1.08 0.93 0.902 1.349 1.595 1.054 0.615 1.786

 covariance matrix (Sigma'=Q*Sigma*t(Q))>>

5.864 0.978 1.131 -0.925 0.255 0 0 0 0 0 0 0 0 0 0
0.978 4.917 2.262 0.323 0.873 0 0 0 0 0 0 0 0 0 0
1.131 2.262 10.163 0.53 1.798 0 0 0 0 0 0 0 0 0 0
-0.925 0.323 0.53 10.433 0.174 0 0 0 0 0 0 0 0 0 0
0.255 0.873 1.798 0.174 6.743 0 0 0 0 0 0 0 0 0 0
0 0 0 0 0 11.751 -0.74 -0.088 -0.069 -0.529 0.514 -0.375 0.397 -0.035 -2.324
0 0 0 0 0 -0.74 13.568 -0.152 -0.069 -0.237 -0.594 -0.802 -0.162 -0.4 -1.177
0 0 0 0 0 -0.088 -0.152 11.53 -0.023 -0.084 -0.167 -0.251 -0.04 -0.122 -0.409
0 0 0 0 0 -0.069 -0.069 -0.023 12.364 -0.038 -0.082 -0.118 -0.021 -0.058 -0.185
0 0 0 0 0 -0.529 -0.237 -0.084 -0.038 15.851 -0.344 -0.443 -0.099 -0.224 -0.616
0 0 0 0 0 0.514 -0.594 -0.167 -0.082 -0.344 9.11 -0.862 -0.073 -0.397 -1.644
0 0 0 0 0 -0.375 -0.802 -0.251 -0.118 -0.443 -0.862 10.078 -0.2 -0.632 -2.16
0 0 0 0 0 0.397 -0.162 -0.04 -0.021 -0.099 -0.073 -0.2 8.214 -0.085 -0.462
0 0 0 0 0 -0.035 -0.4 -0.122 -0.058 -0.224 -0.397 -0.632 -0.085 10.479 -1.086
0 0 0 0 0 -2.324 -1.177 -0.409 -0.185 -0.616 -1.644 -2.16 -0.462 -1.086 11.949

 Mean vectors and covariance matrices before rotation --- 3th cluster >>

 mean vector (mu'=Q*mu)>>
0 7.717 0 0 0 0.755 1.242 1.08 0.93 0.902 1.349 1.595 1.054 0.615 1.786

 covariance matrix (Sigma'=Q*Sigma*t(Q))>>

5.602 1.429 0.49 0.132 -0.098 0 0 0 0 0 0 0 0 0 0
1.429 4.119 0.585 1.232 0.153 0 0 0 0 0 0 0 0 0 0
0.49 0.585 4.715 0.546 0.061 0 0 0 0 0 0 0 0 0 0
0.132 1.232 0.546 6.885 0.064 0 0 0 0 0 0 0 0 0 0
-0.098 0.153 0.061 0.064 7.054 0 0 0 0 0 0 0 0 0 0
0 0 0 0 0 11.751 -0.74 -0.088 -0.069 -0.529 0.514 -0.375 0.397 -0.035 -2.324
0 0 0 0 0 -0.74 13.568 -0.152 -0.069 -0.237 -0.594 -0.802 -0.162 -0.4 -1.177
0 0 0 0 0 -0.088 -0.152 11.53 -0.023 -0.084 -0.167 -0.251 -0.04 -0.122 -0.409
0 0 0 0 0 -0.069 -0.069 -0.023 12.364 -0.038 -0.082 -0.118 -0.021 -0.058 -0.185
0 0 0 0 0 -0.529 -0.237 -0.084 -0.038 15.851 -0.344 -0.443 -0.099 -0.224 -0.616
0 0 0 0 0 0.514 -0.594 -0.167 -0.082 -0.344 9.11 -0.862 -0.073 -0.397 -1.644
0 0 0 0 0 -0.375 -0.802 -0.251 -0.118 -0.443 -0.862 10.078 -0.2 -0.632 -2.16
0 0 0 0 0 0.397 -0.162 -0.04 -0.021 -0.099 -0.073 -0.2 8.214 -0.085 -0.462
0 0 0 0 0 -0.035 -0.4 -0.122 -0.058 -0.224 -0.397 -0.632 -0.085 10.479 -1.086
0 0 0 0 0 -2.324 -1.177 -0.409 -0.185 -0.616 -1.644 -2.16 -0.462 -1.086 11.949

 Final eigenvalues for each cluster >> 
 (rows correspond to clusters)
15.974 15.024 14.016 12.374 11.578 11.386 10.78 9.579 8.21 7.199 5.972 5.749 4.745 3.944 1.593
15.974 15.024 14.016 12.374 12.212 11.578 11.386 10.78 10.541 9.579 8.21 6.063 5.972 5.443 3.862
15.974 15.024 14.016 12.374 11.578 11.386 10.78 9.579 8.21 7.87 7.055 6.047 5.972 4.43 2.973

 *************************************************

 ********************* rotation ******************

 *************************************************


 The orthogonal matrix Q >>
0.126 0.517 0.841 0.086 0.034
0.517 -0.762 0.387 0.04 0.015
0.841 0.387 -0.371 0.064 0.025
0.086 0.04 0.064 -0.993 0.003
0.034 0.015 0.025 0.003 -0.999

 Mean vectors and covariance matrices after rotation --- 1th cluster >>

 mean vector (mu'=Q*mu)>>
-2.305 0.93 -0.15 -3.749 1.08 1.054 1.786 1.242 1.349 -0.56 -0.383 0.615 1.595 0.755 0.902

 covariance matrix (Sigma'=Q*Sigma*t(Q))>>

6.636 0 -0.418 0.032 0 0 0 0 0 -0.92 -0.712 0 0 0 0
0 12.364 0 0 -0.023 -0.021 -0.185 -0.069 -0.082 0 0 -0.058 -0.118 -0.069 -0.038
-0.418 0 5.035 0.427 0 0 0 0 0 -0.005 1.289 0 0 0 0
0.032 0 0.427 3.853 0 0 0 0 0 0.054 -1.126 0 0 0 0
0 -0.023 0 0 11.53 -0.04 -0.409 -0.152 -0.167 0 0 -0.122 -0.251 -0.088 -0.084
0 -0.021 0 0 -0.04 8.214 -0.462 -0.162 -0.073 0 0 -0.085 -0.2 0.397 -0.099
0 -0.185 0 0 -0.409 -0.462 11.949 -1.177 -1.644 0 0 -1.086 -2.16 -2.324 -0.616
0 -0.069 0 0 -0.152 -0.162 -1.177 13.568 -0.594 0 0 -0.4 -0.802 -0.74 -0.237
0 -0.082 0 0 -0.167 -0.073 -1.644 -0.594 9.11 0 0 -0.397 -0.862 0.514 -0.344
-0.92 0 -0.005 0.054 0 0 0 0 0 4.58 -0.779 0 0 0 0
-0.712 0 1.289 -1.126 0 0 0 0 0 -0.779 3.126 0 0 0 0
0 -0.058 0 0 -0.122 -0.085 -1.086 -0.4 -0.397 0 0 10.479 -0.632 -0.035 -0.224
0 -0.118 0 0 -0.251 -0.2 -2.16 -0.802 -0.862 0 0 -0.632 10.078 -0.375 -0.443
0 -0.069 0 0 -0.088 0.397 -2.324 -0.74 0.514 0 0 -0.035 -0.375 11.751 -0.529
0 -0.038 0 0 -0.084 -0.099 -0.616 -0.237 -0.344 0 0 -0.224 -0.443 -0.529 15.851

 Mean vectors and covariance matrices after rotation --- 2th cluster >>

 mean vector (mu'=Q*mu)>>
2.305 0.93 0.15 3.749 1.08 1.054 1.786 1.242 1.349 0.56 0.383 0.615 1.595 0.755 0.902

 covariance matrix (Sigma'=Q*Sigma*t(Q))>>

4.276 0 -0.147 0.307 0 0 0 0 0 1.517 0.426 0 0 0 0
0 12.364 0 0 -0.023 -0.021 -0.185 -0.069 -0.082 0 0 -0.058 -0.118 -0.069 -0.038
-0.147 0 6.613 0.079 0 0 0 0 0 -1.839 0.018 0 0 0 0
0.307 0 0.079 5.5 0 0 0 0 0 0.025 0.546 0 0 0 0
0 -0.023 0 0 11.53 -0.04 -0.409 -0.152 -0.167 0 0 -0.122 -0.251 -0.088 -0.084
0 -0.021 0 0 -0.04 8.214 -0.462 -0.162 -0.073 0 0 -0.085 -0.2 0.397 -0.099
0 -0.185 0 0 -0.409 -0.462 11.949 -1.177 -1.644 0 0 -1.086 -2.16 -2.324 -0.616
0 -0.069 0 0 -0.152 -0.162 -1.177 13.568 -0.594 0 0 -0.4 -0.802 -0.74 -0.237
0 -0.082 0 0 -0.167 -0.073 -1.644 -0.594 9.11 0 0 -0.397 -0.862 0.514 -0.344
1.517 0 -1.839 0.025 0 0 0 0 0 11.246 -0.378 0 0 0 0
0.426 0 0.018 0.546 0 0 0 0 0 -0.378 10.485 0 0 0 0
0 -0.058 0 0 -0.122 -0.085 -1.086 -0.4 -0.397 0 0 10.479 -0.632 -0.035 -0.224
0 -0.118 0 0 -0.251 -0.2 -2.16 -0.802 -0.862 0 0 -0.632 10.078 -0.375 -0.443
0 -0.069 0 0 -0.088 0.397 -2.324 -0.74 0.514 0 0 -0.035 -0.375 11.751 -0.529
0 -0.038 0 0 -0.084 -0.099 -0.616 -0.237 -0.344 0 0 -0.224 -0.443 -0.529 15.851

 Mean vectors and covariance matrices after rotation --- 3th cluster >>

 mean vector (mu'=Q*mu)>>
-5.882 0.93 0.119 2.984 1.08 1.054 1.786 1.242 1.349 3.992 0.305 0.615 1.595 0.755 0.902

 covariance matrix (Sigma'=Q*Sigma*t(Q))>>

3.277 0 0.107 0.224 0 0 0 0 0 0.51 0.579 0 0 0 0
0 12.364 0 0 -0.023 -0.021 -0.185 -0.069 -0.082 0 0 -0.058 -0.118 -0.069 -0.038
0.107 0 7.052 0.052 0 0 0 0 0 -0.138 0.023 0 0 0 0
0.224 0 0.052 5.768 0 0 0 0 0 1.188 -0.349 0 0 0 0
0 -0.023 0 0 11.53 -0.04 -0.409 -0.152 -0.167 0 0 -0.122 -0.251 -0.088 -0.084
0 -0.021 0 0 -0.04 8.214 -0.462 -0.162 -0.073 0 0 -0.085 -0.2 0.397 -0.099
0 -0.185 0 0 -0.409 -0.462 11.949 -1.177 -1.644 0 0 -1.086 -2.16 -2.324 -0.616
0 -0.069 0 0 -0.152 -0.162 -1.177 13.568 -0.594 0 0 -0.4 -0.802 -0.74 -0.237
0 -0.082 0 0 -0.167 -0.073 -1.644 -0.594 9.11 0 0 -0.397 -0.862 0.514 -0.344
0.51 0 -0.138 1.188 0 0 0 0 0 5.587 -1.139 0 0 0 0
0.579 0 0.023 -0.349 0 0 0 0 0 -1.139 6.691 0 0 0 0
0 -0.058 0 0 -0.122 -0.085 -1.086 -0.4 -0.397 0 0 10.479 -0.632 -0.035 -0.224
0 -0.118 0 0 -0.251 -0.2 -2.16 -0.802 -0.862 0 0 -0.632 10.078 -0.375 -0.443
0 -0.069 0 0 -0.088 0.397 -2.324 -0.74 0.514 0 0 -0.035 -0.375 11.751 -0.529
0 -0.038 0 0 -0.084 -0.099 -0.616 -0.237 -0.344 0 0 -0.224 -0.443 -0.529 15.851

 Final eigenvalues for each cluster >> 
 (rows correspond to clusters)
15.974 15.024 14.016 12.374 11.578 11.386 10.78 9.579 8.21 7.199 5.972 5.749 4.745 3.944 1.593
15.974 15.024 14.016 12.374 12.212 11.578 11.386 10.78 10.541 9.579 8.21 6.063 5.972 5.443 3.862
15.974 15.024 14.016 12.374 11.578 11.386 10.78 9.579 8.21 7.87 7.055 6.047 5.972 4.43 2.973

 theoretical Separation index matrix >>

-1 0.01 0.01
0.01 -1 0.091
0.01 0.091 -1

 theoretical projection directions >>

**** cluster 1 and 2
0.43 0 0.003 0.889 0 0 0 0 0 0.077 0.137 0 0 0 0

**** cluster 1 and 3
-0.37 0 -0.048 0.77 0 0 0 0 0 0.431 0.285 0 0 0 0

**** cluster 2 and 3
-0.951 0 0.037 -0.044 0 0 0 0 0 0.294 0.081 0 0 0 0

 empirical Separation index matrix (alpha= 0.05 )>>

-1 0.052 0.036
0.052 -1 0.114
0.036 0.114 -1

 empirical projection directions >>

**** cluster 1 and 2
0.511 -0.022 0.049 0.83 0.077 0.074 0.031 0.04 0.151 0.04 0.049 0.077 -0.003 0.025 0.012

**** cluster 1 and 3
-0.497 -0.046 -0.104 0.667 0.082 -0.117 0.167 -0.034 0.223 0.345 0.259 0.068 0.067 0.006 0.042

**** cluster 2 and 3
-0.907 -0.064 0.088 -0.108 0.073 0.046 0.059 -0.095 0.108 0.343 0.029 0.001 -0.02 -0.039 -0.036
