
 Log information for the data set datasetJMG5v10nv3out0_2.dat >>

 alpha = 0.05 sepVal = 0.21

 Number of clusters >> 5

 cluster sizes >>
50 50 50 50 50

 Number of data points >> 250

 Number of dimensions >> 13

 Number of noisy dimensions >> 3

 noisy variables >>
3 5 7

 Number of outliers >> 0

 initial eigenvalues for each cluster >> 
 (rows correspond to clusters)
5.703 4.051 5.665 5.19 7.883 6.937 8.68 9.369 6.759 3.805
8.401 6.305 3.964 3.405 9.261 2.881 8.694 3.365 7.184 2.449
9.778 2.274 2.598 8.615 4.184 4.725 2.802 1.767 4.356 3.793
2.104 4.57 1.303 5.331 5.161 5.534 4.288 1.175 2.145 2.157
5.666 5.418 5.978 5.459 3.021 8.499 9.792 1.389 9.374 1.324

 Mean vectors and covariance matrices before rotation --- 1th cluster >>

 mean vector (mu'=Q*mu)>>
-7.093 0 0 0 0 0 0 0 0 0 3.983 1.259 0.916

 covariance matrix (Sigma'=Q*Sigma*t(Q))>>

6.01 0.688 0.027 0.135 -0.986 -0.025 -0.812 -0.065 -0.027 0.739 0 0 0
0.688 4.356 0.051 0.105 -0.039 0.003 -0.077 -0.008 0.006 0.309 0 0 0
0.027 0.051 5.668 0.01 -0.071 -0.002 -0.058 -0.005 -0.002 0.055 0 0 0
0.135 0.105 0.01 5.218 -0.088 -0.002 -0.079 -0.007 -0.001 0.11 0 0 0
-0.986 -0.039 -0.071 -0.088 7.24 -0.025 -0.45 -0.033 -0.03 -0.01 0 0 0
-0.025 0.003 -0.002 -0.002 -0.025 6.937 -0.018 -0.001 -0.001 0.005 0 0 0
-0.812 -0.077 -0.058 -0.079 -0.45 -0.018 8.373 -0.022 -0.022 -0.057 0 0 0
-0.065 -0.008 -0.005 -0.007 -0.033 -0.001 -0.022 9.367 -0.002 -0.007 0 0 0
-0.027 0.006 -0.002 -0.001 -0.03 -0.001 -0.022 -0.002 6.758 0.007 0 0 0
0.739 0.309 0.055 0.11 -0.01 0.005 -0.057 -0.007 0.007 4.118 0 0 0
0 0 0 0 0 0 0 0 0 0 6.699 1.723 0.02
0 0 0 0 0 0 0 0 0 0 1.723 20.762 0.664
0 0 0 0 0 0 0 0 0 0 0.02 0.664 7.867

 Mean vectors and covariance matrices before rotation --- 2th cluster >>

 mean vector (mu'=Q*mu)>>
7.093 0 0 0 0 0 0 0 0 0 3.983 1.259 0.916

 covariance matrix (Sigma'=Q*Sigma*t(Q))>>

6.135 -0.075 0.508 0.095 -0.724 0.79 -1.318 1.253 -0.329 0.682 0 0 0
-0.075 6.742 0.471 0.079 -0.112 0.615 -0.11 1.04 0.159 0.506 0 0 0
0.508 0.471 4.32 0.057 0.071 0.431 0.226 0.752 0.25 0.347 0 0 0
0.095 0.079 0.057 3.415 0.015 0.069 0.044 0.121 0.043 0.055 0 0 0
-0.724 -0.112 0.071 0.015 9.048 0.135 -0.407 0.2 -0.139 0.121 0 0 0
0.79 0.615 0.431 0.069 0.135 3.393 0.37 0.9 0.342 0.409 0 0 0
-1.318 -0.11 0.226 0.044 -0.407 0.37 7.938 0.577 -0.217 0.323 0 0 0
1.253 1.04 0.752 0.121 0.2 0.9 0.577 4.942 0.568 0.721 0 0 0
-0.329 0.159 0.25 0.043 -0.139 0.342 -0.217 0.568 7.202 0.286 0 0 0
0.682 0.506 0.347 0.055 0.121 0.409 0.323 0.721 0.286 2.775 0 0 0
0 0 0 0 0 0 0 0 0 0 6.699 1.723 0.02
0 0 0 0 0 0 0 0 0 0 1.723 20.762 0.664
0 0 0 0 0 0 0 0 0 0 0.02 0.664 7.867

 Mean vectors and covariance matrices before rotation --- 3th cluster >>

 mean vector (mu'=Q*mu)>>
0 12.285 0 0 0 0 0 0 0 0 3.983 1.259 0.916

 covariance matrix (Sigma'=Q*Sigma*t(Q))>>

4.969 0.511 1.225 -0.954 0.201 0.376 1.108 1.266 0.276 0.828 0 0 0
0.511 2.846 0.497 0.141 0.158 0.498 0.475 0.429 0.249 0.517 0 0 0
1.225 0.497 4.319 0.349 0.407 1.278 1.229 1.112 0.639 1.332 0 0 0
-0.954 0.141 0.349 9.933 0.079 0.205 0.323 0.337 0.117 0.287 0 0 0
0.201 0.158 0.407 0.079 5.008 0.384 0.388 0.357 0.194 0.411 0 0 0
0.376 0.498 1.278 0.205 0.384 6.692 1.215 1.128 0.598 1.275 0 0 0
1.108 0.475 1.229 0.323 0.388 1.215 4.444 1.064 0.608 1.269 0 0 0
1.266 0.429 1.112 0.337 0.357 1.128 1.064 3.018 0.561 1.163 0 0 0
0.276 0.249 0.639 0.117 0.194 0.598 0.608 0.561 5.387 0.642 0 0 0
0.828 0.517 1.332 0.287 0.411 1.275 1.269 1.163 0.642 5.781 0 0 0
0 0 0 0 0 0 0 0 0 0 6.699 1.723 0.02
0 0 0 0 0 0 0 0 0 0 1.723 20.762 0.664
0 0 0 0 0 0 0 0 0 0 0.02 0.664 7.867

 Mean vectors and covariance matrices before rotation --- 4th cluster >>

 mean vector (mu'=Q*mu)>>
0 4.095 11.583 0 0 0 0 0 0 0 3.983 1.259 0.916

 covariance matrix (Sigma'=Q*Sigma*t(Q))>>

6.492 -0.565 0.769 -0.994 -1.321 -1.214 -0.548 0.365 0.872 0.932 0 0 0
-0.565 7.694 -0.031 -0.495 -0.693 -0.573 -0.449 -0.009 -0.19 -0.207 0 0 0
0.769 -0.031 2.485 -0.1 -0.124 -0.13 -0.011 0.085 0.245 0.263 0 0 0
-0.994 -0.495 -0.1 8.799 -0.876 -0.715 -0.59 -0.04 -0.33 -0.358 0 0 0
-1.321 -0.693 -0.124 -0.876 7.89 -1.008 -0.823 -0.048 -0.439 -0.477 0 0 0
-1.214 -0.573 -0.13 -0.715 -1.008 8.958 -0.684 -0.053 -0.402 -0.436 0 0 0
-0.548 -0.449 -0.011 -0.59 -0.823 -0.684 7.055 0.001 -0.186 -0.203 0 0 0
0.365 -0.009 0.085 -0.04 -0.048 -0.053 0.001 2.116 0.116 0.125 0 0 0
0.872 -0.19 0.245 -0.33 -0.439 -0.402 -0.186 0.116 4.065 0.293 0 0 0
0.932 -0.207 0.263 -0.358 -0.477 -0.436 -0.203 0.125 0.293 4.126 0 0 0
0 0 0 0 0 0 0 0 0 0 6.699 1.723 0.02
0 0 0 0 0 0 0 0 0 0 1.723 20.762 0.664
0 0 0 0 0 0 0 0 0 0 0.02 0.664 7.867

 Mean vectors and covariance matrices before rotation --- 5th cluster >>

 mean vector (mu'=Q*mu)>>
0 4.095 2.896 11.215 0 0 0 0 0 0 3.983 1.259 0.916

 covariance matrix (Sigma'=Q*Sigma*t(Q))>>

4.861 -0.061 -0.56 -0.262 0.621 -0.848 -0.387 1.603 -0.776 0.077 0 0 0
-0.061 5.415 -0.049 -0.016 0.081 -0.092 -0.043 0.199 -0.085 0.01 0 0 0
-0.56 -0.049 5.624 -0.205 0.252 -0.447 -0.2 0.709 -0.402 0.034 0 0 0
-0.262 -0.016 -0.205 5.388 0.315 -0.366 -0.17 0.777 -0.338 0.037 0 0 0
0.621 0.081 0.252 0.315 3.44 -0.061 -0.05 0.796 -0.089 0.038 0 0 0
-0.848 -0.092 -0.447 -0.366 -0.061 8.176 -0.13 0.07 -0.27 0.004 0 0 0
-0.387 -0.043 -0.2 -0.17 -0.05 -0.13 9.741 -0.018 -0.106 -0.001 0 0 0
1.603 0.199 0.709 0.777 0.796 0.07 -0.018 2.796 -0.01 0.067 0 0 0
-0.776 -0.085 -0.402 -0.338 -0.089 -0.27 -0.106 -0.01 9.152 0 0 0 0
0.077 0.01 0.034 0.037 0.038 0.004 -0.001 0.067 0 1.327 0 0 0
0 0 0 0 0 0 0 0 0 0 6.699 1.723 0.02
0 0 0 0 0 0 0 0 0 0 1.723 20.762 0.664
0 0 0 0 0 0 0 0 0 0 0.02 0.664 7.867

 Final eigenvalues for each cluster >> 
 (rows correspond to clusters)
21.004 9.369 8.68 7.883 7.836 6.937 6.759 6.488 5.703 5.665 5.19 4.051 3.805
21.004 9.261 8.694 8.401 7.836 7.184 6.488 6.305 3.964 3.405 3.365 2.881 2.449
21.004 11.412 10.056 7.836 6.488 5.515 5.084 4.883 4.427 3.27 3.032 2.654 2.062
21.004 9.779 9.421 9.122 8.077 7.836 7.578 6.488 3.813 3.791 3.719 2.303 2.077
21.004 9.792 9.374 8.499 7.836 6.488 5.978 5.666 5.459 5.418 3.021 1.389 1.324

 *************************************************

 ********************* rotation ******************

 *************************************************


 The orthogonal matrix Q >>
0.129 0.001 0.516 0.619 0.043 0.068 0.399 0.09 0.229 0.329
0.001 -1 0.001 0.001 0 0 0.001 0 0 0
0.516 0.001 -0.764 0.283 0.019 0.031 0.183 0.041 0.104 0.15
0.619 0.001 0.283 -0.661 0.023 0.037 0.219 0.049 0.125 0.18
0.043 0 0.019 0.023 -0.998 0.003 0.015 0.003 0.009 0.012
0.068 0 0.031 0.037 0.003 -0.996 0.024 0.005 0.014 0.02
0.399 0.001 0.183 0.219 0.015 0.024 -0.859 0.032 0.081 0.116
0.09 0 0.041 0.049 0.003 0.005 0.032 -0.993 0.018 0.026
0.229 0 0.104 0.125 0.009 0.014 0.081 0.018 -0.954 0.067
0.329 0 0.15 0.18 0.012 0.02 0.116 0.026 0.067 -0.904

 Mean vectors and covariance matrices after rotation --- 1th cluster >>

 mean vector (mu'=Q*mu)>>
-0.302 -0.639 3.983 -2.832 0.916 -0.01 1.259 -2.334 -3.659 -0.913 -1.621 -4.388 -0.484

 covariance matrix (Sigma'=Q*Sigma*t(Q))>>

7.341 0.066 0 0.026 0 -0.073 0 0.369 0.545 0.351 0.236 0.657 0.055
0.066 9.332 0 -0.096 0 -0.083 0 -0.097 -0.099 -0.294 -0.059 -0.107 -0.017
0 0 6.699 0 0.02 0 1.723 0 0 0 0 0 0
0.026 -0.096 0 8.408 0 -0.408 0 -0.159 -0.006 -0.798 -0.068 0.038 -0.027
0 0 0.02 0 7.867 0 0.664 0 0 0 0 0 0
-0.073 -0.083 0 -0.408 0 4.354 0 0.036 -0.376 -0.248 -0.184 -0.407 -0.053
0 0 1.723 0 0.664 0 20.762 0 0 0 0 0 0
0.369 -0.097 0 -0.159 0 0.036 0 3.927 -0.069 0.383 -0.105 0.006 -0.025
0.545 -0.099 0 -0.006 0 -0.376 0 -0.069 5.746 0.067 -0.057 0.175 -0.012
0.351 -0.294 0 -0.798 0 -0.248 0 0.383 0.067 5.81 -0.206 0.337 -0.065
0.236 -0.059 0 -0.068 0 -0.184 0 -0.105 -0.057 -0.206 6.694 -0.036 -0.017
0.657 -0.107 0 0.038 0 -0.407 0 0.006 0.175 0.337 -0.036 5.499 -0.005
0.055 -0.017 0 -0.027 0 -0.053 0 -0.025 -0.012 -0.065 -0.017 -0.005 6.932

 Mean vectors and covariance matrices after rotation --- 2th cluster >>

 mean vector (mu'=Q*mu)>>
0.302 0.639 3.983 2.832 0.916 0.01 1.259 2.334 3.659 0.913 1.621 4.388 0.484

 covariance matrix (Sigma'=Q*Sigma*t(Q))>>

9.105 0.168 0 -0.123 0 -0.13 0 0.333 0.413 0.023 0.009 0.482 0.126
0.168 4.549 0 -0.264 0 0.998 0 -0.018 -0.389 -1.243 0.056 -1.126 0.636
0 0 6.699 0 0.02 0 1.723 0 0 0 0 0 0
-0.123 -0.264 0 8.215 0 -0.286 0 0.344 0.341 -1.068 -0.198 0.721 -0.115
0 0 0.02 0 7.867 0 0.664 0 0 0 0 0 0
-0.13 0.998 0 -0.286 0 6.741 0 0.36 0.243 -0.574 0.058 -0.192 0.583
0 0 1.723 0 0.664 0 20.762 0 0 0 0 0 0
0.333 -0.018 0 0.344 0 0.36 0 2.621 0.172 0.299 0.183 0.291 -0.026
0.413 -0.389 0 0.341 0 0.243 0 0.172 4.152 0.14 0.135 0.554 -0.237
0.023 -1.243 0 -1.068 0 -0.574 0 0.299 0.14 5.326 -0.581 1.18 -0.672
0.009 0.056 0 -0.198 0 0.058 0 0.183 0.135 -0.581 7.133 0.215 0.041
0.482 -1.126 0 0.721 0 -0.192 0 0.291 0.554 1.18 0.215 4.847 -0.64
0.126 0.636 0 -0.115 0 0.583 0 -0.026 -0.237 -0.672 0.041 -0.64 3.219

 Mean vectors and covariance matrices after rotation --- 3th cluster >>

 mean vector (mu'=Q*mu)>>
0.001 0.001 3.983 0.006 0.916 -12.285 1.259 0.005 0.008 0.018 0.004 0.01 0.001

 covariance matrix (Sigma'=Q*Sigma*t(Q))>>

4.951 0.192 0 0.067 0 0.104 0 0.118 0.025 -0.462 0.016 -0.357 0.252
0.192 2.572 0 -0.039 0 0.313 0 0.193 -0.246 -1.338 -0.059 -1.245 0.777
0 0 6.699 0 0.02 0 1.723 0 0 0 0 0 0
0.067 -0.039 0 3.429 0 -0.025 0 0.162 0.219 0.524 0.076 -0.684 0.32
0 0 0.02 0 7.867 0 0.664 0 0 0 0 0 0
0.104 0.313 0 -0.025 0 2.842 0 0.103 -0.148 -0.895 -0.038 -0.632 0.41
0 0 1.723 0 0.664 0 20.762 0 0 0 0 0 0
0.118 0.193 0 0.162 0 0.103 0 4.646 0.15 -0.418 0.05 -0.962 0.491
0.025 -0.246 0 0.219 0 -0.148 0 0.15 3.403 1.322 0.125 -0.485 0.174
-0.462 -1.338 0 0.524 0 -0.895 0 -0.418 1.322 9.777 0.083 -0.26 -1.762
0.016 -0.059 0 0.076 0 -0.038 0 0.05 0.125 0.083 5.111 -0.382 0.094
-0.357 -1.245 0 -0.684 0 -0.632 0 -0.962 -0.485 -0.26 -0.382 9.249 -1.085
0.252 0.777 0 0.32 0 0.41 0 0.491 0.174 -1.762 0.094 -1.085 6.415

 Mean vectors and covariance matrices after rotation --- 4th cluster >>

 mean vector (mu'=Q*mu)>>
0.225 0.477 3.983 2.116 0.916 -4.087 1.259 1.744 -8.849 5.981 1.211 3.279 0.362

 covariance matrix (Sigma'=Q*Sigma*t(Q))>>

8.091 0.159 0 0.15 0 -0.64 0 0.29 1.129 1.328 0.084 0.585 -0.763
0.159 2.092 0 0.005 0 0.096 0 0.055 0.082 0.164 0.048 -0.13 0.116
0 0 6.699 0 0.02 0 1.723 0 0 0 0 0 0
0.15 0.005 0 7.567 0 0.018 0 -0.108 0.613 -0.043 -0.206 -0.227 0.148
0 0 0.02 0 7.867 0 0.664 0 0 0 0 0 0
-0.64 0.096 0 0.018 0 7.698 0 0.177 0.572 0.752 0.076 0.227 -0.49
0 0 1.723 0 0.664 0 20.762 0 0 0 0 0 0
0.29 0.055 0 -0.108 0 0.177 0 3.936 0.356 0.427 0.09 -0.564 0.194
1.129 0.082 0 0.613 0 0.572 0 0.356 3.243 1.316 0.198 0.311 0.939
1.328 0.164 0 -0.043 0 0.752 0 0.427 1.316 5.256 0.276 -1.427 0.978
0.084 0.048 0 -0.206 0 0.076 0 0.09 0.198 0.276 3.875 -0.607 0.021
0.585 -0.13 0 -0.227 0 0.227 0 -0.564 0.311 -1.427 -0.607 8.696 0.501
-0.763 0.116 0 0.148 0 -0.49 0 0.194 0.939 0.978 0.021 0.501 9.228

 Mean vectors and covariance matrices after rotation --- 5th cluster >>

 mean vector (mu'=Q*mu)>>
0.318 0.673 3.983 2.985 0.916 -4.084 1.259 2.46 0.961 8.438 1.709 -6.589 0.51

 covariance matrix (Sigma'=Q*Sigma*t(Q))>>

3.363 0.618 0 -0.464 0 0.085 0 -0.225 -0.203 -0.39 -0.284 -0.247 -0.075
0.618 2.389 0 -1.034 0 0.206 0 -0.605 -0.435 -0.931 -0.504 -0.629 0.017
0 0 6.699 0 0.02 0 1.723 0 0 0 0 0 0
-0.464 -1.034 0 8.744 0 -0.002 0 -0.089 -0.739 -1.711 -0.287 -0.968 0.235
0 0 0.02 0 7.867 0 0.664 0 0 0 0 0 0
0.085 0.206 0 -0.002 0 5.415 0 0.046 0.006 0.06 -0.06 0.051 -0.083
0 0 1.723 0 0.664 0 20.762 0 0 0 0 0 0
-0.225 -0.605 0 -0.089 0 0.046 0 1.858 0.537 1.058 0.27 0.515 0.43
-0.203 -0.435 0 -0.739 0 0.006 0 0.537 5.896 -0.152 -0.207 -0.074 0.153
-0.39 -0.931 0 -1.711 0 0.06 0 1.058 -0.152 5.344 -0.431 -0.201 0.439
-0.284 -0.504 0 -0.287 0 -0.06 0 0.27 -0.207 -0.431 9.272 -0.191 0.006
-0.247 -0.629 0 -0.968 0 0.051 0 0.515 -0.074 -0.201 -0.191 5.309 0.327
-0.075 0.017 0 0.235 0 -0.083 0 0.43 0.153 0.439 0.006 0.327 8.329

 Final eigenvalues for each cluster >> 
 (rows correspond to clusters)
21.004 9.369 8.68 7.883 7.836 6.937 6.759 6.488 5.703 5.665 5.19 4.051 3.805
21.004 9.261 8.694 8.401 7.836 7.184 6.488 6.305 3.964 3.405 3.365 2.881 2.449
21.004 11.412 10.056 7.836 6.488 5.515 5.084 4.883 4.427 3.27 3.032 2.654 2.062
21.004 9.779 9.421 9.122 8.077 7.836 7.578 6.488 3.813 3.791 3.719 2.303 2.077
21.004 9.792 9.374 8.499 7.836 6.488 5.978 5.666 5.459 5.418 3.021 1.389 1.324

 theoretical Separation index matrix >>

-1 0.21 0.281 0.253 0.234
0.21 -1 0.258 0.313 0.246
0.281 0.258 -1 0.33 0.21
0.253 0.313 0.33 -1 0.21
0.234 0.246 0.21 0.21 -1

 theoretical projection directions >>

**** cluster 1 and 2
-0.071 0.156 0 0.231 0 0.023 0 0.495 0.517 0.088 0.174 0.592 0.126

**** cluster 1 and 3
-0.004 0.069 0 0.11 0 -0.945 0 0.176 0.186 -0.043 0.065 0.129 0.038

**** cluster 1 and 4
-0.05 0.084 0 0.253 0 -0.215 0 0.344 -0.512 0.524 0.212 0.425 -0.001

**** cluster 1 and 5
0.042 0.24 0 0.359 0 -0.258 0 0.447 0.292 0.642 0.179 -0.126 0.007

**** cluster 2 and 3
-0.004 -0.059 0 -0.174 0 -0.891 0 -0.146 -0.265 -0.096 -0.086 -0.253 0.008

**** cluster 2 and 4
0.048 0.018 0 0.058 0 -0.087 0 -0.007 -0.919 0.372 0.022 0.029 0.041

**** cluster 2 and 5
0.038 0.02 0 0.09 0 -0.203 0 0.022 -0.132 0.568 0.045 -0.778 -0.004

**** cluster 3 and 4
0.063 0.086 0 0.14 0 0.385 0 0.137 -0.807 0.34 0.088 0.146 0.078

**** cluster 3 and 5
0.039 0.234 0 0.222 0 0.746 0 0.2 0.027 0.488 0.104 -0.217 0.006

**** cluster 4 and 5
-0.054 0.016 0 0.005 0 -0.031 0 -0.041 0.846 0.005 -0.005 -0.526 -0.027

 empirical Separation index matrix (alpha= 0.05 )>>

-1 0.372 0.332 0.303 0.277
0.372 -1 0.265 0.232 0.31
0.332 0.265 -1 0.3 0.205
0.303 0.232 0.3 -1 0.302
0.277 0.31 0.205 0.302 -1

 empirical projection directions >>

**** cluster 1 and 2
-0.142 -0.001 0.016 -0.029 0.047 -0.398 -0.032 -0.081 0.835 -0.281 -0.104 -0.001 -0.151

**** cluster 1 and 3
-0.105 -0.056 -0.063 0.078 0.087 0.103 -0.034 -0.137 0.863 -0.419 -0.057 0.046 -0.107

**** cluster 1 and 4
0.004 0.119 0.101 0.105 0.134 -0.056 -0.101 -0.093 0.646 0.157 0.105 -0.678 -0.106

**** cluster 1 and 5
0.098 -0.143 -0.139 -0.268 0.143 0.234 0.007 -0.429 0.512 -0.371 -0.096 -0.417 -0.191

**** cluster 2 and 3
0.024 0.257 -0.037 0.34 -0.056 0.842 0.051 0.02 0.169 0.018 0.159 0.207 -0.066

**** cluster 2 and 4
0.04 0.585 0.134 0.323 0.003 0.472 -0.013 0.056 0.052 0.438 0.23 -0.244 0.016

**** cluster 2 and 5
0.042 -0.039 -0.054 -0.01 -0.027 0.822 0.013 -0.185 -0.456 0.13 -0.087 -0.219 0.05

**** cluster 3 and 4
-0.019 0.191 0.138 0.049 0.144 -0.223 -0.038 0.138 -0.024 0.411 0.004 -0.823 -0.059

**** cluster 3 and 5
0.072 -0.191 0.02 -0.358 0.069 -0.079 0.02 -0.386 -0.553 -0.058 -0.069 -0.59 -0.085

**** cluster 4 and 5
0.085 -0.363 -0.241 -0.32 0.016 0.06 0.079 -0.632 -0.28 -0.379 -0.144 0.203 -0.083
