
 Log information for the data set datasetJMG5v5nv3out0_2.dat >>

 alpha = 0.05 sepVal = 0.21

 Number of clusters >> 5

 cluster sizes >>
50 50 50 50 50

 Number of data points >> 250

 Number of dimensions >> 8

 Number of noisy dimensions >> 3

 noisy variables >>
4 7 8

 Number of outliers >> 0

 initial eigenvalues for each cluster >> 
 (rows correspond to clusters)
2.611 5.089 5.215 9.505 6.37
5.434 6.515 7.905 7.531 2.604
6.161 9.711 4.4 4.926 9.143
6.399 8.638 9.236 4.212 3.123
4.376 4.987 7.618 4.045 1.457

 Mean vectors and covariance matrices before rotation --- 1th cluster >>

 mean vector (mu'=Q*mu)>>
-8.463 0 0 0 0 0.467 0.819 3.851

 covariance matrix (Sigma'=Q*Sigma*t(Q))>>

11.318 0.51 1.215 -3.301 0.025 0 0 0
0.51 7.952 -0.249 -1.2 -0.168 0 0 0
1.215 -0.249 7.516 -3.22 -0.464 0 0 0
-3.301 -1.2 -3.22 8.859 -1.36 0 0 0
0.025 -0.168 -0.464 -1.36 9.823 0 0 0
0 0 0 0 0 14.279 -5.886 3.642
0 0 0 0 0 -5.886 19.881 -0.79
0 0 0 0 0 3.642 -0.79 8.217

 Mean vectors and covariance matrices before rotation --- 2th cluster >>

 mean vector (mu'=Q*mu)>>
8.463 0 0 0 0 0.467 0.819 3.851

 covariance matrix (Sigma'=Q*Sigma*t(Q))>>

5.975 -0.035 -1.545 -0.167 1.774 0 0 0
-0.035 6.511 -0.089 -0.01 0.045 0 0 0
-1.545 -0.089 6.049 -0.224 0.228 0 0 0
-0.167 -0.01 -0.224 7.504 0.045 0 0 0
1.774 0.045 0.228 0.045 3.95 0 0 0
0 0 0 0 0 14.279 -5.886 3.642
0 0 0 0 0 -5.886 19.881 -0.79
0 0 0 0 0 3.642 -0.79 8.217

 Mean vectors and covariance matrices before rotation --- 3th cluster >>

 mean vector (mu'=Q*mu)>>
0 14.658 0 0 0 0.467 0.819 3.851

 covariance matrix (Sigma'=Q*Sigma*t(Q))>>

9.623 -0.894 0.307 1.136 -0.253 0 0 0
-0.894 7.607 0.035 0.039 -1.463 0 0 0
0.307 0.035 4.698 0.098 0.039 0 0 0
1.136 0.039 0.098 5.603 0.098 0 0 0
-0.253 -1.463 0.039 0.098 8.932 0 0 0
0 0 0 0 0 14.279 -5.886 3.642
0 0 0 0 0 -5.886 19.881 -0.79
0 0 0 0 0 3.642 -0.79 8.217

 Mean vectors and covariance matrices before rotation --- 4th cluster >>

 mean vector (mu'=Q*mu)>>
0 4.886 13.82 0 0 0.467 0.819 3.851

 covariance matrix (Sigma'=Q*Sigma*t(Q))>>

7.319 -1.01 -0.942 1.352 0.03 0 0 0
-1.01 7.565 -0.841 0.125 0.006 0 0 0
-0.942 -0.841 8.588 -0.001 0.002 0 0 0
1.352 0.125 -0.001 5.012 0.016 0 0 0
0.03 0.006 0.002 0.016 3.124 0 0 0
0 0 0 0 0 14.279 -5.886 3.642
0 0 0 0 0 -5.886 19.881 -0.79
0 0 0 0 0 3.642 -0.79 8.217

 Mean vectors and covariance matrices before rotation --- 5th cluster >>

 mean vector (mu'=Q*mu)>>
0 4.886 3.455 13.381 0 0.467 0.819 3.851

 covariance matrix (Sigma'=Q*Sigma*t(Q))>>

11.641 0.495 -3.047 0.298 3.246 0 0 0
0.495 9.798 -1.29 0.059 0.9 0 0 0
-3.047 -1.29 10.152 -0.196 0.428 0 0 0
0.298 0.059 -0.196 7.974 0.27 0 0 0
3.246 0.9 0.428 0.27 4.604 0 0 0
0 0 0 0 0 14.279 -5.886 3.642
0 0 0 0 0 -5.886 19.881 -0.79
0 0 0 0 0 3.642 -0.79 8.217

 Final eigenvalues for each cluster >> 
 (rows correspond to clusters)
24.045 15.012 12.129 10.06 8.235 8.038 6.204 4.123
24.045 12.129 7.905 7.531 6.515 6.204 5.434 2.604
24.045 12.129 10.311 9.708 6.541 6.204 5.23 4.672
24.045 12.129 9.236 8.638 6.399 6.204 4.212 3.123
24.045 14.966 12.129 9.798 8.598 7.946 6.204 2.862

 *************************************************

 ********************* rotation ******************

 *************************************************


 The orthogonal matrix Q >>
0.342 0.041 0.308 0.369 0.806
0.041 -0.999 0.009 0.011 0.025
0.308 0.009 -0.929 0.085 0.185
0.369 0.011 0.085 -0.899 0.222
0.806 0.025 0.185 0.222 -0.515

 Mean vectors and covariance matrices after rotation --- 1th cluster >>

 mean vector (mu'=Q*mu)>>
-2.892 -6.825 -3.123 3.851 -2.609 -0.348 0.467 0.819

 covariance matrix (Sigma'=Q*Sigma*t(Q))>>

7.269 -1.067 2.84 0 1.215 0.47 0 0
-1.067 9.973 2.7 0 -0.156 -0.151 0 0
2.84 2.7 12.542 0 -1.553 -0.988 0 0
0 0 0 8.217 0 0 3.642 -0.79
1.215 -0.156 -1.553 0 7.73 -0.23 0 0
0.47 -0.151 -0.988 0 -0.23 7.954 0 0
0 0 0 3.642 0 0 14.279 -5.886
0 0 0 -0.79 0 0 -5.886 19.881

 Mean vectors and covariance matrices after rotation --- 2th cluster >>

 mean vector (mu'=Q*mu)>>
2.892 6.825 3.123 3.851 2.609 0.348 0.467 0.819

 covariance matrix (Sigma'=Q*Sigma*t(Q))>>

5.572 1.232 -0.339 0 0.52 0 0 0
1.232 3.444 -0.141 0 1.401 0.057 0 0
-0.339 -0.141 7.44 0 0.33 -0.002 0 0
0 0 0 8.217 0 0 3.642 -0.79
0.52 1.401 0.33 0 7.019 -0.015 0 0
0 0.057 -0.002 0 -0.015 6.514 0 0
0 0 0 3.642 0 0 14.279 -5.886
0 0 0 -0.79 0 0 -5.886 19.881

 Mean vectors and covariance matrices after rotation --- 3th cluster >>

 mean vector (mu'=Q*mu)>>
0.602 0.362 0.166 3.851 0.138 -14.639 0.467 0.819

 covariance matrix (Sigma'=Q*Sigma*t(Q))>>

8.347 0.053 0.708 0 1.114 1.512 0 0
0.053 9.761 0.136 0 0.771 0.016 0 0
0.708 0.136 5.465 0 0.302 0.698 0 0
0 0 0 8.217 0 0 3.642 -0.79
1.114 0.771 0.302 0 5.136 0.622 0 0
1.512 0.016 0.698 0 0.622 7.755 0 0
0 0 0 3.642 0 0 14.279 -5.886
0 0 0 -0.79 0 0 -5.886 19.881

 Mean vectors and covariance matrices after rotation --- 4th cluster >>

 mean vector (mu'=Q*mu)>>
4.461 2.682 1.227 3.851 -12.794 -4.749 0.467 0.819

 covariance matrix (Sigma'=Q*Sigma*t(Q))>>

4.521 1.8 -0.345 0 -0.635 0.464 0 0
1.8 6.262 -0.055 0 0.98 0.998 0 0
-0.345 -0.055 4.29 0 -0.13 0.502 0 0
0 0 0 8.217 0 0 3.642 -0.79
-0.635 0.98 -0.13 0 8.877 -0.473 0 0
0.464 0.998 0.502 0 -0.473 7.658 0 0
0 0 0 3.642 0 0 14.279 -5.886
0 0 0 -0.79 0 0 -5.886 19.881

 Mean vectors and covariance matrices after rotation --- 5th cluster >>

 mean vector (mu'=Q*mu)>>
6.203 3.729 -11.675 3.851 -2.03 -4.696 0.467 0.819

 covariance matrix (Sigma'=Q*Sigma*t(Q))>>

8.014 3.204 0.591 0 0.863 -0.498 0 0
3.204 5.864 1.034 0 3.27 0.368 0 0
0.591 1.034 8.41 0 1.175 -0.175 0 0
0 0 0 8.217 0 0 3.642 -0.79
0.863 3.27 1.175 0 12.141 -1.373 0 0
-0.498 0.368 -0.175 0 -1.373 9.741 0 0
0 0 0 3.642 0 0 14.279 -5.886
0 0 0 -0.79 0 0 -5.886 19.881

 Final eigenvalues for each cluster >> 
 (rows correspond to clusters)
24.045 15.012 12.129 10.06 8.235 8.038 6.204 4.123
24.045 12.129 7.905 7.531 6.515 6.204 5.434 2.604
24.045 12.129 10.311 9.708 6.541 6.204 5.23 4.672
24.045 12.129 9.236 8.638 6.399 6.204 4.212 3.123
24.045 14.966 12.129 9.798 8.598 7.946 6.204 2.862

 theoretical Separation index matrix >>

-1 0.21 0.21 0.226 0.253
0.21 -1 0.227 0.21 0.21
0.21 0.227 -1 0.236 0.23
0.226 0.21 0.236 -1 0.241
0.253 0.21 0.23 0.241 -1

 theoretical projection directions >>

**** cluster 1 and 2
0.313 0.912 0.169 0 0.197 0.051 0 0

**** cluster 1 and 3
0.302 0.331 0.059 0 0.161 -0.877 0 0

**** cluster 1 and 4
0.549 0.514 -0.015 0 -0.575 -0.323 0 0

**** cluster 1 and 5
0.54 0.59 -0.523 0 -0.157 -0.247 0 0

**** cluster 2 and 3
-0.001 -0.422 -0.148 0 -0.047 -0.893 0 0

**** cluster 2 and 4
0.209 -0.212 -0.109 0 -0.881 -0.352 0 0

**** cluster 2 and 5
0.34 -0.315 -0.829 0 -0.127 -0.285 0 0

**** cluster 3 and 4
0.181 0.157 0.034 0 -0.828 0.506 0 0

**** cluster 3 and 5
0.295 0.192 -0.792 0 -0.107 0.486 0 0

**** cluster 4 and 5
0.159 -0.1 -0.858 0 0.472 0.078 0 0

 empirical Separation index matrix (alpha= 0.05 )>>

-1 0.335 0.236 0.29 0.294
0.335 -1 0.307 0.331 0.25
0.236 0.307 -1 0.239 0.288
0.29 0.331 0.239 -1 0.282
0.294 0.25 0.288 0.282 -1

 empirical projection directions >>

**** cluster 1 and 2
-0.249 -0.304 0.724 0.101 -0.094 -0.548 0.047 -0.001

**** cluster 1 and 3
-0.202 0.239 0.894 -0.193 -0.031 0.225 0.067 -0.096

**** cluster 1 and 4
-0.153 0.053 0.795 -0.15 -0.537 -0.13 0.121 0.005

**** cluster 1 and 5
-0.477 -0.681 0.469 0.033 0.067 0.26 0.124 0.006

**** cluster 2 and 3
-0.057 0.455 0.177 -0.092 0.044 0.863 0.053 0.003

**** cluster 2 and 4
0.318 0.085 0.007 -0.12 -0.732 0.551 0.177 -0.081

**** cluster 2 and 5
-0.159 -0.36 -0.038 0.136 0.007 0.891 0.174 -0.009

**** cluster 3 and 4
0.105 -0.073 0.094 -0.342 -0.877 -0.203 0.209 0.059

**** cluster 3 and 5
-0.242 -0.924 -0.259 0.06 -0.035 0.093 0.087 -0.001

**** cluster 4 and 5
-0.382 -0.591 -0.13 0.137 0.557 0.398 -0.025 -0.002
