
 Log information for the data set datasetJLG2v5nv10out0_2.dat >>

 alpha = 0.05 sepVal = 0.01

 Number of clusters >> 2

 cluster sizes >>
50 50

 Number of data points >> 100

 Number of dimensions >> 15

 Number of noisy dimensions >> 10

 noisy variables >>
1 2 3 4 8 9 12 13 14 15

 Number of outliers >> 0

 initial eigenvalues for each cluster >> 
 (rows correspond to clusters)
9.33 8.994 5.154 7.742 3.956
8.463 5.839 6.953 7.339 1.571

 Mean vectors and covariance matrices before rotation --- 1th cluster >>

 mean vector (mu'=Q*mu)>>
-4.94 0 0 0 0 0 0 0 0 0 0 0 0 0 0

 covariance matrix (Sigma'=Q*Sigma*t(Q))>>

7.445 -0.403 0.846 0.081 2.163 0 0 0 0 0 0 0 0 0 0
-0.403 8.922 0.283 0.043 0.702 0 0 0 0 0 0 0 0 0 0
0.846 0.283 5.504 0.152 0.747 0 0 0 0 0 0 0 0 0 0
0.081 0.043 0.152 7.787 0.35 0 0 0 0 0 0 0 0 0 0
2.163 0.702 0.747 0.35 5.518 0 0 0 0 0 0 0 0 0 0
0 0 0 0 0 13.08 0.969 -2.121 -0.105 -2.978 -1.364 -4.183 1.735 1.256 -0.119
0 0 0 0 0 0.969 7.987 -0.455 -0.07 -0.695 -0.311 -0.963 0.21 0.197 -0.043
0 0 0 0 0 -2.121 -0.455 29.797 -0.405 -1.02 -0.412 -1.331 -0.971 -0.345 -0.163
0 0 0 0 0 -0.105 -0.07 -0.405 11.839 -0.746 -0.32 -1.007 -0.188 0.006 -0.078
0 0 0 0 0 -2.978 -0.695 -1.02 -0.746 17.046 -0.926 -2.963 -1.525 -0.458 -0.31
0 0 0 0 0 -1.364 -0.311 -0.412 -0.32 -0.926 20.383 -1.221 -0.678 -0.213 -0.132
0 0 0 0 0 -4.183 -0.963 -1.331 -1.007 -2.963 -1.221 16.196 -2.105 -0.649 -0.417
0 0 0 0 0 1.735 0.21 -0.971 -0.188 -1.525 -0.678 -2.105 8.683 0.362 -0.105
0 0 0 0 0 1.256 0.197 -0.345 0.006 -0.458 -0.213 -0.649 0.362 6.14 -0.011
0 0 0 0 0 -0.119 -0.043 -0.163 -0.078 -0.31 -0.132 -0.417 -0.105 -0.011 13.021

 Mean vectors and covariance matrices before rotation --- 2th cluster >>

 mean vector (mu'=Q*mu)>>
4.94 0 0 0 0 0 0 0 0 0 0 0 0 0 0

 covariance matrix (Sigma'=Q*Sigma*t(Q))>>

6.96 0.798 0.167 0.082 1.949 0 0 0 0 0 0 0 0 0 0
0.798 6.373 0.23 0.256 0.748 0 0 0 0 0 0 0 0 0 0
0.167 0.23 7.041 0.091 0.377 0 0 0 0 0 0 0 0 0 0
0.082 0.256 0.091 7.428 0.451 0 0 0 0 0 0 0 0 0 0
1.949 0.748 0.377 0.451 2.363 0 0 0 0 0 0 0 0 0 0
0 0 0 0 0 13.08 0.969 -2.121 -0.105 -2.978 -1.364 -4.183 1.735 1.256 -0.119
0 0 0 0 0 0.969 7.987 -0.455 -0.07 -0.695 -0.311 -0.963 0.21 0.197 -0.043
0 0 0 0 0 -2.121 -0.455 29.797 -0.405 -1.02 -0.412 -1.331 -0.971 -0.345 -0.163
0 0 0 0 0 -0.105 -0.07 -0.405 11.839 -0.746 -0.32 -1.007 -0.188 0.006 -0.078
0 0 0 0 0 -2.978 -0.695 -1.02 -0.746 17.046 -0.926 -2.963 -1.525 -0.458 -0.31
0 0 0 0 0 -1.364 -0.311 -0.412 -0.32 -0.926 20.383 -1.221 -0.678 -0.213 -0.132
0 0 0 0 0 -4.183 -0.963 -1.331 -1.007 -2.963 -1.221 16.196 -2.105 -0.649 -0.417
0 0 0 0 0 1.735 0.21 -0.971 -0.188 -1.525 -0.678 -2.105 8.683 0.362 -0.105
0 0 0 0 0 1.256 0.197 -0.345 0.006 -0.458 -0.213 -0.649 0.362 6.14 -0.011
0 0 0 0 0 -0.119 -0.043 -0.163 -0.078 -0.31 -0.132 -0.417 -0.105 -0.011 13.021

 Final eigenvalues for each cluster >> 
 (rows correspond to clusters)
30.205 20.763 20.107 19.287 13.055 12.011 9.33 8.994 8.362 7.859 7.742 6.62 5.9 5.154 3.956
30.205 20.763 20.107 19.287 13.055 12.011 8.463 8.362 7.859 7.339 6.953 6.62 5.9 5.839 1.571

 *************************************************

 ********************* rotation ******************

 *************************************************


 The orthogonal matrix Q >>
0.604 0.41 0.346 0.274 0.521
0.41 -0.895 0.089 0.07 0.133
0.346 0.089 -0.925 0.059 0.113
0.274 0.07 0.059 -0.953 0.089
0.521 0.133 0.113 0.089 -0.83

 Mean vectors and covariance matrices after rotation --- 1th cluster >>

 mean vector (mu'=Q*mu)>>
0 0 0 0 -2.026 -2.576 -1.711 0 0 -1.353 -2.985 0 0 0 0

 covariance matrix (Sigma'=Q*Sigma*t(Q))>>

13.021 -0.417 -0.119 -0.011 0 0 0 -0.043 -0.31 0 0 -0.132 -0.163 -0.105 -0.078
-0.417 16.196 -4.183 -0.649 0 0 0 -0.963 -2.963 0 0 -1.221 -1.331 -2.105 -1.007
-0.119 -4.183 13.08 1.256 0 0 0 0.969 -2.978 0 0 -1.364 -2.121 1.735 -0.105
-0.011 -0.649 1.256 6.14 0 0 0 0.197 -0.458 0 0 -0.213 -0.345 0.362 0.006
0 0 0 0 8.987 0.133 0.117 0 0 0.04 -0.039 0 0 0 0
0 0 0 0 0.133 3.963 -0.015 0 0 -0.091 0.072 0 0 0 0
0 0 0 0 0.117 -0.015 5.177 0 0 0.001 0.289 0 0 0 0
-0.043 -0.963 0.969 0.197 0 0 0 7.987 -0.695 0 0 -0.311 -0.455 0.21 -0.07
-0.31 -2.963 -2.978 -0.458 0 0 0 -0.695 17.046 0 0 -0.926 -1.02 -1.525 -0.746
0 0 0 0 0.04 -0.091 0.001 0 0 7.753 0.139 0 0 0 0
0 0 0 0 -0.039 0.072 0.289 0 0 0.139 9.295 0 0 0 0
-0.132 -1.221 -1.364 -0.213 0 0 0 -0.311 -0.926 0 0 20.383 -0.412 -0.678 -0.32
-0.163 -1.331 -2.121 -0.345 0 0 0 -0.455 -1.02 0 0 -0.412 29.797 -0.971 -0.405
-0.105 -2.105 1.735 0.362 0 0 0 0.21 -1.525 0 0 -0.678 -0.971 8.683 -0.188
-0.078 -1.007 -0.105 0.006 0 0 0 -0.07 -0.746 0 0 -0.32 -0.405 -0.188 11.839

 Mean vectors and covariance matrices after rotation --- 2th cluster >>

 mean vector (mu'=Q*mu)>>
0 0 0 0 2.026 2.576 1.711 0 0 1.353 2.985 0 0 0 0

 covariance matrix (Sigma'=Q*Sigma*t(Q))>>

13.021 -0.417 -0.119 -0.011 0 0 0 -0.043 -0.31 0 0 -0.132 -0.163 -0.105 -0.078
-0.417 16.196 -4.183 -0.649 0 0 0 -0.963 -2.963 0 0 -1.221 -1.331 -2.105 -1.007
-0.119 -4.183 13.08 1.256 0 0 0 0.969 -2.978 0 0 -1.364 -2.121 1.735 -0.105
-0.011 -0.649 1.256 6.14 0 0 0 0.197 -0.458 0 0 -0.213 -0.345 0.362 0.006
0 0 0 0 5.826 0.236 -0.047 0 0 -0.001 -0.125 0 0 0 0
0 0 0 0 0.236 1.946 0.18 0 0 0.247 1.492 0 0 0 0
0 0 0 0 -0.047 0.18 6.963 0 0 -0.003 0.109 0 0 0 0
-0.043 -0.963 0.969 0.197 0 0 0 7.987 -0.695 0 0 -0.311 -0.455 0.21 -0.07
-0.31 -2.963 -2.978 -0.458 0 0 0 -0.695 17.046 0 0 -0.926 -1.02 -1.525 -0.746
0 0 0 0 -0.001 0.247 -0.003 0 0 7.329 -0.111 0 0 0 0
0 0 0 0 -0.125 1.492 0.109 0 0 -0.111 8.101 0 0 0 0
-0.132 -1.221 -1.364 -0.213 0 0 0 -0.311 -0.926 0 0 20.383 -0.412 -0.678 -0.32
-0.163 -1.331 -2.121 -0.345 0 0 0 -0.455 -1.02 0 0 -0.412 29.797 -0.971 -0.405
-0.105 -2.105 1.735 0.362 0 0 0 0.21 -1.525 0 0 -0.678 -0.971 8.683 -0.188
-0.078 -1.007 -0.105 0.006 0 0 0 -0.07 -0.746 0 0 -0.32 -0.405 -0.188 11.839

 Final eigenvalues for each cluster >> 
 (rows correspond to clusters)
30.205 20.763 20.107 19.287 13.055 12.011 9.33 8.994 8.362 7.859 7.742 6.62 5.9 5.154 3.956
30.205 20.763 20.107 19.287 13.055 12.011 8.463 8.362 7.859 7.339 6.953 6.62 5.9 5.839 1.571

 theoretical Separation index matrix >>

-1 0.01
0.01 -1

 theoretical projection directions >>

**** cluster 1 and 2
0 0 0 0 0.28 0.85 0.282 0 0 0.185 0.291 0 0 0 0

 empirical Separation index matrix (alpha= 0.05 )>>

-1 0.043
0.043 -1

 empirical projection directions >>

**** cluster 1 and 2
-0.151 0.189 -0.022 0.085 -0.34 -0.818 -0.246 -0.007 0.136 -0.077 -0.164 -0.134 -0.04 0.112 0.069
