
 Log information for the data set datasetJHG5v10nv3out0_1.dat >>

 alpha = 0.05 sepVal = 0.34

 Number of clusters >> 5

 cluster sizes >>
50 50 50 50 50

 Number of data points >> 250

 Number of dimensions >> 13

 Number of noisy dimensions >> 3

 noisy variables >>
1 6 9

 Number of outliers >> 0

 initial eigenvalues for each cluster >> 
 (rows correspond to clusters)
5.641 7.123 1.255 2.937 7.564 4.071 9.621 7.606 5.569 5.997
8.477 2.898 7.309 5.979 9.965 7.896 6.546 3.229 8.748 9.332
3.541 2.141 4.345 5.64 5.423 5.209 3.336 8.306 8.777 4.572
1.636 6.67 9.83 5.786 3.267 9.242 7.377 6.736 2.92 8.297
2.927 3.516 4.976 9.343 6.277 2.04 9.861 7.148 3.025 4.664

 Mean vectors and covariance matrices before rotation --- 1th cluster >>

 mean vector (mu'=Q*mu)>>
-10.826 0 0 0 0 0 0 0 0 0 4.901 3.071 1.372

 covariance matrix (Sigma'=Q*Sigma*t(Q))>>

7.141 -0.372 1.21 0.882 -0.784 0.102 -0.519 -0.797 0.242 0.001 0 0 0
-0.372 8.094 0.168 0.092 -0.309 0.005 -0.148 -0.31 -0.119 -0.045 0 0 0
1.21 0.168 1.818 0.333 0.22 0.052 0.017 0.215 0.418 0.104 0 0 0
0.882 0.092 0.333 3.7 0.101 0.043 -0.023 0.096 0.307 0.072 0 0 0
-0.784 -0.309 0.22 0.101 8.245 0 -0.243 -0.536 -0.255 -0.089 0 0 0
0.102 0.005 0.052 0.043 0 4.732 -0.009 -0.001 0.036 0.008 0 0 0
-0.519 -0.148 0.017 -0.023 -0.243 -0.009 11.073 -0.242 -0.173 -0.053 0 0 0
-0.797 -0.31 0.215 0.096 -0.536 -0.001 -0.242 8.292 -0.259 -0.09 0 0 0
0.242 -0.119 0.418 0.307 -0.255 0.036 -0.173 -0.259 6.561 0.004 0 0 0
0.001 -0.045 0.104 0.072 -0.089 0.008 -0.053 -0.09 0.004 6.956 0 0 0
0 0 0 0 0 0 0 0 0 0 26.86 -11.039 4.744
0 0 0 0 0 0 0 0 0 0 -11.039 25.661 -5.715
0 0 0 0 0 0 0 0 0 0 4.744 -5.715 17.851

 Mean vectors and covariance matrices before rotation --- 2th cluster >>

 mean vector (mu'=Q*mu)>>
10.826 0 0 0 0 0 0 0 0 0 4.901 3.071 1.372

 covariance matrix (Sigma'=Q*Sigma*t(Q))>>

6.646 0.421 -0.042 0.47 -0.59 -0.095 0.182 1.883 -0.757 -0.509 0 0 0
0.421 2.971 0.082 0.211 0.042 0.043 0.151 0.345 0.136 0.057 0 0 0
-0.042 0.082 7.339 0.146 -0.053 0.007 0.086 0.374 -0.034 -0.037 0 0 0
0.47 0.211 0.146 6.454 -0.024 0.064 0.314 0.972 0.123 0.019 0 0 0
-0.59 0.042 -0.053 -0.024 9.826 -0.042 -0.047 0.18 -0.223 -0.131 0 0 0
-0.095 0.043 0.007 0.064 -0.042 7.893 0.034 0.195 -0.044 -0.034 0 0 0
0.182 0.151 0.086 0.314 -0.047 0.034 6.745 0.693 0.032 -0.017 0 0 0
1.883 0.345 0.374 0.972 0.18 0.195 0.693 4.847 0.604 0.251 0 0 0
-0.757 0.136 -0.034 0.123 -0.223 -0.044 0.032 0.604 8.444 -0.197 0 0 0
-0.509 0.057 -0.037 0.019 -0.131 -0.034 -0.017 0.251 -0.197 9.211 0 0 0
0 0 0 0 0 0 0 0 0 0 26.86 -11.039 4.744
0 0 0 0 0 0 0 0 0 0 -11.039 25.661 -5.715
0 0 0 0 0 0 0 0 0 0 4.744 -5.715 17.851

 Mean vectors and covariance matrices before rotation --- 3th cluster >>

 mean vector (mu'=Q*mu)>>
0 18.752 0 0 0 0 0 0 0 0 4.901 3.071 1.372

 covariance matrix (Sigma'=Q*Sigma*t(Q))>>

10.048 2.103 0.179 -0.464 -0.143 -0.388 0.219 -2.262 -3.389 0.03 0 0 0
2.103 5.117 0.284 0.059 0.036 0.179 0.133 -0.41 -0.659 0.144 0 0 0
0.179 0.284 8.376 -0.168 -0.058 -0.19 0.017 -0.547 -0.802 -0.046 0 0 0
-0.464 0.059 -0.168 10.698 -0.09 -0.316 -0.021 -0.6 -0.861 -0.111 0 0 0
-0.143 0.036 -0.058 -0.09 10.49 -0.115 -0.006 -0.228 -0.329 -0.039 0 0 0
-0.388 0.179 -0.19 -0.316 -0.115 9.71 -0.014 -0.83 -1.199 -0.13 0 0 0
0.219 0.133 0.017 -0.021 -0.006 -0.014 6.488 -0.125 -0.188 0.006 0 0 0
-2.262 -0.41 -0.547 -0.6 -0.228 -0.83 -0.125 14.969 -1.607 -0.337 0 0 0
-3.389 -0.659 -0.802 -0.861 -0.329 -1.199 -0.188 -1.607 14.784 -0.492 0 0 0
0.03 0.144 -0.046 -0.111 -0.039 -0.13 0.006 -0.337 -0.492 8.836 0 0 0
0 0 0 0 0 0 0 0 0 0 26.86 -11.039 4.744
0 0 0 0 0 0 0 0 0 0 -11.039 25.661 -5.715
0 0 0 0 0 0 0 0 0 0 4.744 -5.715 17.851

 Mean vectors and covariance matrices before rotation --- 4th cluster >>

 mean vector (mu'=Q*mu)>>
0 6.251 17.679 0 0 0 0 0 0 0 4.901 3.071 1.372

 covariance matrix (Sigma'=Q*Sigma*t(Q))>>

5.828 -0.813 -1.452 -0.239 0.54 -1.489 -0.363 -0.758 0.478 -1.051 0 0 0
-0.813 5.818 -0.853 -0.395 -0.41 -0.93 -0.309 -0.776 -0.263 -0.746 0 0 0
-1.452 -0.853 9.058 -0.413 -0.531 -0.853 -0.301 -0.775 -0.358 -0.703 0 0 0
-0.239 -0.395 -0.413 5.606 -0.165 -0.448 -0.145 -0.361 -0.102 -0.356 0 0 0
0.54 -0.41 -0.531 -0.165 3.244 -0.561 -0.162 -0.377 0.01 -0.423 0 0 0
-1.489 -0.93 -0.853 -0.448 -0.561 8.3 -0.329 -0.845 -0.376 -0.773 0 0 0
-0.363 -0.309 -0.301 -0.145 -0.162 -0.329 7.265 -0.282 -0.106 -0.266 0 0 0
-0.758 -0.776 -0.775 -0.361 -0.377 -0.845 -0.282 6.029 -0.243 -0.679 0 0 0
0.478 -0.263 -0.358 -0.102 0.01 -0.376 -0.106 -0.243 2.946 -0.281 0 0 0
-1.051 -0.746 -0.703 -0.356 -0.423 -0.773 -0.266 -0.679 -0.281 7.667 0 0 0
0 0 0 0 0 0 0 0 0 0 26.86 -11.039 4.744
0 0 0 0 0 0 0 0 0 0 -11.039 25.661 -5.715
0 0 0 0 0 0 0 0 0 0 4.744 -5.715 17.851

 Mean vectors and covariance matrices before rotation --- 5th cluster >>

 mean vector (mu'=Q*mu)>>
0 6.251 4.42 17.118 0 0 0 0 0 0 4.901 3.071 1.372

 covariance matrix (Sigma'=Q*Sigma*t(Q))>>

7.165 1.302 0.719 -1.701 0.014 0.974 -0.627 -0.415 0.67 0.05 0 0 0
1.302 4.33 0.17 -0.819 -0.019 0.338 -0.295 -0.299 0.222 0.013 0 0 0
0.719 0.17 5.401 -1.291 -0.09 0.231 -0.447 -0.7 0.118 -0.004 0 0 0
-1.701 -0.819 -1.291 7.6 -0.342 -0.236 -0.927 -2.076 -0.31 -0.07 0 0 0
0.014 -0.019 -0.09 -0.342 6.956 0.021 -0.116 -0.216 0.001 -0.004 0 0 0
0.974 0.338 0.231 -0.236 0.021 2.504 -0.093 0.016 0.168 0.015 0 0 0
-0.627 -0.295 -0.447 -0.927 -0.116 -0.093 10.672 -0.698 -0.114 -0.024 0 0 0
-0.415 -0.299 -0.7 -2.076 -0.216 0.016 -0.698 6.564 -0.083 -0.036 0 0 0
0.67 0.222 0.118 -0.31 0.001 0.168 -0.114 -0.083 3.483 0.008 0 0 0
0.05 0.013 -0.004 -0.07 -0.004 0.015 -0.024 -0.036 0.008 5.192 0 0 0
0 0 0 0 0 0 0 0 0 0 26.86 -11.039 4.744
0 0 0 0 0 0 0 0 0 0 -11.039 25.661 -5.715
0 0 0 0 0 0 0 0 0 0 4.744 -5.715 17.851

 Final eigenvalues for each cluster >> 
 (rows correspond to clusters)
39.797 16.132 14.442 11.168 8.829 8.78 8.268 6.961 6.549 6.465 4.726 3.409 1.457
39.797 16.132 14.442 9.965 9.332 8.748 8.477 7.896 7.309 6.546 5.979 3.229 2.898
39.797 17.029 16.132 16.116 14.442 10.943 10.523 10.107 8.871 8.43 6.87 6.473 4.154
39.797 16.132 14.442 9.83 9.242 8.297 7.377 6.736 6.67 5.786 3.267 2.92 1.636
39.797 16.132 14.442 10.977 10.401 7.958 6.987 5.539 5.192 3.914 3.368 3.258 2.271

 *************************************************

 ********************* rotation ******************

 *************************************************


 The orthogonal matrix Q >>
0.199 0.279 0.262 0.455 0.046 0.093 0.539 0.268 0.4 0.272
0.279 -0.935 0.061 0.106 0.011 0.022 0.125 0.062 0.093 0.063
0.262 0.061 -0.943 0.099 0.01 0.02 0.118 0.058 0.087 0.059
0.455 0.106 0.099 -0.827 0.017 0.035 0.205 0.102 0.152 0.103
0.046 0.011 0.01 0.017 -0.998 0.004 0.02 0.01 0.015 0.01
0.093 0.022 0.02 0.035 0.004 -0.993 0.042 0.021 0.031 0.021
0.539 0.125 0.118 0.205 0.02 0.042 -0.758 0.12 0.18 0.122
0.268 0.062 0.058 0.102 0.01 0.021 0.12 -0.94 0.089 0.061
0.4 0.093 0.087 0.152 0.015 0.031 0.18 0.089 -0.867 0.091
0.272 0.063 0.059 0.103 0.01 0.021 0.122 0.061 0.091 -0.938

 Mean vectors and covariance matrices after rotation --- 1th cluster >>

 mean vector (mu'=Q*mu)>>
4.901 -0.493 -2.151 -4.927 -5.835 1.372 -4.33 -2.949 3.071 -1.009 -2.833 -2.901 -3.018

 covariance matrix (Sigma'=Q*Sigma*t(Q))>>

26.86 0 0 0 0 4.744 0 0 -11.039 0 0 0 0
0 8.343 0.504 0.601 0.29 0 0.173 0.207 0 0.103 0.483 -0.212 0.005
0 0.504 7.342 1.263 -1.632 0 0.268 0.146 0 0.189 0.763 0.208 0.05
0 0.601 1.263 3.96 -0.309 0 0.419 0.197 0 0.1 0.23 0.546 0.323
0 0.29 -1.632 -0.309 10.031 0 -0.563 -0.261 0 -0.064 -0.446 -0.059 -0.238
4.744 0 0 0 0 17.851 0 0 -5.715 0 0 0 0
0 0.173 0.268 0.419 -0.563 0 6.556 0.043 0 0.062 0.26 0.067 0.013
0 0.207 0.146 0.197 -0.261 0 0.043 7.012 0 0.035 0.024 0.16 0.074
-11.039 0 0 0 0 -5.715 0 0 25.661 0 0 0 0
0 0.103 0.189 0.1 -0.064 0 0.062 0.035 0 4.744 0.033 0.093 0.054
0 0.483 0.763 0.23 -0.446 0 0.26 0.024 0 0.033 1.613 0.325 0.146
0 -0.212 0.208 0.546 -0.059 0 0.067 0.16 0 0.093 0.325 8.731 0.008
0 0.005 0.05 0.323 -0.238 0 0.013 0.074 0 0.054 0.146 0.008 8.279

 Mean vectors and covariance matrices after rotation --- 2th cluster >>

 mean vector (mu'=Q*mu)>>
4.901 0.493 2.151 4.927 5.835 1.372 4.33 2.949 3.071 1.009 2.833 2.901 3.018

 covariance matrix (Sigma'=Q*Sigma*t(Q))>>

26.86 0 0 0 0 4.744 0 0 -11.039 0 0 0 0
0 9.881 0.161 0.228 0.272 0 0.033 0.04 0 0.014 0.101 0.232 0.226
0 0.161 8.019 0.099 0.326 0 -0.158 -0.17 0 -0.041 0.014 -0.832 0.997
0 0.228 0.099 5.974 -0.033 0 0.053 -0.055 0 0.016 -0.028 -0.258 0.222
0 0.272 0.326 -0.033 6.597 0 0.143 0.028 0 0.021 0.008 -0.634 0.3
4.744 0 0 0 0 17.851 0 0 -5.715 0 0 0 0
0 0.033 -0.158 0.053 0.143 0 8.69 -0.052 0 -0.015 0.016 -0.27 0.361
0 0.04 -0.17 -0.055 0.028 0 -0.052 9.294 0 -0.019 -0.018 -0.36 0.194
-11.039 0 0 0 0 -5.715 0 0 25.661 0 0 0 0
0 0.014 -0.041 0.016 0.021 0 -0.015 -0.019 0 7.894 0 -0.027 0.076
0 0.101 0.014 -0.028 0.008 0 0.016 -0.018 0 0 7.298 -0.274 0.151
0 0.232 -0.832 -0.258 -0.634 0 -0.27 -0.36 0 -0.027 -0.274 3.565 -0.229
0 0.226 0.997 0.222 0.3 0 0.361 0.194 0 0.076 0.151 -0.229 3.165

 Mean vectors and covariance matrices after rotation --- 3th cluster >>

 mean vector (mu'=Q*mu)>>
4.901 0.199 5.227 1.985 2.35 1.372 1.744 1.188 3.071 0.406 1.141 1.168 -17.536

 covariance matrix (Sigma'=Q*Sigma*t(Q))>>

26.86 0 0 0 0 4.744 0 0 -11.039 0 0 0 0
0 10.513 0.116 0.02 0.151 0 -0.118 0.031 0 -0.046 0.013 -0.076 0.045
0 0.116 7.412 -1.15 0.112 0 -1.008 -0.285 0 0.684 -0.003 -0.364 0.148
0 0.02 -1.15 10.557 0.08 0 0.148 -0.159 0 0.115 -0.168 0.191 -0.61
0 0.151 0.112 0.08 6.925 0 1.242 0.109 0 0.552 0.171 0.969 -0.496
4.744 0 0 0 0 17.851 0 0 -5.715 0 0 0 0
0 -0.118 -1.008 0.148 1.242 0 16.666 0.144 0 -0.588 -0.151 -0.245 -0.553
0 0.031 -0.285 -0.159 0.109 0 0.144 8.828 0 0.135 -0.026 0.158 -0.234
-11.039 0 0 0 0 -5.715 0 0 25.661 0 0 0 0
0 -0.046 0.684 0.115 0.552 0 -0.588 0.135 0 9.893 0.075 -0.397 0.324
0 0.013 -0.003 -0.168 0.171 0 -0.151 -0.026 0 0.075 8.422 -0.044 -0.052
0 -0.076 -0.364 0.191 0.969 0 -0.245 0.158 0 -0.397 -0.044 15.949 -0.269
0 0.045 0.148 -0.61 -0.496 0 -0.553 -0.234 0 0.324 -0.052 -0.269 4.351

 Mean vectors and covariance matrices after rotation --- 4th cluster >>

 mean vector (mu'=Q*mu)>>
4.901 0.242 6.369 2.418 2.864 1.372 2.125 1.447 3.071 0.495 -16.289 1.424 -4.77

 covariance matrix (Sigma'=Q*Sigma*t(Q))>>

26.86 0 0 0 0 4.744 0 0 -11.039 0 0 0 0
0 3.249 0.551 -0.143 -0.175 0 0.036 -0.362 0 -0.449 -0.458 -0.311 -0.337
0 0.551 3.493 -0.66 -1.888 0 0.284 -0.041 0 1.258 -0.122 0.392 0.505
0 -0.143 -0.66 5.623 -0.515 0 -0.02 0.134 0 0.631 0.194 0.18 0.213
0 -0.175 -1.888 -0.515 6.366 0 -0.351 0.08 0 0.869 0.194 0.129 0.173
4.744 0 0 0 0 17.851 0 0 -5.715 0 0 0 0
0 0.036 0.284 -0.02 -0.351 0 3.076 0.189 0 0.586 0.214 0.272 0.312
0 -0.362 -0.041 0.134 0.08 0 0.189 8.246 0 -0.029 -0.065 -0.073 -0.089
-11.039 0 0 0 0 -5.715 0 0 25.661 0 0 0 0
0 -0.449 1.258 0.631 0.869 0 0.586 -0.029 0 8.741 -0.111 -0.101 -0.147
0 -0.458 -0.122 0.194 0.194 0 0.214 -0.065 0 -0.111 9.75 -0.112 -0.137
0 -0.311 0.392 0.18 0.129 0 0.272 -0.073 0 -0.101 -0.112 6.66 -0.093
0 -0.337 0.505 0.213 0.173 0 0.312 -0.089 0 -0.147 -0.137 -0.093 6.557

 Mean vectors and covariance matrices after rotation --- 5th cluster >>

 mean vector (mu'=Q*mu)>>
4.901 0.406 10.69 -13.059 4.807 1.372 3.567 2.429 3.071 0.831 -2.086 2.389 -3.765

 covariance matrix (Sigma'=Q*Sigma*t(Q))>>

26.86 0 0 0 0 4.744 0 0 -11.039 0 0 0 0
0 6.974 0.211 -0.133 -0.043 0 0.092 0.058 0 0.005 -0.031 -0.087 0.011
0 0.211 4.838 0.945 -2.073 0 0.577 -0.022 0 -0.037 0.65 1.295 0.365
0 -0.133 0.945 9.945 0.112 0 0.832 0.705 0 -0.345 -0.547 -0.637 -0.354
0 -0.043 -2.073 0.112 9.842 0 -0.289 -0.148 0 -0.578 -0.565 -0.018 -0.809
4.744 0 0 0 0 17.851 0 0 -5.715 0 0 0 0
0 0.092 0.577 0.832 -0.289 0 3.679 0.139 0 -0.116 0.245 0.64 0.068
0 0.058 -0.022 0.705 -0.148 0 0.139 5.279 0 -0.179 0.08 0.455 -0.094
-11.039 0 0 0 0 -5.715 0 0 25.661 0 0 0 0
0 0.005 -0.037 -0.345 -0.578 0 -0.116 -0.179 0 2.361 0.045 -0.036 0.072
0 -0.031 0.65 -0.547 -0.565 0 0.245 0.08 0 0.045 5.482 -0.228 0.068
0 -0.087 1.295 -0.637 -0.018 0 0.64 0.455 0 -0.036 -0.228 7.445 0.01
0 0.011 0.365 -0.354 -0.809 0 0.068 -0.094 0 0.072 0.068 0.01 4.02

 Final eigenvalues for each cluster >> 
 (rows correspond to clusters)
39.797 16.132 14.442 11.168 8.829 8.78 8.268 6.961 6.549 6.465 4.726 3.409 1.457
39.797 16.132 14.442 9.965 9.332 8.748 8.477 7.896 7.309 6.546 5.979 3.229 2.898
39.797 17.029 16.132 16.116 14.442 10.943 10.523 10.107 8.871 8.43 6.87 6.473 4.154
39.797 16.132 14.442 9.83 9.242 8.297 7.377 6.736 6.67 5.786 3.267 2.92 1.636
39.797 16.132 14.442 10.977 10.401 7.958 6.987 5.539 5.192 3.914 3.368 3.258 2.271

 theoretical Separation index matrix >>

-1 0.364 0.34 0.421 0.414
0.364 -1 0.479 0.34 0.391
0.34 0.479 -1 0.34 0.374
0.421 0.34 0.34 -1 0.34
0.414 0.391 0.374 0.34 -1

 theoretical projection directions >>

**** cluster 1 and 2
0 -0.034 0.136 0.543 0.477 0 0.326 0.219 0 0.084 0.358 0.319 0.257

**** cluster 1 and 3
0 -0.01 0.371 0.291 0.321 0 0.15 0.168 0 0.05 0.243 0.08 -0.746

**** cluster 1 and 4
0 -0.036 0.481 0.362 0.372 0 0.325 0.117 0 -0.061 -0.599 0.089 -0.089

**** cluster 1 and 5
0 -0.005 0.662 -0.415 0.391 0 0.388 0.236 0 0.14 -0.077 0.061 -0.022

**** cluster 2 and 3
0 0.011 0.136 -0.075 -0.099 0 -0.03 -0.031 0 0.007 -0.031 -0.05 -0.98

**** cluster 2 and 4
0 -0.046 0.284 -0.1 -0.095 0 -0.074 -0.054 0 -0.037 -0.738 -0.139 -0.57

**** cluster 2 and 5
0 0.001 0.461 -0.621 -0.01 0 0.026 0.021 0 -0.017 -0.242 -0.118 -0.572

**** cluster 3 and 4
0 -0.003 0.04 0.045 0.069 0 0.022 0.022 0 -0.017 -0.626 0.011 0.773

**** cluster 3 and 5
0 -0.005 0.245 -0.366 0.171 0 0.084 0.088 0 -0.021 -0.154 0.005 0.859

**** cluster 4 and 5
0 -0.005 0.403 -0.659 0.182 0 0.144 0.088 0 -0.014 0.583 -0.023 0.031

 empirical Separation index matrix (alpha= 0.05 )>>

-1 0.466 0.383 0.428 0.373
0.466 -1 0.433 0.49 0.418
0.383 0.433 -1 0.343 0.496
0.428 0.49 0.343 -1 0.435
0.373 0.418 0.496 0.435 -1

 empirical projection directions >>

**** cluster 1 and 2
0.018 -0.152 -0.359 -0.479 -0.191 0.022 -0.392 -0.175 -0.045 -0.093 0.551 -0.125 0.261

**** cluster 1 and 3
-0.018 -0.072 -0.227 -0.112 0.212 -0.001 0.057 -0.032 -0.079 -0.062 0.729 0.061 0.58

**** cluster 1 and 4
-0.038 -0.181 0.438 -0.553 0.229 -0.009 0.125 -0.05 -0.088 -0.201 0.58 -0.023 0.111

**** cluster 1 and 5
-0.035 -0.032 -0.122 0.043 -0.101 0.074 -0.135 -0.112 0.004 0.04 0.584 -0.114 -0.761

**** cluster 2 and 3
-0.071 0.056 0.159 0.555 0.444 -0.047 0.505 0.132 -0.027 0.101 0.375 0.117 0.143

**** cluster 2 and 4
-0.023 0.109 0.612 -0.399 0.408 -0.023 0.445 0.058 -0.021 0.152 0.235 0.078 -0.004

**** cluster 2 and 5
-0.039 0.193 0.302 0.326 0.244 -0.094 0.223 0.196 -0.023 -0.032 0.264 -0.028 -0.732

**** cluster 3 and 4
-0.114 0.005 0.546 -0.629 0.004 0.044 -0.105 -0.011 -0.058 -0.068 -0.122 -0.031 -0.506

**** cluster 3 and 5
-0.022 0.037 0.138 -0.003 -0.114 0.002 -0.179 0.009 -0.061 0.024 0.027 -0.084 -0.96

**** cluster 4 and 5
-0.106 0.018 -0.393 0.27 -0.205 0.087 -0.118 0.027 -0.022 0.065 0.2 -0.057 -0.806
