
 Log information for the data set datasetJHG2v5nv10out0_1.dat >>

 alpha = 0.05 sepVal = 0.34

 Number of clusters >> 2

 cluster sizes >>
50 50

 Number of data points >> 100

 Number of dimensions >> 15

 Number of noisy dimensions >> 10

 noisy variables >>
1 4 5 7 8 10 11 13 14 15

 Number of outliers >> 0

 initial eigenvalues for each cluster >> 
 (rows correspond to clusters)
2.848 4.361 9.989 6.835 7.507
4 2.759 2.368 1.495 7.635

 Mean vectors and covariance matrices before rotation --- 1th cluster >>

 mean vector (mu'=Q*mu)>>
-8.874 0 0 0 0 0 0 0 0 0 0 0 0 0 0

 covariance matrix (Sigma'=Q*Sigma*t(Q))>>

6.5 1.247 -2.347 -0.217 -0.011 0 0 0 0 0 0 0 0 0 0
1.247 4.44 -2.106 -0.409 -0.015 0 0 0 0 0 0 0 0 0 0
-2.347 -2.106 6.569 -1.124 -0.035 0 0 0 0 0 0 0 0 0 0
-0.217 -0.409 -1.124 6.524 -0.01 0 0 0 0 0 0 0 0 0 0
-0.011 -0.015 -0.035 -0.01 7.507 0 0 0 0 0 0 0 0 0 0
0 0 0 0 0 36.183 5.837 -6.055 10.338 -4.961 14.794 -1.269 4.713 -3.292 -0.251
0 0 0 0 0 5.837 5.031 0.831 2.974 0.678 4.788 0.177 3.076 0.616 0.021
0 0 0 0 0 -6.055 0.831 67.607 1.38 -1.066 1.873 -0.273 0.299 -0.739 -0.051
0 0 0 0 0 10.338 2.974 1.38 19.831 1.126 9.911 0.295 6.179 1.07 0.031
0 0 0 0 0 -4.961 0.678 -1.066 1.126 68.09 1.527 -0.224 0.241 -0.605 -0.042
0 0 0 0 0 14.794 4.788 1.873 9.911 1.527 34.303 0.402 9.651 1.508 0.038
0 0 0 0 0 -1.269 0.177 -0.273 0.295 -0.224 0.402 68.603 0.067 -0.155 -0.011
0 0 0 0 0 4.713 3.076 0.299 6.179 0.241 9.651 0.067 39.295 0.413 -0.008
0 0 0 0 0 -3.292 0.616 -0.739 1.07 -0.605 1.508 -0.155 0.413 64.216 -0.03
0 0 0 0 0 -0.251 0.021 -0.051 0.031 -0.042 0.038 -0.011 -0.008 -0.03 76.108

 Mean vectors and covariance matrices before rotation --- 2th cluster >>

 mean vector (mu'=Q*mu)>>
8.874 0 0 0 0 0 0 0 0 0 0 0 0 0 0

 covariance matrix (Sigma'=Q*Sigma*t(Q))>>

4.349 0.395 0.904 0.9 -1.87 0 0 0 0 0 0 0 0 0 0
0.395 2.887 0.264 0.23 -0.209 0 0 0 0 0 0 0 0 0 0
0.904 0.264 2.906 0.456 -0.309 0 0 0 0 0 0 0 0 0 0
0.9 0.23 0.456 1.865 -0.106 0 0 0 0 0 0 0 0 0 0
-1.87 -0.209 -0.309 -0.106 6.249 0 0 0 0 0 0 0 0 0 0
0 0 0 0 0 36.183 5.837 -6.055 10.338 -4.961 14.794 -1.269 4.713 -3.292 -0.251
0 0 0 0 0 5.837 5.031 0.831 2.974 0.678 4.788 0.177 3.076 0.616 0.021
0 0 0 0 0 -6.055 0.831 67.607 1.38 -1.066 1.873 -0.273 0.299 -0.739 -0.051
0 0 0 0 0 10.338 2.974 1.38 19.831 1.126 9.911 0.295 6.179 1.07 0.031
0 0 0 0 0 -4.961 0.678 -1.066 1.126 68.09 1.527 -0.224 0.241 -0.605 -0.042
0 0 0 0 0 14.794 4.788 1.873 9.911 1.527 34.303 0.402 9.651 1.508 0.038
0 0 0 0 0 -1.269 0.177 -0.273 0.295 -0.224 0.402 68.603 0.067 -0.155 -0.011
0 0 0 0 0 4.713 3.076 0.299 6.179 0.241 9.651 0.067 39.295 0.413 -0.008
0 0 0 0 0 -3.292 0.616 -0.739 1.07 -0.605 1.508 -0.155 0.413 64.216 -0.03
0 0 0 0 0 -0.251 0.021 -0.051 0.031 -0.042 0.038 -0.011 -0.008 -0.03 76.108

 Final eigenvalues for each cluster >> 
 (rows correspond to clusters)
76.11 68.963 68.908 68.661 64.625 62.357 33.858 18.534 13.629 9.989 7.507 6.835 4.361 3.623 2.848
76.11 68.963 68.908 68.661 64.625 62.357 33.858 18.534 13.629 7.635 4 3.623 2.759 2.368 1.495

 *************************************************

 ********************* rotation ******************

 *************************************************


 The orthogonal matrix Q >>
0.036 0.089 0.445 0.077 0.887
0.089 -0.992 0.038 0.007 0.076
0.445 0.038 -0.809 0.033 0.381
0.077 0.007 0.033 -0.994 0.066
0.887 0.076 0.381 0.066 -0.241

 Mean vectors and covariance matrices after rotation --- 1th cluster >>

 mean vector (mu'=Q*mu)>>
0 -7.869 -3.952 0 0 -0.789 0 0 -0.323 0 0 -0.686 0 0 0

 covariance matrix (Sigma'=Q*Sigma*t(Q))>>

36.183 0 0 -6.055 -1.269 0 4.713 5.837 0 -3.292 10.338 0 -4.961 -0.251 14.794
0 4.943 1.364 0 0 -0.306 0 0 -1.322 0 0 0.489 0 0 0
0 1.364 8.621 0 0 -1.983 0 0 0.135 0 0 -0.639 0 0 0
-6.055 0 0 67.607 -0.273 0 0.299 0.831 0 -0.739 1.38 0 -1.066 -0.051 1.873
-1.269 0 0 -0.273 68.603 0 0.067 0.177 0 -0.155 0.295 0 -0.224 -0.011 0.402
0 -0.306 -1.983 0 0 4.408 0 0 1.076 0 0 -0.362 0 0 0
4.713 0 0 0.299 0.067 0 39.295 3.076 0 0.413 6.179 0 0.241 -0.008 9.651
5.837 0 0 0.831 0.177 0 3.076 5.031 0 0.616 2.974 0 0.678 0.021 4.788
0 -1.322 0.135 0 0 1.076 0 0 6.938 0 0 0.513 0 0 0
-3.292 0 0 -0.739 -0.155 0 0.413 0.616 0 64.216 1.07 0 -0.605 -0.03 1.508
10.338 0 0 1.38 0.295 0 6.179 2.974 0 1.07 19.831 0 1.126 0.031 9.911
0 0.489 -0.639 0 0 -0.362 0 0 0.513 0 0 6.63 0 0 0
-4.961 0 0 -1.066 -0.224 0 0.241 0.678 0 -0.605 1.126 0 68.09 -0.042 1.527
-0.251 0 0 -0.051 -0.011 0 -0.008 0.021 0 -0.03 0.031 0 -0.042 76.108 0.038
14.794 0 0 1.873 0.402 0 9.651 4.788 0 1.508 9.911 0 1.527 0.038 34.303

 Mean vectors and covariance matrices after rotation --- 2th cluster >>

 mean vector (mu'=Q*mu)>>
0 7.869 3.952 0 0 0.789 0 0 0.323 0 0 0.686 0 0 0

 covariance matrix (Sigma'=Q*Sigma*t(Q))>>

36.183 0 0 -6.055 -1.269 0 4.713 5.837 0 -3.292 10.338 0 -4.961 -0.251 14.794
0 5.909 -0.727 0 0 -0.475 0 0 -1.701 0 0 -0.912 0 0 0
0 -0.727 2.573 0 0 0.106 0 0 0.7 0 0 0.03 0 0 0
-6.055 0 0 67.607 -0.273 0 0.299 0.831 0 -0.739 1.38 0 -1.066 -0.051 1.873
-1.269 0 0 -0.273 68.603 0 0.067 0.177 0 -0.155 0.295 0 -0.224 -0.011 0.402
0 -0.475 0.106 0 0 2.837 0 0 0.14 0 0 0.129 0 0 0
4.713 0 0 0.299 0.067 0 39.295 3.076 0 0.413 6.179 0 0.241 -0.008 9.651
5.837 0 0 0.831 0.177 0 3.076 5.031 0 0.616 2.974 0 0.678 0.021 4.788
0 -1.701 0.7 0 0 0.14 0 0 5.21 0 0 0.008 0 0 0
-3.292 0 0 -0.739 -0.155 0 0.413 0.616 0 64.216 1.07 0 -0.605 -0.03 1.508
10.338 0 0 1.38 0.295 0 6.179 2.974 0 1.07 19.831 0 1.126 0.031 9.911
0 -0.912 0.03 0 0 0.129 0 0 0.008 0 0 1.728 0 0 0
-4.961 0 0 -1.066 -0.224 0 0.241 0.678 0 -0.605 1.126 0 68.09 -0.042 1.527
-0.251 0 0 -0.051 -0.011 0 -0.008 0.021 0 -0.03 0.031 0 -0.042 76.108 0.038
14.794 0 0 1.873 0.402 0 9.651 4.788 0 1.508 9.911 0 1.527 0.038 34.303

 Final eigenvalues for each cluster >> 
 (rows correspond to clusters)
76.11 68.963 68.908 68.661 64.625 62.357 33.858 18.534 13.629 9.989 7.507 6.835 4.361 3.623 2.848
76.11 68.963 68.908 68.661 64.625 62.357 33.858 18.534 13.629 7.635 4 3.623 2.759 2.368 1.495

 theoretical Separation index matrix >>

-1 0.34
0.34 -1

 theoretical projection directions >>

**** cluster 1 and 2
0 0.83 0.408 0 0 0.284 0 0 0.178 0 0 0.18 0 0 0

 empirical Separation index matrix (alpha= 0.05 )>>

-1 0.42
0.42 -1

 empirical projection directions >>

**** cluster 1 and 2
-0.015 -0.832 -0.322 -0.035 0.009 -0.082 0.073 0.051 -0.318 0.007 -0.104 -0.263 0.009 -0.033 -0.075
