
 Log information for the data set datasetJHG5v5nv0out0_3.dat >>

 alpha = 0.05 sepVal = 0.34

 Number of clusters >> 5

 cluster sizes >>
50 50 50 50 50

 Number of data points >> 250

 Number of dimensions >> 5

 Number of noisy dimensions >> 0

 noisy variables >>
0

 Number of outliers >> 0

 initial eigenvalues for each cluster >> 
 (rows correspond to clusters)
6.045 9.719 5.835 1.21 4.768
6.221 6.654 1.973 4.338 5.085
8.243 3.182 6.145 6.298 7.357
5.419 1.84 8.024 4.665 9.099
6.079 3.901 9.66 1.36 6.095

 Mean vectors and covariance matrices before rotation --- 1th cluster >>

 mean vector (mu'=Q*mu)>>
-9.24 0 0 0 0

 covariance matrix (Sigma'=Q*Sigma*t(Q))>>

4.977 -1.393 -0.418 2.096 0.053
-1.393 9.13 -0.704 0.044 -0.082
-0.418 -0.704 5.692 1.17 0.04
2.096 0.044 1.17 2.994 0.227
0.053 -0.082 0.04 0.227 4.784

 Mean vectors and covariance matrices before rotation --- 2th cluster >>

 mean vector (mu'=Q*mu)>>
9.24 0 0 0 0

 covariance matrix (Sigma'=Q*Sigma*t(Q))>>

5.143 -0.294 0.643 0.237 0.279
-0.294 6.583 0.1 0.025 -0.017
0.643 0.1 2.177 0.167 0.564
0.237 0.025 0.167 4.448 0.322
0.279 -0.017 0.564 0.322 5.919

 Mean vectors and covariance matrices before rotation --- 3th cluster >>

 mean vector (mu'=Q*mu)>>
0 16.004 0 0 0

 covariance matrix (Sigma'=Q*Sigma*t(Q))>>

7.117 0.133 0.291 0.449 -0.03
0.133 3.19 0.04 0.07 0.11
0.291 0.04 6.309 0.277 0.348
0.449 0.07 0.277 6.767 0.573
-0.03 0.11 0.348 0.573 7.842

 Mean vectors and covariance matrices before rotation --- 4th cluster >>

 mean vector (mu'=Q*mu)>>
0 5.335 15.089 0 0

 covariance matrix (Sigma'=Q*Sigma*t(Q))>>

8.278 0.749 -1.437 1.197 -1.186
0.749 2.475 0.144 0.393 0.03
-1.437 0.144 8.54 -0.372 -1.066
1.197 0.393 -0.372 6.723 -0.391
-1.186 0.03 -1.066 -0.391 10.909

 Mean vectors and covariance matrices before rotation --- 5th cluster >>

 mean vector (mu'=Q*mu)>>
0 5.335 3.772 14.61 0

 covariance matrix (Sigma'=Q*Sigma*t(Q))>>

5.45 0.841 -2.701 2.214 -0.095
0.841 5.227 -0.727 1.847 0.087
-2.701 -0.727 7.379 0.108 -0.283
2.214 1.847 0.108 3.853 0.23
-0.095 0.087 -0.283 0.23 6.346

 Final eigenvalues for each cluster >> 
 (rows correspond to clusters)
9.719 6.045 5.835 4.768 1.21
6.654 6.221 5.085 4.338 1.974
8.243 7.357 6.298 6.145 3.182
11.567 10.2 6.889 5.93 2.339
10.073 6.356 6.339 4.068 1.419

 *************************************************

 ********************* rotation ******************

 *************************************************


 The orthogonal matrix Q >>
0.904 0.101 0.173 0.337 0.172
0.101 -0.995 0.009 0.018 0.009
0.173 0.009 -0.984 0.031 0.016
0.337 0.018 0.031 -0.94 0.03
0.172 0.009 0.016 0.03 -0.985

 Mean vectors and covariance matrices after rotation --- 1th cluster >>

 mean vector (mu'=Q*mu)>>
-0.937 -1.586 -1.597 -8.351 -3.115

 covariance matrix (Sigma'=Q*Sigma*t(Q))>>

9.385 0.132 -0.464 1.032 0.288
0.132 4.774 0.074 0.035 -0.09
-0.464 0.074 5.77 0.049 0.937
1.032 0.035 0.049 5.858 -1.226
0.288 -0.09 0.937 -1.226 1.79

 Mean vectors and covariance matrices after rotation --- 2th cluster >>

 mean vector (mu'=Q*mu)>>
0.937 1.586 1.597 8.351 3.115

 covariance matrix (Sigma'=Q*Sigma*t(Q))>>

6.627 -0.025 0.093 0.126 0.085
-0.025 5.769 0.412 -0.54 0.153
0.093 0.412 2.025 -0.182 -0.003
0.126 -0.54 -0.182 5.486 0.032
0.085 0.153 -0.003 0.032 4.365

 Mean vectors and covariance matrices after rotation --- 3th cluster >>

 mean vector (mu'=Q*mu)>>
-15.918 0.146 0.147 1.622 0.287

 covariance matrix (Sigma'=Q*Sigma*t(Q))>>

3.203 0.105 0.023 0.262 0.048
0.105 7.789 0.274 -0.304 0.448
0.023 0.274 6.212 -0.223 0.109
0.262 -0.304 -0.223 7.543 -0.328
0.048 0.448 0.109 -0.328 6.478

 Mean vectors and covariance matrices after rotation --- 4th cluster >>

 mean vector (mu'=Q*mu)>>
-5.167 0.284 -14.803 3.148 0.558

 covariance matrix (Sigma'=Q*Sigma*t(Q))>>

2.368 0.051 0.211 -0.261 0.125
0.051 11.29 -0.606 0.916 -0.168
0.211 -0.606 9.08 1.53 0.003
-0.261 0.916 1.53 8.058 -0.5
0.125 -0.168 0.003 -0.5 6.129

 Mean vectors and covariance matrices after rotation --- 5th cluster >>

 mean vector (mu'=Q*mu)>>
-5.009 0.552 -3.217 6.119 -13.526

 covariance matrix (Sigma'=Q*Sigma*t(Q))>>

5.008 -0.096 -0.65 -1.196 1.281
-0.096 6.355 0.169 -0.015 -0.104
-0.65 0.169 8.279 2.285 0.64
-1.196 -0.015 2.285 6.107 -1.53
1.281 -0.104 0.64 -1.53 2.506

 Final eigenvalues for each cluster >> 
 (rows correspond to clusters)
9.719 6.045 5.835 4.768 1.21
6.654 6.221 5.085 4.338 1.974
8.243 7.357 6.298 6.145 3.182
11.567 10.2 6.889 5.93 2.339
10.073 6.356 6.339 4.068 1.419

 theoretical Separation index matrix >>

-1 0.377 0.34 0.346 0.34
0.377 -1 0.352 0.34 0.419
0.34 0.352 -1 0.373 0.412
0.346 0.34 0.373 -1 0.371
0.34 0.419 0.412 0.371 -1

 theoretical projection directions >>

**** cluster 1 and 2
-0.02 0.163 0.095 0.748 0.636

**** cluster 1 and 3
-0.771 0.092 0.035 0.531 0.337

**** cluster 1 and 4
-0.247 0.029 -0.575 0.581 0.52

**** cluster 1 and 5
-0.041 0.078 -0.015 0.379 -0.921

**** cluster 2 and 3
-0.954 -0.054 -0.082 -0.251 -0.129

**** cluster 2 and 4
-0.285 -0.037 -0.935 -0.157 -0.134

**** cluster 2 and 5
-0.089 -0.038 -0.05 -0.216 -0.97

**** cluster 3 and 4
0.886 -0.015 -0.456 0.085 0.007

**** cluster 3 and 5
0.647 0.028 -0.027 0.078 -0.757

**** cluster 4 and 5
0.199 0.005 0.366 -0.146 -0.897

 empirical Separation index matrix (alpha= 0.05 )>>

-1 0.389 0.41 0.368 0.373
0.389 -1 0.392 0.438 0.455
0.41 0.392 -1 0.422 0.404
0.368 0.438 0.422 -1 0.395
0.373 0.455 0.404 0.395 -1

 empirical projection directions >>

**** cluster 1 and 2
-0.148 0.228 -0.038 0.324 -0.905

**** cluster 1 and 3
-0.276 0.122 -0.724 0.534 0.316

**** cluster 1 and 4
0.026 0.019 0.11 0.793 0.598

**** cluster 1 and 5
-0.816 0.07 -0.027 0.418 0.392

**** cluster 2 and 3
-0.061 -0.086 -0.453 0.051 0.884

**** cluster 2 and 4
0.066 -0.09 0.09 0.217 0.966

**** cluster 2 and 5
-0.59 0.014 -0.042 -0.017 0.806

**** cluster 3 and 4
0.088 0.088 0.976 0.133 0.117

**** cluster 3 and 5
-0.826 0.01 0.558 -0.075 -0.043

**** cluster 4 and 5
-0.869 -0.121 -0.059 -0.471 -0.069
