
 Log information for the data set datasetJLG3v5nv1out0_2.dat >>

 alpha = 0.05 sepVal = 0.01

 Number of clusters >> 3

 cluster sizes >>
50 50 50

 Number of data points >> 150

 Number of dimensions >> 6

 Number of noisy dimensions >> 1

 noisy variables >>
6

 Number of outliers >> 0

 initial eigenvalues for each cluster >> 
 (rows correspond to clusters)
5.326 7.572 4.186 7.623 3.229
8.914 5.568 7.731 3.847 6.604
2.426 3.225 4.929 8.623 6.336

 Mean vectors and covariance matrices before rotation --- 1th cluster >>

 mean vector (mu'=Q*mu)>>
-4.818 0 0 0 0 2.022

 covariance matrix (Sigma'=Q*Sigma*t(Q))>>

5.677 -1.205 0.302 -0.66 1.304 0
-1.205 6.487 -0.079 -0.587 0.023 0
0.302 -0.079 4.271 -0.045 0.297 0
-0.66 -0.587 -0.045 7.306 0.006 0
1.304 0.023 0.297 0.006 4.196 0
0 0 0 0 0 21.549

 Mean vectors and covariance matrices before rotation --- 2th cluster >>

 mean vector (mu'=Q*mu)>>
4.818 0 0 0 0 2.022

 covariance matrix (Sigma'=Q*Sigma*t(Q))>>

6.353 0.237 -0.236 1.996 0.26 0
0.237 5.64 0.12 0.394 0.173 0
-0.236 0.12 7.813 0.792 0.231 0
1.996 0.394 0.792 5.868 1.012 0
0.26 0.173 0.231 1.012 6.99 0
0 0 0 0 0 21.549

 Mean vectors and covariance matrices before rotation --- 3th cluster >>

 mean vector (mu'=Q*mu)>>
0 8.345 0 0 0 2.022

 covariance matrix (Sigma'=Q*Sigma*t(Q))>>

8.932 0.146 -0.652 -2.96 -1.214 0
0.146 5.492 -0.083 -0.181 -0.088 0
-0.652 -0.083 6.591 -2.312 -1.362 0
-2.96 -0.181 -2.312 12.599 -1.447 0
-1.214 -0.088 -1.362 -1.447 9.857 0
0 0 0 0 0 21.549

 Final eigenvalues for each cluster >> 
 (rows correspond to clusters)
21.549 7.623 7.572 5.326 4.186 3.229
21.549 8.914 7.731 6.604 5.568 3.847
21.549 14.678 10.785 8.39 5.49 4.129

 *************************************************

 ********************* rotation ******************

 *************************************************


 The orthogonal matrix Q >>
0.183 0.121 0.337 0.794 0.456
0.121 -0.988 0.035 0.081 0.047
0.337 0.035 -0.904 0.226 0.13
0.794 0.081 0.226 -0.467 0.306
0.456 0.047 0.13 0.306 -0.825

 Mean vectors and covariance matrices after rotation --- 1th cluster >>

 mean vector (mu'=Q*mu)>>
-0.88 -3.826 -0.583 -1.625 -2.195 2.022

 covariance matrix (Sigma'=Q*Sigma*t(Q))>>

6.213 -0.712 0.662 0.489 0.545 0
-0.712 6.994 0.624 -0.036 -0.662 0
0.662 0.624 6.863 0.457 0.643 0
0.489 -0.036 0.457 4.334 0.094 0
0.545 -0.662 0.643 0.094 3.532 0
0 0 0 0 0 21.549

 Mean vectors and covariance matrices after rotation --- 2th cluster >>

 mean vector (mu'=Q*mu)>>
0.88 3.826 0.583 1.625 2.195 2.022

 covariance matrix (Sigma'=Q*Sigma*t(Q))>>

8.271 1.642 -0.024 -0.18 0.135 0
1.642 4.529 0.051 0.362 0.296 0
-0.024 0.051 5.566 -0.004 -0.016 0
-0.18 0.362 -0.004 7.689 0.006 0
0.135 0.296 -0.016 0.006 6.609 0
0 0 0 0 0 21.549

 Mean vectors and covariance matrices after rotation --- 3th cluster >>

 mean vector (mu'=Q*mu)>>
1.01 0.678 -8.242 0.288 0.389 2.022

 covariance matrix (Sigma'=Q*Sigma*t(Q))>>

7.23 -4.139 0.109 2.004 -0.433 0
-4.139 11.782 -0.209 -0.539 -0.936 0
0.109 -0.209 5.503 0.228 0.045 0
2.004 -0.539 0.228 8.244 0.071 0
-0.433 -0.936 0.045 0.071 10.712 0
0 0 0 0 0 21.549

 Final eigenvalues for each cluster >> 
 (rows correspond to clusters)
21.549 7.623 7.572 5.326 4.186 3.229
21.549 8.914 7.731 6.604 5.568 3.847
21.549 14.678 10.785 8.39 5.49 4.129

 theoretical Separation index matrix >>

-1 0.01 0.016
0.01 -1 0.01
0.016 0.01 -1

 theoretical projection directions >>

**** cluster 1 and 2
0.064 0.785 0.024 0.295 0.54 0

**** cluster 1 and 3
0.32 0.413 -0.78 0.175 0.297 0

**** cluster 2 and 3
-0.016 -0.25 -0.955 -0.087 -0.132 0

 empirical Separation index matrix (alpha= 0.05 )>>

-1 0.009 0.008
0.009 -1 0.033
0.008 0.033 -1

 empirical projection directions >>

**** cluster 1 and 2
0.122 0.743 -0.043 0.342 0.556 0.077

**** cluster 1 and 3
0.452 0.389 -0.766 0.072 0.229 -0.022

**** cluster 2 and 3
-0.09 -0.094 -0.968 -0.165 -0.061 -0.124
