
 Log information for the data set datasetJMG2v5nv10out0_2.dat >>

 alpha = 0.05 sepVal = 0.21

 Number of clusters >> 2

 cluster sizes >>
50 50

 Number of data points >> 100

 Number of dimensions >> 15

 Number of noisy dimensions >> 10

 noisy variables >>
1 2 3 5 6 7 8 9 10 14

 Number of outliers >> 0

 initial eigenvalues for each cluster >> 
 (rows correspond to clusters)
1.85 1.545 8.017 9.758 1.994
5.082 5.067 9.994 2.397 5.987

 Mean vectors and covariance matrices before rotation --- 1th cluster >>

 mean vector (mu'=Q*mu)>>
-6.02 0 0 0 0 0 0 0 0 0 0 0 0 0 0

 covariance matrix (Sigma'=Q*Sigma*t(Q))>>

2.937 0.596 -2.405 -0.168 0.146 0 0 0 0 0 0 0 0 0 0
0.596 1.841 -0.859 -0.061 0.087 0 0 0 0 0 0 0 0 0 0
-2.405 -0.859 6.621 -0.085 -0.422 0 0 0 0 0 0 0 0 0 0
-0.168 -0.061 -0.085 9.752 -0.029 0 0 0 0 0 0 0 0 0 0
0.146 0.087 -0.422 -0.029 2.013 0 0 0 0 0 0 0 0 0 0
0 0 0 0 0 24.012 -7.807 0.282 0.579 -1.369 -6.644 -4.384 -0.482 0.035 -3.035
0 0 0 0 0 -7.807 28.747 -0.585 -1.71 -2.977 -4.695 -4.921 -0.678 -0.295 -3.903
0 0 0 0 0 0.282 -0.585 14.537 -0.057 -0.188 -0.464 -0.39 -0.049 -0.012 -0.293
0 0 0 0 0 0.579 -1.71 -0.057 15.341 -0.571 -1.348 -1.156 -0.147 -0.04 -0.873
0 0 0 0 0 -1.369 -2.977 -0.188 -0.571 21.634 -2.267 -2.157 -0.287 -0.104 -1.673
0 0 0 0 0 -6.644 -4.695 -0.464 -1.348 -2.267 36.375 -3.676 -0.51 -0.231 -2.93
0 0 0 0 0 -4.384 -4.921 -0.39 -1.156 -2.157 -3.676 25.108 -0.501 -0.204 -2.904
0 0 0 0 0 -0.482 -0.678 -0.049 -0.147 -0.287 -0.51 -0.501 26 -0.026 -0.392
0 0 0 0 0 0.035 -0.295 -0.012 -0.04 -0.104 -0.231 -0.204 -0.026 17.183 -0.155
0 0 0 0 0 -3.035 -3.903 -0.293 -0.873 -1.673 -2.93 -2.904 -0.392 -0.155 24.759

 Mean vectors and covariance matrices before rotation --- 2th cluster >>

 mean vector (mu'=Q*mu)>>
6.02 0 0 0 0 0 0 0 0 0 0 0 0 0 0

 covariance matrix (Sigma'=Q*Sigma*t(Q))>>

7.249 0.617 -1.826 1.433 0.749 0 0 0 0 0 0 0 0 0 0
0.617 5.242 -0.513 0.406 0.214 0 0 0 0 0 0 0 0 0 0
-1.826 -0.513 6.899 -0.027 -1.473 0 0 0 0 0 0 0 0 0 0
1.433 0.406 -0.027 3.044 0.71 0 0 0 0 0 0 0 0 0 0
0.749 0.214 -1.473 0.71 6.093 0 0 0 0 0 0 0 0 0 0
0 0 0 0 0 24.012 -7.807 0.282 0.579 -1.369 -6.644 -4.384 -0.482 0.035 -3.035
0 0 0 0 0 -7.807 28.747 -0.585 -1.71 -2.977 -4.695 -4.921 -0.678 -0.295 -3.903
0 0 0 0 0 0.282 -0.585 14.537 -0.057 -0.188 -0.464 -0.39 -0.049 -0.012 -0.293
0 0 0 0 0 0.579 -1.71 -0.057 15.341 -0.571 -1.348 -1.156 -0.147 -0.04 -0.873
0 0 0 0 0 -1.369 -2.977 -0.188 -0.571 21.634 -2.267 -2.157 -0.287 -0.104 -1.673
0 0 0 0 0 -6.644 -4.695 -0.464 -1.348 -2.267 36.375 -3.676 -0.51 -0.231 -2.93
0 0 0 0 0 -4.384 -4.921 -0.39 -1.156 -2.157 -3.676 25.108 -0.501 -0.204 -2.904
0 0 0 0 0 -0.482 -0.678 -0.049 -0.147 -0.287 -0.51 -0.501 26 -0.026 -0.392
0 0 0 0 0 0.035 -0.295 -0.012 -0.04 -0.104 -0.231 -0.204 -0.026 17.183 -0.155
0 0 0 0 0 -3.035 -3.903 -0.293 -0.873 -1.673 -2.93 -2.904 -0.392 -0.155 24.759

 Final eigenvalues for each cluster >> 
 (rows correspond to clusters)
39.799 35.128 28.804 27.034 26.067 22.83 17.191 15.533 14.553 9.758 8.017 6.756 1.994 1.85 1.545
39.799 35.128 28.804 27.034 26.067 22.83 17.191 15.533 14.553 9.994 6.756 5.987 5.082 5.067 2.397

 *************************************************

 ********************* rotation ******************

 *************************************************


 The orthogonal matrix Q >>
0.307 0.88 0.098 0.08 0.339
0.88 -0.407 0.066 0.054 0.228
0.098 0.066 -0.993 0.006 0.025
0.08 0.054 0.006 -0.995 0.021
0.339 0.228 0.025 0.021 -0.912

 Mean vectors and covariance matrices after rotation --- 1th cluster >>

 mean vector (mu'=Q*mu)>>
0 0 0 -1.848 0 0 0 0 0 0 -0.479 -2.039 -0.592 0 -5.3

 covariance matrix (Sigma'=Q*Sigma*t(Q))>>

26 -0.287 -0.501 0 -0.026 -0.678 -0.392 -0.482 -0.049 -0.51 0 0 0 -0.147 0
-0.287 21.634 -2.157 0 -0.104 -2.977 -1.673 -1.369 -0.188 -2.267 0 0 0 -0.571 0
-0.501 -2.157 25.108 0 -0.204 -4.921 -2.904 -4.384 -0.39 -3.676 0 0 0 -1.156 0
0 0 0 2.123 0 0 0 0 0 0 -0.45 0.109 1.245 0 0.512
-0.026 -0.104 -0.204 0 17.183 -0.295 -0.155 0.035 -0.012 -0.231 0 0 0 -0.04 0
-0.678 -2.977 -4.921 0 -0.295 28.747 -3.903 -7.807 -0.585 -4.695 0 0 0 -1.71 0
-0.392 -1.673 -2.904 0 -0.155 -3.903 24.759 -3.035 -0.293 -2.93 0 0 0 -0.873 0
-0.482 -1.369 -4.384 0 0.035 -7.807 -3.035 24.012 0.282 -6.644 0 0 0 0.579 0
-0.049 -0.188 -0.39 0 -0.012 -0.585 -0.293 0.282 14.537 -0.464 0 0 0 -0.057 0
-0.51 -2.267 -3.676 0 -0.231 -4.695 -2.93 -6.644 -0.464 36.375 0 0 0 -1.348 0
0 0 0 -0.45 0 0 0 0 0 0 9.721 -0.092 0.12 0 -0.222
0 0 0 0.109 0 0 0 0 0 0 -0.092 2.048 0.537 0 0.182
0 0 0 1.245 0 0 0 0 0 0 0.12 0.537 7.175 0 1.635
-0.147 -0.571 -1.156 0 -0.04 -1.71 -0.873 0.579 -0.057 -1.348 0 0 0 15.341 0
0 0 0 0.512 0 0 0 0 0 0 -0.222 0.182 1.635 0 2.097

 Mean vectors and covariance matrices after rotation --- 2th cluster >>

 mean vector (mu'=Q*mu)>>
0 0 0 1.848 0 0 0 0 0 0 0.479 2.039 0.592 0 5.3

 covariance matrix (Sigma'=Q*Sigma*t(Q))>>

26 -0.287 -0.501 0 -0.026 -0.678 -0.392 -0.482 -0.049 -0.51 0 0 0 -0.147 0
-0.287 21.634 -2.157 0 -0.104 -2.977 -1.673 -1.369 -0.188 -2.267 0 0 0 -0.571 0
-0.501 -2.157 25.108 0 -0.204 -4.921 -2.904 -4.384 -0.39 -3.676 0 0 0 -1.156 0
0 0 0 6.015 0 0 0 0 0 0 -0.731 -0.069 1.51 0 1.184
-0.026 -0.104 -0.204 0 17.183 -0.295 -0.155 0.035 -0.012 -0.231 0 0 0 -0.04 0
-0.678 -2.977 -4.921 0 -0.295 28.747 -3.903 -7.807 -0.585 -4.695 0 0 0 -1.71 0
-0.392 -1.673 -2.904 0 -0.155 -3.903 24.759 -3.035 -0.293 -2.93 0 0 0 -0.873 0
-0.482 -1.369 -4.384 0 0.035 -7.807 -3.035 24.012 0.282 -6.644 0 0 0 0.579 0
-0.049 -0.188 -0.39 0 -0.012 -0.585 -0.293 0.282 14.537 -0.464 0 0 0 -0.057 0
-0.51 -2.267 -3.676 0 -0.231 -4.695 -2.93 -6.644 -0.464 36.375 0 0 0 -1.348 0
0 0 0 -0.731 0 0 0 0 0 0 2.785 0.119 0.019 0 -0.966
0 0 0 -0.069 0 0 0 0 0 0 0.119 5.752 -0.646 0 0.026
0 0 0 1.51 0 0 0 0 0 0 0.019 -0.646 7.408 0 1.839
-0.147 -0.571 -1.156 0 -0.04 -1.71 -0.873 0.579 -0.057 -1.348 0 0 0 15.341 0
0 0 0 1.184 0 0 0 0 0 0 -0.966 0.026 1.839 0 6.566

 Final eigenvalues for each cluster >> 
 (rows correspond to clusters)
39.799 35.128 28.804 27.034 26.067 22.83 17.191 15.533 14.553 9.758 8.017 6.756 1.994 1.85 1.545
39.799 35.128 28.804 27.034 26.067 22.83 17.191 15.533 14.553 9.994 6.756 5.987 5.082 5.067 2.397

 theoretical Separation index matrix >>

-1 0.21
0.21 -1

 theoretical projection directions >>

**** cluster 1 and 2
0 0 0 0.208 0 0 0 0 0 0 0.118 0.323 -0.207 0 0.892

 empirical Separation index matrix (alpha= 0.05 )>>

-1 0.261
0.261 -1

 empirical projection directions >>

**** cluster 1 and 2
-0.009 0.029 0.054 -0.028 0.062 -0.007 0.014 0.006 0.071 0.009 -0.1 -0.345 0.139 0.076 -0.912
