
 Log information for the data set datasetJLG5v10nv0out0_3.dat >>

 alpha = 0.05 sepVal = 0.01

 Number of clusters >> 5

 cluster sizes >>
50 50 50 50 50

 Number of data points >> 250

 Number of dimensions >> 10

 Number of noisy dimensions >> 0

 noisy variables >>
0

 Number of outliers >> 0

 initial eigenvalues for each cluster >> 
 (rows correspond to clusters)
5.347 3.986 4.429 1.195 5.843 5.805 4.075 3.827 4.221 9
3.37 3.283 7.818 6.656 8.337 8.777 4.162 7.833 8.337 8.73
7.572 6.662 4.398 9.772 3.336 7.451 3.189 9.594 6.156 6.844
9.622 9.696 2.233 3.415 3.968 9.146 3.038 2.179 3.301 6.918
2.222 9.438 4.708 2.337 9.763 6.472 1.939 3.778 7.023 2.083

 Mean vectors and covariance matrices before rotation --- 1th cluster >>

 mean vector (mu'=Q*mu)>>
-4.859 0 0 0 0 0 0 0 0 0

 covariance matrix (Sigma'=Q*Sigma*t(Q))>>

5.445 0.442 0.156 0.192 -0.139 -0.225 0.197 0.633 0.185 -1.1
0.442 4.18 0.084 0.057 0.069 0.129 0.09 0.266 0.089 -0.154
0.156 0.084 4.464 0.027 0.019 0.036 0.038 0.115 0.038 -0.095
0.192 0.057 0.027 1.207 0.041 0.073 0.027 0.076 0.028 0.006
-0.139 0.069 0.019 0.041 5.77 -0.124 0.03 0.105 0.026 -0.301
-0.225 0.129 0.036 0.073 -0.124 5.594 0.056 0.193 0.049 -0.531
0.197 0.09 0.038 0.027 0.03 0.056 4.117 0.123 0.041 -0.076
0.633 0.266 0.115 0.076 0.105 0.193 0.123 4.188 0.122 -0.185
0.185 0.089 0.038 0.028 0.026 0.049 0.041 0.122 4.262 -0.085
-1.1 -0.154 -0.095 0.006 -0.301 -0.531 -0.076 -0.185 -0.085 8.499

 Mean vectors and covariance matrices before rotation --- 2th cluster >>

 mean vector (mu'=Q*mu)>>
4.859 0 0 0 0 0 0 0 0 0

 covariance matrix (Sigma'=Q*Sigma*t(Q))>>

7.148 1.061 -0.118 0.071 -0.62 -0.681 1.064 -0.349 -0.482 -0.526
1.061 3.581 -0.029 0.026 -0.16 -0.178 0.301 -0.087 -0.124 -0.137
-0.118 -0.029 7.732 -0.14 -0.316 -0.285 -0.08 -0.252 -0.245 -0.223
0.071 0.026 -0.14 6.447 -0.524 -0.48 -0.052 -0.409 -0.407 -0.377
-0.62 -0.16 -0.316 -0.524 7.192 -1.026 -0.351 -0.921 -0.89 -0.807
-0.681 -0.178 -0.285 -0.48 -1.026 7.861 -0.352 -0.83 -0.798 -0.72
1.064 0.301 -0.08 -0.052 -0.351 -0.352 4.437 -0.236 -0.272 -0.274
-0.349 -0.087 -0.252 -0.409 -0.921 -0.83 -0.236 7.097 -0.716 -0.652
-0.482 -0.124 -0.245 -0.407 -0.89 -0.798 -0.272 -0.716 7.645 -0.627
-0.526 -0.137 -0.223 -0.377 -0.807 -0.72 -0.274 -0.652 -0.627 8.164

 Mean vectors and covariance matrices before rotation --- 3th cluster >>

 mean vector (mu'=Q*mu)>>
0 8.417 0 0 0 0 0 0 0 0

 covariance matrix (Sigma'=Q*Sigma*t(Q))>>

6.846 0.083 0.678 -1.447 0.945 -0.064 1.827 -1.028 0.042 0.017
0.083 6.854 0.233 -0.249 0.299 0.011 0.575 -0.172 0.023 0.055
0.678 0.233 4.783 0.034 0.374 0.067 0.71 0.04 0.046 0.152
-1.447 -0.249 0.034 8.899 0.144 -0.13 0.297 -0.742 -0.032 -0.187
0.945 0.299 0.374 0.144 3.809 0.092 0.803 0.123 0.057 0.198
-0.064 0.011 0.067 -0.13 0.092 7.555 0.177 -0.092 0.005 0.004
1.827 0.575 0.71 0.297 0.803 0.177 4.755 0.251 0.109 0.38
-1.028 -0.172 0.04 -0.742 0.123 -0.092 0.251 9.191 -0.021 -0.13
0.042 0.023 0.046 -0.032 0.057 0.005 0.109 -0.021 6.251 0.014
0.017 0.055 0.152 -0.187 0.198 0.004 0.38 -0.13 0.014 6.974

 Mean vectors and covariance matrices before rotation --- 4th cluster >>

 mean vector (mu'=Q*mu)>>
0 2.806 7.935 0 0 0 0 0 0 0

 covariance matrix (Sigma'=Q*Sigma*t(Q))>>

7.49 -0.702 1.778 1.371 0.254 -1.74 1.836 0.442 0.183 -1.267
-0.702 15.11 0.158 0.12 0.022 -0.162 0.162 0.039 0.016 -0.121
1.778 0.158 5.406 2.103 0.512 0.53 2.454 0.47 0.268 1.519
1.371 0.12 2.103 7.622 0.549 0.442 2.671 0.517 0.291 1.501
0.254 0.022 0.512 0.549 6.343 0.088 0.646 0.126 0.07 0.342
-1.74 -0.162 0.53 0.442 0.088 13.921 0.573 0.132 0.058 -0.228
1.836 0.162 2.454 2.671 0.646 0.573 7.884 0.603 0.341 1.82
0.442 0.039 0.47 0.517 0.126 0.132 0.603 3.526 0.066 0.375
0.183 0.016 0.268 0.291 0.07 0.058 0.341 0.066 5.204 0.194
-1.267 -0.121 1.519 1.501 0.342 -0.228 1.82 0.375 0.194 11.257

 Mean vectors and covariance matrices before rotation --- 5th cluster >>

 mean vector (mu'=Q*mu)>>
0 2.806 1.984 7.683 0 0 0 0 0 0

 covariance matrix (Sigma'=Q*Sigma*t(Q))>>

4.548 -0.051 -0.173 0.031 -1.022 -0.476 1.084 0.303 -1.135 0.185
-0.051 9.437 -0.034 -0.001 -0.022 -0.019 -0.02 -0.032 -0.039 -0.004
-0.173 -0.034 4.076 -0.003 -0.674 -0.468 -0.014 -0.451 -0.991 -0.008
0.031 -0.001 -0.003 2.337 -0.015 -0.007 0.015 0.003 -0.017 0.003
-1.022 -0.022 -0.674 -0.015 9.339 -0.377 -0.398 -0.632 -0.753 -0.074
-0.476 -0.019 -0.468 -0.007 -0.377 6.176 -0.17 -0.397 -0.608 -0.033
1.084 -0.02 -0.014 0.015 -0.398 -0.17 2.437 0.185 -0.417 0.086
0.303 -0.032 -0.451 0.003 -0.632 -0.397 0.185 3.532 -0.862 0.028
-1.135 -0.039 -0.991 -0.017 -0.753 -0.608 -0.417 -0.862 5.783 -0.08
0.185 -0.004 -0.008 0.003 -0.074 -0.033 0.086 0.028 -0.08 2.098

 Final eigenvalues for each cluster >> 
 (rows correspond to clusters)
9 5.843 5.805 5.347 4.429 4.221 4.075 3.986 3.827 1.195
8.777 8.73 8.337 8.337 7.833 7.818 6.656 4.162 3.37 3.283
9.914 9.733 7.682 7.559 6.943 6.759 6.246 4.461 3.384 3.235
15.175 15.06 14.314 10.828 6.211 5.346 5.167 4.756 3.495 3.411
9.763 9.438 7.023 6.472 4.708 3.778 2.337 2.222 2.083 1.939

 *************************************************

 ********************* rotation ******************

 *************************************************


 The orthogonal matrix Q >>
0.241 0.073 0.293 0.163 0.12 0.333 0.3 0.529 0.574 0.001
0.073 -0.996 0.017 0.01 0.007 0.02 0.018 0.031 0.034 0
0.293 0.017 -0.931 0.038 0.028 0.079 0.071 0.125 0.136 0
0.163 0.01 0.038 -0.979 0.016 0.044 0.039 0.069 0.075 0
0.12 0.007 0.028 0.016 -0.988 0.032 0.029 0.051 0.056 0
0.333 0.02 0.079 0.044 0.032 -0.911 0.08 0.142 0.154 0
0.3 0.018 0.071 0.039 0.029 0.08 -0.928 0.128 0.139 0
0.529 0.031 0.125 0.069 0.051 0.142 0.128 -0.775 0.245 0
0.574 0.034 0.136 0.075 0.056 0.154 0.139 0.245 -0.734 0
0.001 0 0 0 0 0 0 0 0 -1

 Mean vectors and covariance matrices after rotation --- 1th cluster >>

 mean vector (mu'=Q*mu)>>
-0.005 -2.569 -1.424 -0.791 -1.456 -1.171 -2.79 -0.583 -1.617 -0.356

 covariance matrix (Sigma'=Q*Sigma*t(Q))>>

8.502 0.575 0.326 0.24 0.354 0.683 0.74 -0.128 -0.052 -0.049
0.575 3.984 0.079 0.21 0.105 0.304 0.213 0.127 0.192 -0.064
0.326 0.079 4.487 0.125 0.072 0.154 0.171 0.049 0.084 -0.088
0.24 0.21 0.125 1.309 0.133 0.551 0.269 0.092 0.196 -0.017
0.354 0.105 0.072 0.133 4.162 0.241 0.199 0.065 0.117 -0.084
0.683 0.304 0.154 0.551 0.241 5.026 0.561 -0.051 -0.132 -0.312
0.74 0.213 0.171 0.269 0.199 0.561 4.7 0.122 0.245 -0.226
-0.128 0.127 0.049 0.092 0.065 -0.051 0.122 5.791 -0.08 0.004
-0.052 0.192 0.084 0.196 0.117 -0.132 0.245 -0.08 5.674 -0.061
-0.049 -0.064 -0.088 -0.017 -0.084 -0.312 -0.226 0.004 -0.061 4.093

 Mean vectors and covariance matrices after rotation --- 2th cluster >>

 mean vector (mu'=Q*mu)>>
0.005 2.569 1.424 0.791 1.456 1.171 2.79 0.583 1.617 0.356

 covariance matrix (Sigma'=Q*Sigma*t(Q))>>

8.167 0.162 0.228 -0.125 0.187 1.384 0.257 -0.62 -0.207 -0.025
0.162 7.794 -0.031 -0.067 -0.223 -0.025 -0.092 0.116 0.026 -0.48
0.228 -0.031 7.763 -0.001 -0.166 -0.325 -0.078 0.222 0.086 -0.27
-0.125 -0.067 -0.001 6.591 0.024 0.47 -0.077 -0.175 -0.137 -0.078
0.187 -0.223 -0.166 0.024 4.229 0.353 -0.332 0.151 -0.107 0.025
1.384 -0.025 -0.325 0.47 0.353 4.832 -0.44 1.518 0.503 -0.044
0.257 -0.092 -0.078 -0.077 -0.332 -0.44 8.179 0.207 0.049 -0.57
-0.62 0.116 0.222 -0.175 0.151 1.518 0.207 7.627 -0.278 -0.127
-0.207 0.026 0.086 -0.137 -0.107 0.503 0.049 -0.278 8.662 -0.368
-0.025 -0.48 -0.27 -0.078 0.025 -0.044 -0.57 -0.127 -0.368 3.458

 Mean vectors and covariance matrices after rotation --- 3th cluster >>

 mean vector (mu'=Q*mu)>>
0 0.263 0.146 0.081 0.149 0.617 0.286 0.06 0.166 -8.38

 covariance matrix (Sigma'=Q*Sigma*t(Q))>>

6.974 -0.18 0.124 -0.201 0.35 -0.1 -0.039 0.185 -0.027 0.048
-0.18 9.414 -0.112 0.086 -0.625 -0.654 0.276 -0.404 -0.056 -0.261
0.124 -0.112 4.545 0.408 0.068 0.237 -0.089 0.019 -0.087 0.146
-0.201 0.086 0.408 9.388 0.458 0.452 0.885 0.154 0.36 -0.171
0.35 -0.625 0.068 0.458 3.69 -0.314 -0.811 0.277 -0.433 0.385
-0.1 -0.654 0.237 0.452 -0.314 7.376 0.578 -0.328 -0.071 -0.146
-0.039 0.276 -0.089 0.885 -0.811 0.578 6.633 -0.503 0.079 -0.066
0.185 -0.404 0.019 0.154 0.277 -0.328 -0.503 3.558 -0.264 0.199
-0.027 -0.056 -0.087 0.36 -0.433 -0.071 0.079 -0.264 7.513 -0.059
0.048 -0.261 0.146 -0.171 0.385 -0.146 -0.066 0.199 -0.059 6.825

 Mean vectors and covariance matrices after rotation --- 4th cluster >>

 mean vector (mu'=Q*mu)>>
0.002 1.078 -7.338 0.332 0.611 2.531 1.171 0.245 0.679 -2.656

 covariance matrix (Sigma'=Q*Sigma*t(Q))>>

11.257 0.406 1.533 1.508 1.834 -1.198 0.227 0.348 -0.209 -0.117
0.406 5.034 -0.359 -0.776 -0.646 2.497 1.558 0.048 0.596 0.28
1.533 -0.359 4.025 0.874 0.818 -0.989 -0.712 0.091 -0.26 0.061
1.508 -0.776 0.874 6.683 1.29 -2.121 -1.158 0.126 -0.521 -0.049
1.834 -0.646 0.818 1.29 5.983 -1.938 -1.098 0.124 -0.489 0.007
-1.198 2.497 -0.989 -2.121 -1.938 8.83 2.073 -0.265 -1.585 -0.343
0.227 1.558 -0.712 -1.158 -1.098 2.073 6.667 -0.047 0.471 0.257
0.348 0.048 0.091 0.126 0.124 -0.265 -0.047 6.23 -0.071 0.018
-0.209 0.596 -0.26 -0.521 -0.489 -1.585 0.471 -0.071 13.908 -0.077
-0.117 0.28 0.061 -0.049 0.007 -0.343 0.257 0.018 -0.077 15.148

 Mean vectors and covariance matrices after rotation --- 5th cluster >>

 mean vector (mu'=Q*mu)>>
0.002 0.868 -1.503 -7.416 0.492 2.038 0.943 0.197 0.547 -2.685

 covariance matrix (Sigma'=Q*Sigma*t(Q))>>

2.098 -0.057 -0.054 -0.024 0.037 -0.016 -0.172 -0.093 -0.087 -0.016
-0.057 3.79 0.068 0.1 -0.094 0.176 -0.223 0.148 -0.128 -0.15
-0.054 0.068 4.571 0.166 0.045 0.639 -0.228 -0.157 -0.083 -0.048
-0.024 0.1 0.166 2.372 -0.062 0.032 0.198 0.229 0.086 -0.035
0.037 -0.094 0.045 -0.062 2.038 0.014 -0.516 -0.053 -0.285 -0.146
-0.016 0.176 0.639 0.032 0.014 2.535 -0.427 0.641 -0.305 -0.43
-0.172 -0.223 -0.228 0.198 -0.516 -0.427 6.869 0.175 -0.089 -0.117
-0.093 0.148 -0.157 0.229 -0.053 0.641 0.175 9.679 0.138 0.051
-0.087 -0.128 -0.083 0.086 -0.285 -0.305 -0.089 0.138 6.413 -0.079
-0.016 -0.15 -0.048 -0.035 -0.146 -0.43 -0.117 0.051 -0.079 9.399

 Final eigenvalues for each cluster >> 
 (rows correspond to clusters)
9 5.843 5.805 5.347 4.429 4.221 4.075 3.986 3.827 1.195
8.777 8.73 8.337 8.337 7.833 7.818 6.656 4.162 3.37 3.283
9.914 9.733 7.682 7.559 6.943 6.759 6.246 4.461 3.384 3.235
15.175 15.06 14.314 10.828 6.211 5.346 5.167 4.756 3.495 3.411
9.763 9.438 7.023 6.472 4.708 3.778 2.337 2.222 2.083 1.939

 theoretical Separation index matrix >>

-1 0.01 0.022 0.027 0.234
0.01 -1 0.053 0.01 0.076
0.022 0.053 -1 0.03 0.01
0.027 0.01 0.03 -1 0.123
0.234 0.076 0.01 0.123 -1

 theoretical projection directions >>

**** cluster 1 and 2
-0.1 0.519 0.28 0.176 0.409 0.229 0.52 0.049 0.244 0.242

**** cluster 1 and 3
-0.043 0.231 0.19 -0.003 0.294 0.115 0.281 0.107 0.147 -0.835

**** cluster 1 and 4
-0.016 0.319 -0.747 0.284 0.319 0.204 0.28 0.072 0.124 -0.124

**** cluster 1 and 5
-0.021 0.212 0.001 -0.914 0.142 0.23 0.177 0.026 0.105 -0.058

**** cluster 2 and 3
0.015 -0.187 -0.118 -0.038 -0.173 -0.058 -0.219 -0.038 -0.117 -0.924

**** cluster 2 and 4
0.109 -0.171 -0.937 -0.001 -0.08 0.06 -0.186 -0.009 -0.046 -0.182

**** cluster 2 and 5
-0.031 -0.155 -0.221 -0.888 -0.201 0.175 -0.119 -0.029 -0.08 -0.214

**** cluster 3 and 4
0.073 0.026 -0.936 0.089 0.124 0.12 -0.001 0.021 0.027 0.28

**** cluster 3 and 5
-0.015 0.098 -0.179 -0.828 0.173 0.272 0.13 0.017 0.075 0.382

**** cluster 4 and 5
0.007 -0.007 0.59 -0.789 -0.003 -0.166 -0.004 0.024 -0.025 -0.009

 empirical Separation index matrix (alpha= 0.05 )>>

-1 0.046 0.24 0.253 0.048
0.046 -1 0.081 0.092 0.047
0.24 0.081 -1 0.108 0.051
0.253 0.092 0.108 -1 -0.046
0.048 0.047 0.051 -0.046 -1

 empirical projection directions >>

**** cluster 1 and 2
-0.166 0.014 0.188 0.74 -0.378 -0.327 -0.243 0.064 -0.146 -0.236

**** cluster 1 and 3
0.031 0.049 -0.543 0.79 -0.114 0.215 0.111 -0.007 0.031 -0.07

**** cluster 1 and 4
0.026 -0.114 0.036 0.894 -0.328 -0.171 -0.212 0.023 -0.039 0.044

**** cluster 1 and 5
-0.015 0.211 0.284 0.831 0.101 -0.395 0.038 0.038 0.023 0.117

**** cluster 2 and 3
-0.032 0.042 -0.952 0.079 0.251 0.08 0.019 -0.002 0.054 0.108

**** cluster 2 and 4
0.127 -0.309 -0.09 0.072 -0.502 -0.08 -0.207 -0.247 0.085 0.711

**** cluster 2 and 5
0.121 0.085 0.134 0.08 0.063 -0.094 0.091 0.102 0.127 0.952

**** cluster 3 and 4
-0.009 -0.254 0.749 -0.356 -0.145 -0.227 -0.31 -0.15 -0.093 0.218

**** cluster 3 and 5
-0.063 0.092 0.916 -0.011 0.109 -0.152 -0.15 -0.116 -0.024 0.278

**** cluster 4 and 5
-0.162 0.489 0.252 0.212 0.542 0.22 0.503 0.151 0.042 0.08
