
 Log information for the data set datasetJHG3v5nv3out0_3.dat >>

 alpha = 0.05 sepVal = 0.34

 Number of clusters >> 3

 cluster sizes >>
50 50 50

 Number of data points >> 150

 Number of dimensions >> 8

 Number of noisy dimensions >> 3

 noisy variables >>
4 5 7

 Number of outliers >> 0

 initial eigenvalues for each cluster >> 
 (rows correspond to clusters)
3.062 8.873 7.465 1.23 2.469
8.753 1.936 8.187 9.361 9.994
1.823 1.403 5.53 9.517 4.727

 Mean vectors and covariance matrices before rotation --- 1th cluster >>

 mean vector (mu'=Q*mu)>>
-9.704 0 0 0 0 4.057 3.45 3.811

 covariance matrix (Sigma'=Q*Sigma*t(Q))>>

4.601 -0.967 -2.104 1.477 0.741 0 0 0
-0.967 8.535 -0.911 -0.217 -0.268 0 0 0
-2.104 -0.911 5.065 -0.34 -0.547 0 0 0
1.477 -0.217 -0.34 2.113 0.563 0 0 0
0.741 -0.268 -0.547 0.563 2.785 0 0 0
0 0 0 0 0 52.586 12.888 -12.658
0 0 0 0 0 12.888 12.019 2.285
0 0 0 0 0 -12.658 2.285 58.474

 Mean vectors and covariance matrices before rotation --- 2th cluster >>

 mean vector (mu'=Q*mu)>>
9.704 0 0 0 0 4.057 3.45 3.811

 covariance matrix (Sigma'=Q*Sigma*t(Q))>>

8.319 1.358 0.172 -0.065 -0.121 0 0 0
1.358 2.25 0.426 0.052 0.049 0 0 0
0.172 0.426 8.323 -0.006 -0.021 0 0 0
-0.065 0.052 -0.006 9.356 -0.007 0 0 0
-0.121 0.049 -0.021 -0.007 9.984 0 0 0
0 0 0 0 0 52.586 12.888 -12.658
0 0 0 0 0 12.888 12.019 2.285
0 0 0 0 0 -12.658 2.285 58.474

 Mean vectors and covariance matrices before rotation --- 3th cluster >>

 mean vector (mu'=Q*mu)>>
0 16.807 0 0 0 4.057 3.45 3.811

 covariance matrix (Sigma'=Q*Sigma*t(Q))>>

7.806 2.712 -0.13 -3.763 0.232 0 0 0
2.712 3.204 0.029 -1.519 0.188 0 0 0
-0.13 0.029 6.775 -2.062 -0.417 0 0 0
-3.763 -1.519 -2.062 6.691 -1.789 0 0 0
0.232 0.188 -0.417 -1.789 5.953 0 0 0
0 0 0 0 0 52.586 12.888 -12.658
0 0 0 0 0 12.888 12.019 2.285
0 0 0 0 0 -12.658 2.285 58.474

 Final eigenvalues for each cluster >> 
 (rows correspond to clusters)
69.267 46.223 8.873 7.59 7.465 3.062 2.469 1.23
69.267 46.223 9.994 9.361 8.753 8.187 7.59 1.936
69.267 46.223 12.591 7.59 7.316 6.254 2.412 1.857

 *************************************************

 ********************* rotation ******************

 *************************************************


 The orthogonal matrix Q >>
0.464 0.838 0.169 0.009 0.234
0.838 -0.521 0.097 0.005 0.134
0.169 0.097 -0.98 0.001 0.027
0.009 0.005 0.001 -1 0.001
0.234 0.134 0.027 0.001 -0.963

 Mean vectors and covariance matrices after rotation --- 1th cluster >>

 mean vector (mu'=Q*mu)>>
-0.084 -1.644 -2.271 3.811 4.057 -4.498 3.45 -8.128

 covariance matrix (Sigma'=Q*Sigma*t(Q))>>

2.088 -0.553 0.235 0 0 -0.553 0 -1.392
-0.553 5.959 0.025 0 0 1.834 0 1.086
0.235 0.025 2.658 0 0 0.454 0 -0.788
0 0 0 58.474 -12.658 0 2.285 0
0 0 0 -12.658 52.586 0 12.888 0
-0.553 1.834 0.454 0 0 5.958 0 -2.413
0 0 0 2.285 12.888 0 12.019 0
-1.392 1.086 -0.788 0 0 -2.413 0 6.436

 Mean vectors and covariance matrices after rotation --- 2th cluster >>

 mean vector (mu'=Q*mu)>>
0.084 1.644 2.271 3.811 4.057 4.498 3.45 8.128

 covariance matrix (Sigma'=Q*Sigma*t(Q))>>

9.356 -0.005 -0.002 0 0 -0.031 0 0.094
-0.005 8.174 -0.16 0 0 -0.644 0 0.383
-0.002 -0.16 9.885 0 0 -0.665 0 0.324
0 0 0 58.474 -12.658 0 2.285 0
0 0 0 -12.658 52.586 0 12.888 0
-0.031 -0.644 -0.665 0 0 5.346 0 3.32
0 0 0 2.285 12.888 0 12.019 0
0.094 0.383 0.324 0 0 3.32 0 5.469

 Mean vectors and covariance matrices after rotation --- 3th cluster >>

 mean vector (mu'=Q*mu)>>
0.084 1.63 2.252 3.811 4.057 14.078 3.45 -8.75

 covariance matrix (Sigma'=Q*Sigma*t(Q))>>

6.781 -1.182 -0.577 0 0 3.801 0 2.817
-1.182 6.925 -0.28 0 0 0.446 0 0.492
-0.577 -0.28 6.045 0 0 0.42 0 0.479
0 0 0 58.474 -12.658 0 2.285 0
0 0 0 -12.658 52.586 0 12.888 0
3.801 0.446 0.42 0 0 6.564 0 3.152
0 0 0 2.285 12.888 0 12.019 0
2.817 0.492 0.479 0 0 3.152 0 4.114

 Final eigenvalues for each cluster >> 
 (rows correspond to clusters)
69.267 46.223 8.873 7.59 7.465 3.062 2.469 1.23
69.267 46.223 9.994 9.361 8.753 8.187 7.59 1.936
69.267 46.223 12.591 7.59 7.316 6.254 2.412 1.857

 theoretical Separation index matrix >>

-1 0.34 0.34
0.34 -1 0.548
0.34 0.548 -1

 theoretical projection directions >>

**** cluster 1 and 2
0.173 -0.014 0.282 0 0 0.483 0 0.811

**** cluster 1 and 3
-0.339 -0.046 0.169 0 0 0.921 0 -0.079

**** cluster 2 and 3
0.009 0.055 0.051 0 0 0.601 0 -0.795

 empirical Separation index matrix (alpha= 0.05 )>>

-1 0.542 0.385
0.542 -1 0.366
0.385 0.366 -1

 empirical projection directions >>

**** cluster 1 and 2
-0.006 0.06 0.008 -0.033 0.012 0.582 -0.022 -0.81

**** cluster 1 and 3
-0.36 0.023 -0.553 0.031 0.019 -0.305 -0.116 -0.676

**** cluster 2 and 3
0.067 -0.154 -0.377 0.049 -0.051 -0.884 0.061 0.197
