
 Log information for the data set datasetJMG5v5nv3out0_1.dat >>

 alpha = 0.05 sepVal = 0.21

 Number of clusters >> 5

 cluster sizes >>
50 50 50 50 50

 Number of data points >> 250

 Number of dimensions >> 8

 Number of noisy dimensions >> 3

 noisy variables >>
1 4 7

 Number of outliers >> 0

 initial eigenvalues for each cluster >> 
 (rows correspond to clusters)
4.951 5.596 2.582 7.008 1.024
8.118 5.593 7.404 3.158 1.978
9.658 4.213 4.613 7.486 4.413
9.075 1.82 8.896 9.353 8.511
2.864 3.73 6.289 4.735 3.293

 Mean vectors and covariance matrices before rotation --- 1th cluster >>

 mean vector (mu'=Q*mu)>>
-7.979 0 0 0 0 3.812 0.856 4.43

 covariance matrix (Sigma'=Q*Sigma*t(Q))>>

4.892 -0.266 1.389 -1.458 0.94 0 0 0
-0.266 5.538 0.298 -0.568 0.235 0 0 0
1.389 0.298 4.142 0.069 0.812 0 0 0
-1.458 -0.568 0.069 5.48 0.25 0 0 0
0.94 0.235 0.812 0.25 1.447 0 0 0
0 0 0 0 0 6.466 1.346 -0.59
0 0 0 0 0 1.346 8.264 -0.105
0 0 0 0 0 -0.59 -0.105 11.702

 Mean vectors and covariance matrices before rotation --- 2th cluster >>

 mean vector (mu'=Q*mu)>>
7.979 0 0 0 0 3.812 0.856 4.43

 covariance matrix (Sigma'=Q*Sigma*t(Q))>>

6.639 1.154 -0.081 0.408 0.023 0 0 0
1.154 6.972 0.382 0.307 0.016 0 0 0
-0.081 0.382 7.444 0.11 0.006 0 0 0
0.408 0.307 0.11 3.216 0.003 0 0 0
0.023 0.016 0.006 0.003 1.978 0 0 0
0 0 0 0 0 6.466 1.346 -0.59
0 0 0 0 0 1.346 8.264 -0.105
0 0 0 0 0 -0.59 -0.105 11.702

 Mean vectors and covariance matrices before rotation --- 3th cluster >>

 mean vector (mu'=Q*mu)>>
0 13.82 0 0 0 3.812 0.856 4.43

 covariance matrix (Sigma'=Q*Sigma*t(Q))>>

8.773 1.928 1.438 -0.136 1.705 0 0 0
1.928 10.369 2.66 0.182 2.878 0 0 0
1.438 2.66 10.41 0.154 2.543 0 0 0
-0.136 0.182 0.154 13.089 0.17 0 0 0
1.705 2.878 2.543 0.17 10.467 0 0 0
0 0 0 0 0 6.466 1.346 -0.59
0 0 0 0 0 1.346 8.264 -0.105
0 0 0 0 0 -0.59 -0.105 11.702

 Mean vectors and covariance matrices before rotation --- 4th cluster >>

 mean vector (mu'=Q*mu)>>
0 4.607 13.029 0 0 3.812 0.856 4.43

 covariance matrix (Sigma'=Q*Sigma*t(Q))>>

6.831 2.954 -0.678 -0.025 -0.641 0 0 0
2.954 4.397 1.036 0.027 1.421 0 0 0
-0.678 1.036 8.694 -0.008 -0.181 0 0 0
-0.025 0.027 -0.008 9.353 -0.008 0 0 0
-0.641 1.421 -0.181 -0.008 8.379 0 0 0
0 0 0 0 0 6.466 1.346 -0.59
0 0 0 0 0 1.346 8.264 -0.105
0 0 0 0 0 -0.59 -0.105 11.702

 Mean vectors and covariance matrices before rotation --- 5th cluster >>

 mean vector (mu'=Q*mu)>>
0 4.607 3.257 12.616 0 3.812 0.856 4.43

 covariance matrix (Sigma'=Q*Sigma*t(Q))>>

4.159 0.018 -1.157 -0.394 0.282 0 0 0
0.018 3.663 -0.378 -0.183 -0.053 0 0 0
-1.157 -0.378 5.391 -0.594 -0.554 0 0 0
-0.394 -0.183 -0.594 4.392 -0.234 0 0 0
0.282 -0.053 -0.554 -0.234 3.308 0 0 0
0 0 0 0 0 6.466 1.346 -0.59
0 0 0 0 0 1.346 8.264 -0.105
0 0 0 0 0 -0.59 -0.105 11.702

 Final eigenvalues for each cluster >> 
 (rows correspond to clusters)
11.788 8.935 7.12 5.709 5.686 5.03 2.623 1.04
11.788 8.935 8.118 7.404 5.709 5.593 3.158 1.978
16.882 13.085 11.788 8.935 8.064 7.714 7.363 5.709
11.788 9.353 9.075 8.935 8.896 8.511 5.709 1.82
11.788 8.935 6.289 5.709 4.735 3.73 3.293 2.864

 *************************************************

 ********************* rotation ******************

 *************************************************


 The orthogonal matrix Q >>
0.134 0.649 0.078 0.644 0.373
0.649 -0.628 0.045 0.369 0.214
0.078 0.045 -0.995 0.044 0.026
0.644 0.369 0.044 -0.634 0.212
0.373 0.214 0.026 0.212 -0.877

 Mean vectors and covariance matrices after rotation --- 1th cluster >>

 mean vector (mu'=Q*mu)>>
4.43 -0.622 -1.07 0.856 -5.141 -5.18 3.812 -2.978

 covariance matrix (Sigma'=Q*Sigma*t(Q))>>

11.702 0 0 -0.105 0 0 -0.59 0
0 3.852 -0.734 0 -1.057 -0.934 0 0.088
0 -0.734 4.592 0 -0.455 -0.674 0 0.469
-0.105 0 0 8.264 0 0 1.346 0
0 -1.057 -0.455 0 6.717 -0.128 0 0.369
0 -0.934 -0.674 0 -0.128 5.169 0 -0.113
-0.59 0 0 1.346 0 0 6.466 0
0 0.088 0.469 0 0.369 -0.113 0 1.17

 Mean vectors and covariance matrices after rotation --- 2th cluster >>

 mean vector (mu'=Q*mu)>>
4.43 0.622 1.07 0.856 5.141 5.18 3.812 2.978

 covariance matrix (Sigma'=Q*Sigma*t(Q))>>

11.702 0 0 -0.105 0 0 -0.59 0
0 7.408 -0.395 0 0.076 0.121 0 0.043
0 -0.395 5.302 0 1.758 -0.789 0 1.618
-0.105 0 0 8.264 0 0 1.346 0
0 0.076 1.758 0 5.182 0.411 0 1.603
0 0.121 -0.789 0 0.411 5.186 0 0.541
-0.59 0 0 1.346 0 0 6.466 0
0 0.043 1.618 0 1.603 0.541 0 3.173

 Mean vectors and covariance matrices after rotation --- 3th cluster >>

 mean vector (mu'=Q*mu)>>
4.43 0.617 8.972 0.856 5.097 -8.684 3.812 2.953

 covariance matrix (Sigma'=Q*Sigma*t(Q))>>

11.702 0 0 -0.105 0 0 -0.59 0
0 9.83 -2.6 0 -2.26 0.105 0 0.931
0 -2.6 14.057 0 1.133 1.427 0 -0.668
-0.105 0 0 8.264 0 0 1.346 0
0 -2.26 1.133 0 12.825 -1.095 0 -1.749
0 0.105 1.427 0 -1.095 8.064 0 0.359
-0.59 0 0 1.346 0 0 6.466 0
0 0.931 -0.668 0 -1.749 0.359 0 8.332

 Mean vectors and covariance matrices after rotation --- 4th cluster >>

 mean vector (mu'=Q*mu)>>
4.43 -12.754 4.006 0.856 2.276 -2.313 3.812 1.319

 covariance matrix (Sigma'=Q*Sigma*t(Q))>>

11.702 0 0 -0.105 0 0 -0.59 0
0 8.719 -0.441 0 0.079 1.07 0 -0.119
0 -0.441 8.312 0 0.12 2.324 0 -0.378
-0.105 0 0 8.264 0 0 1.346 0
0 0.079 0.12 0 9.04 -0.729 0 -0.087
0 1.07 2.324 0 -0.729 3.191 0 1.086
-0.59 0 0 1.346 0 0 6.466 0
0 -0.119 -0.378 0 -0.087 1.086 0 8.392

 Mean vectors and covariance matrices after rotation --- 5th cluster >>

 mean vector (mu'=Q*mu)>>
4.43 -2.475 11.373 0.856 -6.154 1.904 3.812 3.743

 covariance matrix (Sigma'=Q*Sigma*t(Q))>>

11.702 0 0 -0.105 0 0 -0.59 0
0 5.668 0.83 0 0.564 0.783 0 0.11
0 0.83 3.454 0 -0.375 -0.047 0 0.201
-0.105 0 0 8.264 0 0 1.346 0
0 0.564 -0.375 0 4.641 0.021 0 -0.142
0 0.783 -0.047 0 0.021 3.819 0 0.012
-0.59 0 0 1.346 0 0 6.466 0
0 0.11 0.201 0 -0.142 0.012 0 3.331

 Final eigenvalues for each cluster >> 
 (rows correspond to clusters)
11.788 8.935 7.12 5.709 5.686 5.03 2.623 1.04
11.788 8.935 8.118 7.404 5.709 5.593 3.158 1.978
16.882 13.085 11.788 8.935 8.064 7.714 7.363 5.709
11.788 9.353 9.075 8.935 8.896 8.511 5.709 1.82
11.788 8.935 6.289 5.709 4.735 3.73 3.293 2.864

 theoretical Separation index matrix >>

-1 0.274 0.21 0.216 0.36
0.274 -1 0.22 0.21 0.331
0.21 0.22 -1 0.237 0.21
0.216 0.21 0.237 -1 0.211
0.36 0.331 0.21 0.211 -1

 theoretical projection directions >>

**** cluster 1 and 2
0 0.175 0.082 0 0.434 0.62 0 0.624

**** cluster 1 and 3
0 0.268 0.515 0 0.501 -0.177 0 0.617

**** cluster 1 and 4
0 -0.788 0.247 0 0.354 0.228 0 0.374

**** cluster 1 and 5
0 -0.103 0.69 0 -0.002 0.417 0 0.583

**** cluster 2 and 3
0 0.066 0.398 0 -0.092 -0.91 0 0.028

**** cluster 2 and 4
0 -0.621 0.254 0 -0.207 -0.712 0 -0.022

**** cluster 2 and 5
0 -0.105 0.709 0 -0.693 -0.076 0 0.029

**** cluster 3 and 4
0 -0.629 -0.369 0 -0.085 0.665 0 -0.138

**** cluster 3 and 5
0 -0.265 0.075 0 -0.573 0.772 0 -0.019

**** cluster 4 and 5
0 0.621 0.498 0 -0.564 0.142 0 0.167

 empirical Separation index matrix (alpha= 0.05 )>>

-1 0.211 0.184 0.298 0.198
0.211 -1 0.362 0.273 0.305
0.184 0.362 -1 0.305 0.383
0.298 0.273 0.305 -1 0.267
0.198 0.305 0.383 0.267 -1

 empirical projection directions >>

**** cluster 1 and 2
0.021 0.539 -0.197 0.064 0.408 0.648 -0.25 0.134

**** cluster 1 and 3
-0.052 0.513 0.572 -0.04 -0.392 0.037 0.038 0.499

**** cluster 1 and 4
-0.093 0.522 0.306 0.078 0.084 -0.751 -0.059 0.211

**** cluster 1 and 5
-0.142 0.652 -0.259 0.127 -0.256 -0.297 -0.284 -0.488

**** cluster 2 and 3
-0.058 -0.087 0.705 0.023 -0.666 -0.001 0.192 -0.105

**** cluster 2 and 4
-0.198 0.202 0.38 0.085 -0.206 -0.843 0.124 0.006

**** cluster 2 and 5
-0.104 -0.034 0.078 0.072 -0.412 -0.502 0.076 -0.741

**** cluster 3 and 4
0.039 0.276 -0.262 -0.012 0.482 -0.767 -0.151 0.097

**** cluster 3 and 5
-0.029 0.08 -0.728 0.025 0.065 -0.369 -0.151 -0.547

**** cluster 4 and 5
-0.048 -0.096 -0.387 -0.056 -0.363 0.281 -0.066 -0.788
