
 Log information for the data set datasetJHG3v2nv10out0_2.dat >>

 alpha = 0.05 sepVal = 0.34

 Number of clusters >> 3

 cluster sizes >>
50 50 50

 Number of data points >> 150

 Number of dimensions >> 12

 Number of noisy dimensions >> 10

 noisy variables >>
1 2 3 4 5 6 7 8 10 12

 Number of outliers >> 0

 initial eigenvalues for each cluster >> 
 (rows correspond to clusters)
3.561 8.205
7.808 5.439
1.174 3.587

 Mean vectors and covariance matrices before rotation --- 1th cluster >>

 mean vector (mu'=Q*mu)>>
-9.003 0 3.252 4.397 0.202 0.881 4.08 1.118 5.064 4.248 2.701 3.819

 covariance matrix (Sigma'=Q*Sigma*t(Q))>>

4.949 -1.652 0 0 0 0 0 0 0 0 0 0
-1.652 9.686 0 0 0 0 0 0 0 0 0 0
0 0 59.183 -0.345 -0.367 0.017 0.181 -0.501 -0.263 0.165 0.575 0.639
0 0 -0.345 60.464 -0.116 0.003 0.029 -0.141 -0.074 0.03 0.118 0.13
0 0 -0.367 -0.116 59.97 0.01 0.11 -0.176 -0.093 0.093 0.296 0.332
0 0 0.017 0.003 0.01 58.664 0.015 0.002 0 0.011 0.029 0.033
0 0 0.181 0.029 0.11 0.015 58.813 0.017 0.005 0.116 0.312 0.358
0 0 -0.501 -0.141 -0.176 0.002 0.017 60.6 -0.102 0.024 0.115 0.124
0 0 -0.263 -0.074 -0.093 0 0.005 -0.102 60.817 0.01 0.053 0.057
0 0 0.165 0.03 0.093 0.011 0.116 0.024 0.01 58.504 0.226 0.259
0 0 0.575 0.118 0.296 0.029 0.312 0.115 0.053 0.226 58.529 0.676
0 0 0.639 0.13 0.332 0.033 0.358 0.124 0.057 0.259 0.676 58.796

 Mean vectors and covariance matrices before rotation --- 2th cluster >>

 mean vector (mu'=Q*mu)>>
9.003 0 3.252 4.397 0.202 0.881 4.08 1.118 5.064 4.248 2.701 3.819

 covariance matrix (Sigma'=Q*Sigma*t(Q))>>

5.443 0.094 0 0 0 0 0 0 0 0 0 0
0.094 7.805 0 0 0 0 0 0 0 0 0 0
0 0 59.183 -0.345 -0.367 0.017 0.181 -0.501 -0.263 0.165 0.575 0.639
0 0 -0.345 60.464 -0.116 0.003 0.029 -0.141 -0.074 0.03 0.118 0.13
0 0 -0.367 -0.116 59.97 0.01 0.11 -0.176 -0.093 0.093 0.296 0.332
0 0 0.017 0.003 0.01 58.664 0.015 0.002 0 0.011 0.029 0.033
0 0 0.181 0.029 0.11 0.015 58.813 0.017 0.005 0.116 0.312 0.358
0 0 -0.501 -0.141 -0.176 0.002 0.017 60.6 -0.102 0.024 0.115 0.124
0 0 -0.263 -0.074 -0.093 0 0.005 -0.102 60.817 0.01 0.053 0.057
0 0 0.165 0.03 0.093 0.011 0.116 0.024 0.01 58.504 0.226 0.259
0 0 0.575 0.118 0.296 0.029 0.312 0.115 0.053 0.226 58.529 0.676
0 0 0.639 0.13 0.332 0.033 0.358 0.124 0.057 0.259 0.676 58.796

 Mean vectors and covariance matrices before rotation --- 3th cluster >>

 mean vector (mu'=Q*mu)>>
0 15.594 3.252 4.397 0.202 0.881 4.08 1.118 5.064 4.248 2.701 3.819

 covariance matrix (Sigma'=Q*Sigma*t(Q))>>

1.669 -0.974 0 0 0 0 0 0 0 0 0 0
-0.974 3.093 0 0 0 0 0 0 0 0 0 0
0 0 59.183 -0.345 -0.367 0.017 0.181 -0.501 -0.263 0.165 0.575 0.639
0 0 -0.345 60.464 -0.116 0.003 0.029 -0.141 -0.074 0.03 0.118 0.13
0 0 -0.367 -0.116 59.97 0.01 0.11 -0.176 -0.093 0.093 0.296 0.332
0 0 0.017 0.003 0.01 58.664 0.015 0.002 0 0.011 0.029 0.033
0 0 0.181 0.029 0.11 0.015 58.813 0.017 0.005 0.116 0.312 0.358
0 0 -0.501 -0.141 -0.176 0.002 0.017 60.6 -0.102 0.024 0.115 0.124
0 0 -0.263 -0.074 -0.093 0 0.005 -0.102 60.817 0.01 0.053 0.057
0 0 0.165 0.03 0.093 0.011 0.116 0.024 0.01 58.504 0.226 0.259
0 0 0.575 0.118 0.296 0.029 0.312 0.115 0.053 0.226 58.529 0.676
0 0 0.639 0.13 0.332 0.033 0.358 0.124 0.057 0.259 0.676 58.796

 Final eigenvalues for each cluster >> 
 (rows correspond to clusters)
60.869 60.797 60.564 60.341 60.071 58.662 58.656 58.419 58.017 57.943 10.205 4.43
60.869 60.797 60.564 60.341 60.071 58.662 58.656 58.419 58.017 57.943 7.808 5.439
60.869 60.797 60.564 60.341 60.071 58.662 58.656 58.419 58.017 57.943 3.587 1.174

 *************************************************

 ********************* rotation ******************

 *************************************************


 The orthogonal matrix Q >>
0.957 0.29
0.29 -0.957

 Mean vectors and covariance matrices after rotation --- 1th cluster >>

 mean vector (mu'=Q*mu)>>
3.252 5.064 4.248 0.202 3.819 0.881 2.701 4.397 -2.608 1.118 -8.617 4.08

 covariance matrix (Sigma'=Q*Sigma*t(Q))>>

59.183 -0.263 0.165 -0.367 0.639 0.017 0.575 -0.345 0 -0.501 0 0.181
-0.263 60.817 0.01 -0.093 0.057 0 0.053 -0.074 0 -0.102 0 0.005
0.165 0.01 58.504 0.093 0.259 0.011 0.226 0.03 0 0.024 0 0.116
-0.367 -0.093 0.093 59.97 0.332 0.01 0.296 -0.116 0 -0.176 0 0.11
0.639 0.057 0.259 0.332 58.796 0.033 0.676 0.13 0 0.124 0 0.358
0.017 0 0.011 0.01 0.033 58.664 0.029 0.003 0 0.002 0 0.015
0.575 0.053 0.226 0.296 0.676 0.029 58.529 0.118 0 0.115 0 0.312
-0.345 -0.074 0.03 -0.116 0.13 0.003 0.118 60.464 0 -0.141 0 0.029
0 0 0 0 0 0 0 0 10.205 0 0.061 0
-0.501 -0.102 0.024 -0.176 0.124 0.002 0.115 -0.141 0 60.6 0 0.017
0 0 0 0 0 0 0 0 0.061 0 4.43 0
0.181 0.005 0.116 0.11 0.358 0.015 0.312 0.029 0 0.017 0 58.813

 Mean vectors and covariance matrices after rotation --- 2th cluster >>

 mean vector (mu'=Q*mu)>>
3.252 5.064 4.248 0.202 3.819 0.881 2.701 4.397 2.608 1.118 8.617 4.08

 covariance matrix (Sigma'=Q*Sigma*t(Q))>>

59.183 -0.263 0.165 -0.367 0.639 0.017 0.575 -0.345 0 -0.501 0 0.181
-0.263 60.817 0.01 -0.093 0.057 0 0.053 -0.074 0 -0.102 0 0.005
0.165 0.01 58.504 0.093 0.259 0.011 0.226 0.03 0 0.024 0 0.116
-0.367 -0.093 0.093 59.97 0.332 0.01 0.296 -0.116 0 -0.176 0 0.11
0.639 0.057 0.259 0.332 58.796 0.033 0.676 0.13 0 0.124 0 0.358
0.017 0 0.011 0.01 0.033 58.664 0.029 0.003 0 0.002 0 0.015
0.575 0.053 0.226 0.296 0.676 0.029 58.529 0.118 0 0.115 0 0.312
-0.345 -0.074 0.03 -0.116 0.13 0.003 0.118 60.464 0 -0.141 0 0.029
0 0 0 0 0 0 0 0 7.554 0 -0.733 0
-0.501 -0.102 0.024 -0.176 0.124 0.002 0.115 -0.141 0 60.6 0 0.017
0 0 0 0 0 0 0 0 -0.733 0 5.693 0
0.181 0.005 0.116 0.11 0.358 0.015 0.312 0.029 0 0.017 0 58.813

 Mean vectors and covariance matrices after rotation --- 3th cluster >>

 mean vector (mu'=Q*mu)>>
3.252 5.064 4.248 0.202 3.819 0.881 2.701 4.397 -14.925 1.118 4.518 4.08

 covariance matrix (Sigma'=Q*Sigma*t(Q))>>

59.183 -0.263 0.165 -0.367 0.639 0.017 0.575 -0.345 0 -0.501 0 0.181
-0.263 60.817 0.01 -0.093 0.057 0 0.053 -0.074 0 -0.102 0 0.005
0.165 0.01 58.504 0.093 0.259 0.011 0.226 0.03 0 0.024 0 0.116
-0.367 -0.093 0.093 59.97 0.332 0.01 0.296 -0.116 0 -0.176 0 0.11
0.639 0.057 0.259 0.332 58.796 0.033 0.676 0.13 0 0.124 0 0.358
0.017 0 0.011 0.01 0.033 58.664 0.029 0.003 0 0.002 0 0.015
0.575 0.053 0.226 0.296 0.676 0.029 58.529 0.118 0 0.115 0 0.312
-0.345 -0.074 0.03 -0.116 0.13 0.003 0.118 60.464 0 -0.141 0 0.029
0 0 0 0 0 0 0 0 3.513 0 0.416 0
-0.501 -0.102 0.024 -0.176 0.124 0.002 0.115 -0.141 0 60.6 0 0.017
0 0 0 0 0 0 0 0 0.416 0 1.248 0
0.181 0.005 0.116 0.11 0.358 0.015 0.312 0.029 0 0.017 0 58.813

 Final eigenvalues for each cluster >> 
 (rows correspond to clusters)
60.869 60.797 60.564 60.341 60.071 58.662 58.656 58.419 58.017 57.943 10.205 4.43
60.869 60.797 60.564 60.341 60.071 58.662 58.656 58.419 58.017 57.943 7.808 5.439
60.869 60.797 60.564 60.341 60.071 58.662 58.656 58.419 58.017 57.943 3.587 1.174

 theoretical Separation index matrix >>

-1 0.34 0.431
0.34 -1 0.34
0.431 0.34 -1

 theoretical projection directions >>

**** cluster 1 and 2
0 0 0 0 0 0 0 0 0.2 0 0.98 0

**** cluster 1 and 3
0 0 0 0 0 0 0 0 -0.378 0 0.926 0

**** cluster 2 and 3
0 0 0 0 0 0 0 0 -0.925 0 -0.38 0

 empirical Separation index matrix (alpha= 0.05 )>>

-1 0.315 0.38
0.315 -1 0.481
0.38 0.481 -1

 empirical projection directions >>

**** cluster 1 and 2
-0.002 0.01 0.024 0.032 -0.013 -0.004 -0.036 0.029 -0.142 -0.01 -0.984 -0.09

**** cluster 1 and 3
-0.005 0.047 -0.018 0.017 -0.009 -0.029 0.001 -0.004 -0.922 0.01 -0.38 -0.049

**** cluster 2 and 3
0.007 -0.022 -0.027 -0.014 -0.015 0.008 0.024 -0.026 -0.346 -0.014 0.936 0.029
