
 Log information for the data set datasetJMG2v10nv1out0_1.dat >>

 alpha = 0.05 sepVal = 0.21

 Number of clusters >> 2

 cluster sizes >>
50 50

 Number of data points >> 100

 Number of dimensions >> 11

 Number of noisy dimensions >> 1

 noisy variables >>
4

 Number of outliers >> 0

 initial eigenvalues for each cluster >> 
 (rows correspond to clusters)
4.447 1.296 8.57 4.874 4.778 4.381 7.123 1.212 8.405 8.974
2.033 9.051 3.949 1.004 2.434 4.893 8.57 4.878 8.29 3.123

 Mean vectors and covariance matrices before rotation --- 1th cluster >>

 mean vector (mu'=Q*mu)>>
-6.802 0 0 0 0 0 0 0 0 0 0

 covariance matrix (Sigma'=Q*Sigma*t(Q))>>

5.439 0.348 -1.344 0.058 0.086 0.366 -0.763 1.438 -1.001 -0.016 0
0.348 1.337 -0.007 0.045 0.051 0.12 0.03 0.168 -0.002 0 0
-1.344 -0.007 7.723 -0.219 -0.238 -0.446 -0.676 -0.018 -0.649 -0.009 0
0.058 0.045 -0.219 4.87 -0.001 0.024 -0.135 0.186 -0.164 -0.003 0
0.086 0.051 -0.238 -0.001 4.78 0.034 -0.144 0.213 -0.178 -0.003 0
0.366 0.12 -0.446 0.024 0.034 4.515 -0.249 0.494 -0.332 -0.005 0
-0.763 0.03 -0.676 -0.135 -0.144 -0.249 6.615 0.131 -0.515 -0.008 0
1.438 0.168 -0.018 0.186 0.213 0.494 0.131 1.9 -0.001 -0.001 0
-1.001 -0.002 -0.649 -0.164 -0.178 -0.332 -0.515 -0.001 7.909 -0.007 0
-0.016 0 -0.009 -0.003 -0.003 -0.005 -0.008 -0.001 -0.007 8.974 0
0 0 0 0 0 0 0 0 0 0 16.395

 Mean vectors and covariance matrices before rotation --- 2th cluster >>

 mean vector (mu'=Q*mu)>>
6.802 0 0 0 0 0 0 0 0 0 0

 covariance matrix (Sigma'=Q*Sigma*t(Q))>>

6.24 -1.657 0.764 0.611 0.571 0.105 -1.158 0.265 -0.931 0.166 0
-1.657 7.103 -1.027 -0.132 -0.283 -0.408 -1.505 -1.005 -1.296 -0.125 0
0.764 -1.027 3.885 0.141 0.087 -0.083 -0.757 -0.203 -0.633 0.014 0
0.611 -0.132 0.141 1.089 0.085 0.031 -0.086 0.076 -0.066 0.027 0
0.571 -0.283 0.087 0.085 2.51 0.006 -0.201 0.016 -0.163 0.021 0
0.105 -0.408 -0.083 0.031 0.006 4.844 -0.305 -0.12 -0.258 -0.004 0
-1.158 -1.505 -0.757 -0.086 -0.201 -0.305 7.41 -0.752 -0.997 -0.09 0
0.265 -1.005 -0.203 0.076 0.016 -0.12 -0.752 4.583 -0.634 -0.01 0
-0.931 -1.296 -0.633 -0.066 -0.163 -0.258 -0.997 -0.634 7.433 -0.075 0
0.166 -0.125 0.014 0.027 0.021 -0.004 -0.09 -0.01 -0.075 3.129 0
0 0 0 0 0 0 0 0 0 0 16.395

 Final eigenvalues for each cluster >> 
 (rows correspond to clusters)
16.395 8.974 8.57 8.406 7.123 4.874 4.778 4.448 4.381 1.296 1.212
16.395 9.051 8.57 8.29 4.893 4.878 3.949 3.123 2.434 2.033 1.004

 *************************************************

 ********************* rotation ******************

 *************************************************


 The orthogonal matrix Q >>
0.254 0.298 0.622 0.037 0.264 0.327 0.207 0.082 0.004 0.482
0.298 -0.929 0.148 0.009 0.063 0.078 0.049 0.02 0.001 0.114
0.622 0.148 -0.691 0.018 0.131 0.162 0.103 0.041 0.002 0.239
0.037 0.009 0.018 -0.999 0.008 0.01 0.006 0.002 0 0.014
0.264 0.063 0.131 0.008 -0.945 0.069 0.044 0.017 0.001 0.101
0.327 0.078 0.162 0.01 0.069 -0.915 0.054 0.021 0.001 0.126
0.207 0.049 0.103 0.006 0.044 0.054 -0.966 0.014 0.001 0.08
0.082 0.02 0.041 0.002 0.017 0.021 0.014 -0.995 0 0.032
0.004 0.001 0.002 0 0.001 0.001 0.001 0 -1 0.002
0.482 0.114 0.239 0.014 0.101 0.126 0.08 0.032 0.002 -0.815

 Mean vectors and covariance matrices after rotation --- 1th cluster >>

 mean vector (mu'=Q*mu)>>
-3.278 -0.25 -4.233 0 -0.028 -1.408 -0.56 -2.225 -2.025 -1.794 -1.727

 covariance matrix (Sigma'=Q*Sigma*t(Q))>>

7.569 -0.031 -0.751 0 0.724 0.144 -0.823 -0.488 -0.196 -0.342 -1.752
-0.031 4.874 -0.174 0 -0.108 -0.089 0.137 0.041 0.079 0.016 0.131
-0.751 -0.174 8.151 0 0.305 -0.02 -0.897 -0.341 0.403 -0.089 -0.794
0 0 0 16.395 0 0 0 0 0 0 0
0.724 -0.108 0.305 0 7.922 -0.194 0.119 0.169 0.456 0.226 0.919
0.144 -0.089 -0.02 0 -0.194 7.004 -0.094 0.055 0.412 0.123 0.454
-0.823 0.137 -0.897 0 0.119 -0.094 1.66 0.016 -0.225 -0.164 -0.375
-0.488 0.041 -0.341 0 0.169 0.055 0.016 4.507 0.277 0.061 0.413
-0.196 0.079 0.403 0 0.456 0.412 -0.225 0.277 1.63 0.209 1.023
-0.342 0.016 -0.089 0 0.226 0.123 -0.164 0.061 0.209 4.83 0.253
-1.752 0.131 -0.794 0 0.919 0.454 -0.375 0.413 1.023 0.253 5.914

 Mean vectors and covariance matrices after rotation --- 2th cluster >>

 mean vector (mu'=Q*mu)>>
3.278 0.25 4.233 0 0.028 1.408 0.56 2.225 2.025 1.794 1.727

 covariance matrix (Sigma'=Q*Sigma*t(Q))>>

3.723 -0.22 0.497 0 0.835 0.865 0.168 0.271 1.13 0.191 0.362
-0.22 1.047 -0.199 0 0.001 -0.139 0.04 -0.147 -0.216 -0.062 -0.135
0.497 -0.199 4.141 0 0.54 0.354 -0.022 0.079 0.418 0.15 0.276
0 0 0 16.395 0 0 0 0 0 0 0
0.835 0.001 0.54 0 7.449 -0.601 -0.478 0.359 -0.726 0.333 1.425
0.865 -0.139 0.354 0 -0.601 8.121 -0.556 0.288 -0.534 0.255 0.748
0.168 0.04 -0.022 0 -0.478 -0.556 4.626 -0.022 -0.744 0.086 0.496
0.271 -0.147 0.079 0 0.359 0.288 -0.022 4.945 0.365 0.051 -0.096
1.13 -0.216 0.418 0 -0.726 -0.534 -0.744 0.365 8.425 0.308 0.772
0.191 -0.062 0.15 0 0.333 0.255 0.086 0.051 0.308 2.517 0.271
0.362 -0.135 0.276 0 1.425 0.748 0.496 -0.096 0.772 0.271 3.23

 Final eigenvalues for each cluster >> 
 (rows correspond to clusters)
16.395 8.974 8.57 8.406 7.123 4.874 4.778 4.448 4.381 1.296 1.212
16.395 9.051 8.57 8.29 4.893 4.878 3.949 3.123 2.434 2.033 1.004

 theoretical Separation index matrix >>

-1 0.21
0.21 -1

 theoretical projection directions >>

**** cluster 1 and 2
0.497 0.111 0.535 0 -0.14 0.052 0.282 0.342 0.125 0.319 0.345

 empirical Separation index matrix (alpha= 0.05 )>>

-1 0.215
0.215 -1

 empirical projection directions >>

**** cluster 1 and 2
-0.411 -0.184 -0.537 0.094 0.179 -0.068 -0.353 -0.159 0.004 -0.504 -0.243
