
 Log information for the data set datasetJLG3v10nv10out0_3.dat >>

 alpha = 0.05 sepVal = 0.01

 Number of clusters >> 3

 cluster sizes >>
50 50 50

 Number of data points >> 150

 Number of dimensions >> 20

 Number of noisy dimensions >> 10

 noisy variables >>
2 5 8 9 13 14 15 16 19 20

 Number of outliers >> 0

 initial eigenvalues for each cluster >> 
 (rows correspond to clusters)
1.324 3.702 6.806 5.186 7.146 7.05 7.106 7.495 6.966 4.407
7.763 7.984 3.184 2.928 8.917 6.276 2.697 7.325 7.35 7.076
9.052 7.81 4.382 8.087 5.217 6.993 3.959 4.957 5.628 2.229

 Mean vectors and covariance matrices before rotation --- 1th cluster >>

 mean vector (mu'=Q*mu)>>
-5.432 0 0 0 0 0 0 0 0 0 1.955 0.59 1.321 1.453 3.054 1.383 2.419 2.205 1.31 2.093

 covariance matrix (Sigma'=Q*Sigma*t(Q))>>

10.229 0.649 -1.412 -0.245 -0.312 -0.858 -1.147 -1.556 -1.6 0.024 0 0 0 0 0 0 0 0 0 0
0.649 6.273 -0.783 -0.51 -0.159 -0.446 -0.589 -0.738 -0.85 -0.025 0 0 0 0 0 0 0 0 0 0
-1.412 -0.783 10.094 -1.429 -0.344 -0.976 -1.282 -1.557 -1.874 -0.084 0 0 0 0 0 0 0 0 0 0
-0.245 -0.51 -1.429 7.952 -0.284 -0.803 -1.057 -1.3 -1.537 -0.059 0 0 0 0 0 0 0 0 0 0
-0.312 -0.159 -0.344 -0.284 12.37 -0.192 -0.252 -0.305 -0.368 -0.017 0 0 0 0 0 0 0 0 0 0
-0.858 -0.446 -0.976 -0.803 -0.192 11.726 -0.714 -0.865 -1.044 -0.048 0 0 0 0 0 0 0 0 0 0
-1.147 -0.589 -1.282 -1.057 -0.252 -0.714 11.43 -1.136 -1.371 -0.063 0 0 0 0 0 0 0 0 0 0
-1.556 -0.738 -1.557 -1.3 -0.305 -0.865 -1.136 11.67 -1.663 -0.078 0 0 0 0 0 0 0 0 0 0
-1.6 -0.85 -1.874 -1.537 -0.368 -1.044 -1.371 -1.663 10.118 -0.091 0 0 0 0 0 0 0 0 0 0
0.024 -0.025 -0.084 -0.059 -0.017 -0.048 -0.063 -0.078 -0.091 7.667 0 0 0 0 0 0 0 0 0 0
0 0 0 0 0 0 0 0 0 0 21.777 -0.911 0.764 3.916 -0.153 0.179 -1.181 0.411 0.836 -1.921
0 0 0 0 0 0 0 0 0 0 -0.911 25.024 0.082 0.447 -0.363 0.008 -0.409 0.048 0.092 -0.532
0 0 0 0 0 0 0 0 0 0 0.764 0.082 8.958 0.278 0.25 0.022 0.124 0.028 0.062 0.1
0 0 0 0 0 0 0 0 0 0 3.916 0.447 0.278 8.195 1.291 0.109 0.668 0.133 0.294 0.568
0 0 0 0 0 0 0 0 0 0 -0.153 -0.363 0.25 1.291 21.729 0.055 -0.478 0.136 0.275 -0.734
0 0 0 0 0 0 0 0 0 0 0.179 0.008 0.022 0.109 0.055 16.027 0.014 0.011 0.024 0
0 0 0 0 0 0 0 0 0 0 -1.181 -0.409 0.124 0.668 -0.478 0.014 24.381 0.072 0.139 -0.736
0 0 0 0 0 0 0 0 0 0 0.411 0.048 0.028 0.133 0.136 0.011 0.072 5.558 0.03 0.063
0 0 0 0 0 0 0 0 0 0 0.836 0.092 0.062 0.294 0.275 0.024 0.139 0.03 8.12 0.115
0 0 0 0 0 0 0 0 0 0 -1.921 -0.532 0.1 0.568 -0.734 0 -0.736 0.063 0.115 25.953

 Mean vectors and covariance matrices before rotation --- 2th cluster >>

 mean vector (mu'=Q*mu)>>
5.432 0 0 0 0 0 0 0 0 0 1.955 0.59 1.321 1.453 3.054 1.383 2.419 2.205 1.31 2.093

 covariance matrix (Sigma'=Q*Sigma*t(Q))>>

5.679 -0.619 0.277 1.395 -1.248 -0.091 1.518 -0.397 -0.029 -0.033 0 0 0 0 0 0 0 0 0 0
-0.619 7.802 0.067 0.341 -0.354 -0.047 0.373 -0.123 -0.009 -0.01 0 0 0 0 0 0 0 0 0 0
0.277 0.067 3.241 0.276 0.059 0.135 0.288 0.082 0.006 0.009 0 0 0 0 0 0 0 0 0 0
1.395 0.341 0.276 4.245 0.315 0.662 1.372 0.407 0.029 0.044 0 0 0 0 0 0 0 0 0 0
-1.248 -0.354 0.059 0.315 8.29 -0.194 0.356 -0.271 -0.02 -0.025 0 0 0 0 0 0 0 0 0 0
-0.091 -0.047 0.135 0.662 -0.194 6.432 0.704 0.02 0.001 0.005 0 0 0 0 0 0 0 0 0 0
1.518 0.373 0.288 1.372 0.356 0.704 4.126 0.439 0.032 0.048 0 0 0 0 0 0 0 0 0 0
-0.397 -0.123 0.082 0.407 -0.271 0.02 0.439 7.258 -0.005 -0.005 0 0 0 0 0 0 0 0 0 0
-0.029 -0.009 0.006 0.029 -0.02 0.001 0.032 -0.005 7.35 0 0 0 0 0 0 0 0 0 0 0
-0.033 -0.01 0.009 0.044 -0.025 0.005 0.048 -0.005 0 7.076 0 0 0 0 0 0 0 0 0 0
0 0 0 0 0 0 0 0 0 0 21.777 -0.911 0.764 3.916 -0.153 0.179 -1.181 0.411 0.836 -1.921
0 0 0 0 0 0 0 0 0 0 -0.911 25.024 0.082 0.447 -0.363 0.008 -0.409 0.048 0.092 -0.532
0 0 0 0 0 0 0 0 0 0 0.764 0.082 8.958 0.278 0.25 0.022 0.124 0.028 0.062 0.1
0 0 0 0 0 0 0 0 0 0 3.916 0.447 0.278 8.195 1.291 0.109 0.668 0.133 0.294 0.568
0 0 0 0 0 0 0 0 0 0 -0.153 -0.363 0.25 1.291 21.729 0.055 -0.478 0.136 0.275 -0.734
0 0 0 0 0 0 0 0 0 0 0.179 0.008 0.022 0.109 0.055 16.027 0.014 0.011 0.024 0
0 0 0 0 0 0 0 0 0 0 -1.181 -0.409 0.124 0.668 -0.478 0.014 24.381 0.072 0.139 -0.736
0 0 0 0 0 0 0 0 0 0 0.411 0.048 0.028 0.133 0.136 0.011 0.072 5.558 0.03 0.063
0 0 0 0 0 0 0 0 0 0 0.836 0.092 0.062 0.294 0.275 0.024 0.139 0.03 8.12 0.115
0 0 0 0 0 0 0 0 0 0 -1.921 -0.532 0.1 0.568 -0.734 0 -0.736 0.063 0.115 25.953

 Mean vectors and covariance matrices before rotation --- 3th cluster >>

 mean vector (mu'=Q*mu)>>
0 9.408 0 0 0 0 0 0 0 0 1.955 0.59 1.321 1.453 3.054 1.383 2.419 2.205 1.31 2.093

 covariance matrix (Sigma'=Q*Sigma*t(Q))>>

4.861 -0.39 0.146 -0.534 -0.079 -0.508 0.409 0.039 -0.206 1.014 0 0 0 0 0 0 0 0 0 0
-0.39 7.781 0.057 -0.043 0.063 -0.025 0.118 0.087 0.031 0.197 0 0 0 0 0 0 0 0 0 0
0.146 0.057 4.636 0.061 0.425 0.151 0.466 0.496 0.305 0.577 0 0 0 0 0 0 0 0 0 0
-0.534 -0.043 0.061 8.025 0.058 -0.043 0.13 0.086 0.022 0.228 0 0 0 0 0 0 0 0 0 0
-0.079 0.063 0.425 0.058 5.903 0.207 0.789 0.811 0.481 1.016 0 0 0 0 0 0 0 0 0 0
-0.508 -0.025 0.151 -0.043 0.207 7 0.296 0.26 0.128 0.437 0 0 0 0 0 0 0 0 0 0
0.409 0.118 0.466 0.13 0.789 0.296 4.807 0.916 0.571 1.034 0 0 0 0 0 0 0 0 0 0
0.039 0.087 0.496 0.086 0.811 0.26 0.916 5.911 0.573 1.165 0 0 0 0 0 0 0 0 0 0
-0.206 0.031 0.305 0.022 0.481 0.128 0.571 0.573 5.96 0.753 0 0 0 0 0 0 0 0 0 0
1.014 0.197 0.577 0.228 1.016 0.437 1.034 1.165 0.753 3.43 0 0 0 0 0 0 0 0 0 0
0 0 0 0 0 0 0 0 0 0 21.777 -0.911 0.764 3.916 -0.153 0.179 -1.181 0.411 0.836 -1.921
0 0 0 0 0 0 0 0 0 0 -0.911 25.024 0.082 0.447 -0.363 0.008 -0.409 0.048 0.092 -0.532
0 0 0 0 0 0 0 0 0 0 0.764 0.082 8.958 0.278 0.25 0.022 0.124 0.028 0.062 0.1
0 0 0 0 0 0 0 0 0 0 3.916 0.447 0.278 8.195 1.291 0.109 0.668 0.133 0.294 0.568
0 0 0 0 0 0 0 0 0 0 -0.153 -0.363 0.25 1.291 21.729 0.055 -0.478 0.136 0.275 -0.734
0 0 0 0 0 0 0 0 0 0 0.179 0.008 0.022 0.109 0.055 16.027 0.014 0.011 0.024 0
0 0 0 0 0 0 0 0 0 0 -1.181 -0.409 0.124 0.668 -0.478 0.014 24.381 0.072 0.139 -0.736
0 0 0 0 0 0 0 0 0 0 0.411 0.048 0.028 0.133 0.136 0.011 0.072 5.558 0.03 0.063
0 0 0 0 0 0 0 0 0 0 0.836 0.092 0.062 0.294 0.275 0.024 0.139 0.03 8.12 0.115
0 0 0 0 0 0 0 0 0 0 -1.921 -0.532 0.1 0.568 -0.734 0 -0.736 0.063 0.115 25.953

 Final eigenvalues for each cluster >> 
 (rows correspond to clusters)
26.875 25.322 24.941 21.891 21.298 16.02 13.044 12.437 12.368 12.269 12.123 11.846 9.026 8.9 8.055 7.67 6.875 6.442 5.544 2.304
26.875 25.322 24.941 21.891 21.298 16.02 8.917 8.9 8.055 7.984 7.763 7.35 7.325 7.076 6.875 6.276 5.544 3.184 2.928 2.697
26.875 25.322 24.941 21.891 21.298 16.02 9.052 8.9 8.087 8.055 7.81 6.993 6.875 5.628 5.544 5.217 4.957 4.382 3.959 2.229

 *************************************************

 ********************* rotation ******************

 *************************************************


 The orthogonal matrix Q >>
0.33 0.469 0.535 0.041 0.064 0.104 0.002 0.455 0.146 0.374
0.469 -0.835 0.188 0.014 0.023 0.037 0.001 0.16 0.051 0.132
0.535 0.188 -0.785 0.016 0.026 0.042 0.001 0.183 0.059 0.15
0.041 0.014 0.016 -0.999 0.002 0.003 0 0.014 0.004 0.011
0.064 0.023 0.026 0.002 -0.997 0.005 0 0.022 0.007 0.018
0.104 0.037 0.042 0.003 0.005 -0.992 0 0.036 0.011 0.029
0.002 0.001 0.001 0 0 0 -1 0.001 0 0.001
0.455 0.16 0.183 0.014 0.022 0.036 0.001 -0.844 0.05 0.128
0.146 0.051 0.059 0.004 0.007 0.011 0 0.05 -0.984 0.041
0.374 0.132 0.15 0.011 0.018 0.029 0.001 0.128 0.041 -0.895

 Mean vectors and covariance matrices after rotation --- 1th cluster >>

 mean vector (mu'=Q*mu)>>
-0.567 1.383 -2.03 -2.546 1.321 -1.794 -2.474 2.205 3.054 -2.906 -0.349 -0.013 1.955 1.31 2.419 1.453 -0.79 -0.22 2.093 0.59

 covariance matrix (Sigma'=Q*Sigma*t(Q))>>

12.044 0 0.52 0.316 0 0.988 -0.036 0 0 -0.006 -0.048 -0.447 0 0 0 0 -0.499 -0.565 0 0
0 16.027 0 0 0.022 0 0 0.011 0.055 0 0 0 0.179 0.024 0.014 0.109 0 0 0 0.008
0.52 0 7.65 0.137 0 -0.656 0.396 0 0 0.46 0.145 0.879 0 0 0 0 1.063 0.571 0 0
0.316 0 0.137 6.706 0 0.451 0.079 0 0 0.163 0.076 0.593 0 0 0 0 0.668 0.3 0 0
0 0.022 0 0 8.958 0 0 0.028 0.25 0 0 0 0.764 0.062 0.124 0.278 0 0 0.1 0.082
0.988 0 -0.656 0.451 0 5.615 -0.623 0 0 -0.357 0.159 2.201 0 0 0 0 2.266 1.933 0 0
-0.036 0 0.396 0.079 0 -0.623 12.85 0 0 -0.185 -0.022 0.015 0 0 0 0 -0.064 -0.478 0 0
0 0.011 0 0 0.028 0 0 5.558 0.136 0 0 0 0.411 0.03 0.072 0.133 0 0 0.063 0.048
0 0.055 0 0 0.25 0 0 0.136 21.729 0 0 0 -0.153 0.275 -0.478 1.291 0 0 -0.734 -0.363
-0.006 0 0.46 0.163 0 -0.357 -0.185 0 0 11.688 -0.014 0.069 0 0 0 0 -0.001 -0.464 0 0
-0.048 0 0.145 0.076 0 0.159 -0.022 0 0 -0.014 12.426 -0.089 0 0 0 0 -0.105 -0.158 0 0
-0.447 0 0.879 0.593 0 2.201 0.015 0 0 0.069 -0.089 11.442 0 0 0 0 -0.997 -0.951 0 0
0 0.179 0 0 0.764 0 0 0.411 -0.153 0 0 0 21.777 0.836 -1.181 3.916 0 0 -1.921 -0.911
0 0.024 0 0 0.062 0 0 0.03 0.275 0 0 0 0.836 8.12 0.139 0.294 0 0 0.115 0.092
0 0.014 0 0 0.124 0 0 0.072 -0.478 0 0 0 -1.181 0.139 24.381 0.668 0 0 -0.736 -0.409
0 0.109 0 0 0.278 0 0 0.133 1.291 0 0 0 3.916 0.294 0.668 8.195 0 0 0.568 0.447
-0.499 0 1.063 0.668 0 2.266 -0.064 0 0 -0.001 -0.105 -0.997 0 0 0 0 11.02 -1.166 0 0
-0.565 0 0.571 0.3 0 1.933 -0.478 0 0 -0.464 -0.158 -0.951 0 0 0 0 -1.166 8.089 0 0
0 0 0 0 0.1 0 0 0.063 -0.734 0 0 0 -1.921 0.115 -0.736 0.568 0 0 25.953 -0.532
0 0.008 0 0 0.082 0 0 0.048 -0.363 0 0 0 -0.911 0.092 -0.409 0.447 0 0 -0.532 25.024

 Mean vectors and covariance matrices after rotation --- 2th cluster >>

 mean vector (mu'=Q*mu)>>
0.567 1.383 2.03 2.546 1.321 1.794 2.474 2.205 3.054 2.906 0.349 0.013 1.955 1.31 2.419 1.453 0.79 0.22 2.093 0.59

 covariance matrix (Sigma'=Q*Sigma*t(Q))>>

6.423 0 -0.056 -0.086 0 -0.144 -0.022 0 0 0.168 -0.059 0.491 0 0 0 0 -0.023 0.471 0 0
0 16.027 0 0 0.022 0 0 0.011 0.055 0 0 0 0.179 0.024 0.014 0.109 0 0 0 0.008
-0.056 0 6.761 -0.275 0 -0.572 -0.275 0 0 -0.016 0.441 -0.717 0 0 0 0 -0.127 -0.651 0 0
-0.086 0 -0.275 7.635 0 -0.831 -0.302 0 0 0.223 0.253 -0.585 0 0 0 0 -0.117 -0.516 0 0
0 0.022 0 0 8.958 0 0 0.028 0.25 0 0 0 0.764 0.062 0.124 0.278 0 0 0.1 0.082
-0.144 0 -0.572 -0.831 0 5.825 -0.65 0 0 1.02 0.51 -1.201 0 0 0 0 -0.254 -1.016 0 0
-0.022 0 -0.275 -0.302 0 -0.65 7.067 0 0 0.214 0.317 -0.492 0 0 0 0 -0.115 -0.428 0 0
0 0.011 0 0 0.028 0 0 5.558 0.136 0 0 0 0.411 0.03 0.072 0.133 0 0 0.063 0.048
0 0.055 0 0 0.25 0 0 0.136 21.729 0 0 0 -0.153 0.275 -0.478 1.291 0 0 -0.734 -0.363
0.168 0 -0.016 0.223 0 1.02 0.214 0 0 3.815 0.799 -0.805 0 0 0 0 -0.01 -0.673 0 0
-0.059 0 0.441 0.253 0 0.51 0.317 0 0 0.799 8.459 0.228 0 0 0 0 0.161 0.252 0 0
0.491 0 -0.717 -0.585 0 -1.201 -0.492 0 0 -0.805 0.228 4.116 0 0 0 0 -0.266 1.285 0 0
0 0.179 0 0 0.764 0 0 0.411 -0.153 0 0 0 21.777 0.836 -1.181 3.916 0 0 -1.921 -0.911
0 0.024 0 0 0.062 0 0 0.03 0.275 0 0 0 0.836 8.12 0.139 0.294 0 0 0.115 0.092
0 0.014 0 0 0.124 0 0 0.072 -0.478 0 0 0 -1.181 0.139 24.381 0.668 0 0 -0.736 -0.409
0 0.109 0 0 0.278 0 0 0.133 1.291 0 0 0 3.916 0.294 0.668 8.195 0 0 0.568 0.447
-0.023 0 -0.127 -0.117 0 -0.254 -0.115 0 0 -0.01 0.161 -0.266 0 0 0 0 7.299 -0.242 0 0
0.471 0 -0.651 -0.516 0 -1.016 -0.428 0 0 -0.673 0.252 1.285 0 0 0 0 -0.242 4.098 0 0
0 0 0 0 0.1 0 0 0.063 -0.734 0 0 0 -1.921 0.115 -0.736 0.568 0 0 25.953 -0.532
0 0.008 0 0 0.082 0 0 0.048 -0.363 0 0 0 -0.911 0.092 -0.409 0.447 0 0 -0.532 25.024

 Mean vectors and covariance matrices after rotation --- 3th cluster >>

 mean vector (mu'=Q*mu)>>
0.346 1.383 1.239 -7.854 1.321 4.41 1.51 2.205 3.054 1.773 0.213 0.008 1.955 1.31 2.419 1.453 0.482 0.134 2.093 0.59

 covariance matrix (Sigma'=Q*Sigma*t(Q))>>

7.027 0 0.358 -0.007 0 -0.248 0.24 0 0 0.211 0.137 0.153 0 0 0 0 0.106 0 0 0
0 16.027 0 0 0.022 0 0 0.011 0.055 0 0 0 0.179 0.024 0.014 0.109 0 0 0 0.008
0.358 0 2.523 -0.524 0 -0.288 0.332 0 0 -0.104 0.657 0.52 0 0 0 0 0.433 0.315 0 0
-0.007 0 -0.524 7.398 0 -0.541 -0.45 0 0 -0.201 -0.315 -0.524 0 0 0 0 -0.208 0.111 0 0
0 0.022 0 0 8.958 0 0 0.028 0.25 0 0 0 0.764 0.062 0.124 0.278 0 0 0.1 0.082
-0.248 0 -0.288 -0.541 0 7.082 -0.578 0 0 0.48 -1.027 -1.409 0 0 0 0 -0.595 -0.018 0 0
0.24 0 0.332 -0.45 0 -0.578 5.228 0 0 0.056 0.42 0.292 0 0 0 0 0.289 0.22 0 0
0 0.011 0 0 0.028 0 0 5.558 0.136 0 0 0 0.411 0.03 0.072 0.133 0 0 0.063 0.048
0 0.055 0 0 0.25 0 0 0.136 21.729 0 0 0 -0.153 0.275 -0.478 1.291 0 0 -0.734 -0.363
0.211 0 -0.104 -0.201 0 0.48 0.056 0 0 4.545 0.017 -0.266 0 0 0 0 0.087 0.251 0 0
0.137 0 0.657 -0.315 0 -1.027 0.42 0 0 0.017 5.806 0.699 0 0 0 0 0.347 0.051 0 0
0.153 0 0.52 -0.524 0 -1.409 0.292 0 0 -0.266 0.699 4.8 0 0 0 0 0.371 0.075 0 0
0 0.179 0 0 0.764 0 0 0.411 -0.153 0 0 0 21.777 0.836 -1.181 3.916 0 0 -1.921 -0.911
0 0.024 0 0 0.062 0 0 0.03 0.275 0 0 0 0.836 8.12 0.139 0.294 0 0 0.115 0.092
0 0.014 0 0 0.124 0 0 0.072 -0.478 0 0 0 -1.181 0.139 24.381 0.668 0 0 -0.736 -0.409
0 0.109 0 0 0.278 0 0 0.133 1.291 0 0 0 3.916 0.294 0.668 8.195 0 0 0.568 0.447
0.106 0 0.433 -0.208 0 -0.595 0.289 0 0 0.087 0.347 0.371 0 0 0 0 5.848 0.059 0 0
0 0 0.315 0.111 0 -0.018 0.22 0 0 0.251 0.051 0.075 0 0 0 0 0.059 8.055 0 0
0 0 0 0 0.1 0 0 0.063 -0.734 0 0 0 -1.921 0.115 -0.736 0.568 0 0 25.953 -0.532
0 0.008 0 0 0.082 0 0 0.048 -0.363 0 0 0 -0.911 0.092 -0.409 0.447 0 0 -0.532 25.024

 Final eigenvalues for each cluster >> 
 (rows correspond to clusters)
26.875 25.322 24.941 21.891 21.298 16.02 13.044 12.437 12.368 12.269 12.123 11.846 9.026 8.9 8.055 7.67 6.875 6.442 5.544 2.304
26.875 25.322 24.941 21.891 21.298 16.02 8.917 8.9 8.055 7.984 7.763 7.35 7.325 7.076 6.875 6.276 5.544 3.184 2.928 2.697
26.875 25.322 24.941 21.891 21.298 16.02 9.052 8.9 8.087 8.055 7.81 6.993 6.875 5.628 5.544 5.217 4.957 4.382 3.959 2.229

 theoretical Separation index matrix >>

-1 0.01 0.029
0.01 -1 0.01
0.029 0.01 -1

 theoretical projection directions >>

**** cluster 1 and 2
0.049 0 0.399 0.474 0 0.458 0.38 0 0 0.486 -0.022 0.037 0 0 0 0 0.063 0.137 0 0

**** cluster 1 and 3
0.01 0 0.413 -0.431 0 0.664 0.286 0 0 0.333 0.04 -0.073 0 0 0 0 -0.013 -0.06 0 0

**** cluster 2 and 3
-0.005 0 -0.188 -0.928 0 0.143 -0.144 0 0 -0.218 0.031 -0.104 0 0 0 0 -0.038 -0.032 0 0

 empirical Separation index matrix (alpha= 0.05 )>>

-1 0.051 0.169
0.051 -1 0.014
0.169 0.014 -1

 empirical projection directions >>

**** cluster 1 and 2
0.143 -0.045 -0.025 0.814 0.227 -0.222 0.206 -0.209 0.065 0.106 0.069 -0.162 0.078 0.069 0.078 -0.034 -0.075 -0.228 0.06 -0.043

**** cluster 1 and 3
0.064 -0.059 -0.362 0.447 0.076 -0.609 -0.289 -0.025 -0.01 -0.266 -0.101 -0.119 0.149 -0.194 0.137 0 -0.103 -0.056 0.013 -0.111

**** cluster 2 and 3
-0.106 0.098 -0.251 -0.353 -0.178 -0.316 -0.278 -0.017 -0.072 -0.679 -0.175 -0.064 0.094 -0.218 0.047 0 -0.01 -0.141 0.035 -0.049
