
 Log information for the data set datasetJHG5v5nv3out0_1.dat >>

 alpha = 0.05 sepVal = 0.34

 Number of clusters >> 5

 cluster sizes >>
50 50 50 50 50

 Number of data points >> 250

 Number of dimensions >> 8

 Number of noisy dimensions >> 3

 noisy variables >>
3 5 6

 Number of outliers >> 0

 initial eigenvalues for each cluster >> 
 (rows correspond to clusters)
9.752 9.172 6.027 6.195 7.705
5.371 4.776 3.751 1.472 4.341
1.341 7.544 9.486 2.335 8.927
8.724 6.613 9.123 4.864 9.859
7.068 8.63 8.613 3.854 5.793

 Mean vectors and covariance matrices before rotation --- 1th cluster >>

 mean vector (mu'=Q*mu)>>
-11.428 0 0 0 0 4.784 5.142 2.422

 covariance matrix (Sigma'=Q*Sigma*t(Q))>>

7.211 -0.575 0.029 0.876 -0.139 0 0 0
-0.575 9.058 0.013 0.386 0.07 0 0 0
0.029 0.013 6.028 0.061 0.04 0 0 0
0.876 0.386 0.061 8.183 1.29 0 0 0
-0.139 0.07 0.04 1.29 8.371 0 0 0
0 0 0 0 0 25.656 9.232 -11.058
0 0 0 0 0 9.232 27.953 -1.723
0 0 0 0 0 -11.058 -1.723 38.359

 Mean vectors and covariance matrices before rotation --- 2th cluster >>

 mean vector (mu'=Q*mu)>>
11.428 0 0 0 0 4.784 5.142 2.422

 covariance matrix (Sigma'=Q*Sigma*t(Q))>>

9.646 0.406 0.098 0.867 0.505 0 0 0
0.406 9.374 0.039 0.281 0.239 0 0 0
0.098 0.039 7.151 0.025 0.029 0 0 0
0.867 0.281 0.025 2.925 0.19 0 0 0
0.505 0.239 0.029 0.19 8.463 0 0 0
0 0 0 0 0 25.656 9.232 -11.058
0 0 0 0 0 9.232 27.953 -1.723
0 0 0 0 0 -11.058 -1.723 38.359

 Mean vectors and covariance matrices before rotation --- 3th cluster >>

 mean vector (mu'=Q*mu)>>
0 19.794 0 0 0 4.784 5.142 2.422

 covariance matrix (Sigma'=Q*Sigma*t(Q))>>

5.575 -1.52 -2.388 0.969 -1.644 0 0 0
-1.52 6.134 -1.675 -0.686 -1.229 0 0 0
-2.388 -1.675 7.553 -0.985 -1.429 0 0 0
0.969 -0.686 -0.985 2.498 -0.691 0 0 0
-1.644 -1.229 -1.429 -0.691 7.873 0 0 0
0 0 0 0 0 25.656 9.232 -11.058
0 0 0 0 0 9.232 27.953 -1.723
0 0 0 0 0 -11.058 -1.723 38.359

 Mean vectors and covariance matrices before rotation --- 4th cluster >>

 mean vector (mu'=Q*mu)>>
0 6.598 18.662 0 0 4.784 5.142 2.422

 covariance matrix (Sigma'=Q*Sigma*t(Q))>>

7.2 0.544 -0.657 1.512 -0.25 0 0 0
0.544 7.15 0.107 0.886 -0.002 0 0 0
-0.657 0.107 8.862 0.403 -0.092 0 0 0
1.512 0.886 0.403 6.141 0.071 0 0 0
-0.25 -0.002 -0.092 0.071 9.829 0 0 0
0 0 0 0 0 25.656 9.232 -11.058
0 0 0 0 0 9.232 27.953 -1.723
0 0 0 0 0 -11.058 -1.723 38.359

 Mean vectors and covariance matrices before rotation --- 5th cluster >>

 mean vector (mu'=Q*mu)>>
0 6.598 4.665 18.069 0 4.784 5.142 2.422

 covariance matrix (Sigma'=Q*Sigma*t(Q))>>

10.207 -0.746 -0.206 0.731 0.943 0 0 0
-0.746 12.995 -0.061 0.054 -0.073 0 0 0
-0.206 -0.061 13.17 0.015 -0.02 0 0 0
0.731 0.054 0.015 6.04 0.354 0 0 0
0.943 -0.073 -0.02 0.354 9.58 0 0 0
0 0 0 0 0 25.656 9.232 -11.058
0 0 0 0 0 9.232 27.953 -1.723
0 0 0 0 0 -11.058 -1.723 38.359

 Final eigenvalues for each cluster >> 
 (rows correspond to clusters)
46.941 30.091 14.937 9.752 9.172 7.705 6.195 6.027
46.941 30.091 14.937 10.235 9.1 8.272 7.147 2.804
46.941 30.091 14.937 9.486 8.927 7.544 2.335 1.341
46.941 30.091 14.937 9.859 9.123 8.724 6.613 4.864
46.941 30.091 14.937 13.213 13.186 10.821 8.87 5.9

 *************************************************

 ********************* rotation ******************

 *************************************************


 The orthogonal matrix Q >>
0.31 0.283 0.452 0.658 0.431
0.283 -0.939 0.098 0.142 0.093
0.452 0.098 -0.844 0.227 0.149
0.658 0.142 0.227 -0.669 0.217
0.431 0.093 0.149 0.217 -0.858

 Mean vectors and covariance matrices after rotation --- 1th cluster >>

 mean vector (mu'=Q*mu)>>
-3.546 -3.229 5.142 -7.522 4.784 2.422 -4.928 -5.169

 covariance matrix (Sigma'=Q*Sigma*t(Q))>>

8.93 -0.184 0 -0.557 0 0 -0.658 1.185
-0.184 9.147 0 0.088 0 0 -0.035 0.269
0 0 27.953 0 9.232 -1.723 0 0
-0.557 0.088 0 6.31 0 0 0.274 -0.151
0 0 9.232 0 25.656 -11.058 0 0
0 0 -1.723 0 -11.058 38.359 0 0
-0.658 -0.035 0 0.274 0 0 7.844 0.046
1.185 0.269 0 -0.151 0 0 0.046 6.621

 Mean vectors and covariance matrices after rotation --- 2th cluster >>

 mean vector (mu'=Q*mu)>>
3.546 3.229 5.142 7.522 4.784 2.422 4.928 5.169

 covariance matrix (Sigma'=Q*Sigma*t(Q))>>

6.876 -0.748 0 3.067 0 0 -0.452 0.429
-0.748 9.005 0 0.476 0 0 -0.15 -0.082
0 0 27.953 0 9.232 -1.723 0 0
3.067 0.476 0 5.834 0 0 0.891 1.431
0 0 9.232 0 25.656 -11.058 0 0
0 0 -1.723 0 -11.058 38.359 0 0
-0.452 -0.15 0 0.891 0 0 8.133 0.122
0.429 -0.082 0 1.431 0 0 0.122 7.71

 Mean vectors and covariance matrices after rotation --- 3th cluster >>

 mean vector (mu'=Q*mu)>>
5.594 -18.587 5.142 2.81 4.784 2.422 1.841 1.931

 covariance matrix (Sigma'=Q*Sigma*t(Q))>>

1.618 0.858 0 -0.12 0 0 -0.855 -0.328
0.858 7.344 0 0.702 0 0 0.005 -0.115
0 0 27.953 0 9.232 -1.723 0 0
-0.12 0.702 0 2.403 0 0 0.001 0.36
0 0 9.232 0 25.656 -11.058 0 0
0 0 -1.723 0 -11.058 38.359 0 0
-0.855 0.005 0 0.001 0 0 8.822 -0.029
-0.328 -0.115 0 0.36 0 0 -0.029 9.446

 Mean vectors and covariance matrices after rotation --- 4th cluster >>

 mean vector (mu'=Q*mu)>>
10.306 -4.375 5.142 5.177 4.784 2.422 3.392 -15.104

 covariance matrix (Sigma'=Q*Sigma*t(Q))>>

8.629 -0.317 0 0.856 0 0 -0.346 -0.054
-0.317 6.713 0 0.157 0 0 -0.407 -0.166
0 0 27.953 0 9.232 -1.723 0 0
0.856 0.157 0 5.122 0 0 -0.429 0.232
0 0 9.232 0 25.656 -11.058 0 0
0 0 -1.723 0 -11.058 38.359 0 0
-0.346 -0.407 0 -0.429 0 0 9.612 -0.089
-0.054 -0.166 0 0.232 0 0 -0.089 9.108

 Mean vectors and covariance matrices after rotation --- 5th cluster >>

 mean vector (mu'=Q*mu)>>
15.869 -3.175 5.142 -10.097 4.784 2.422 5.222 0.813

 covariance matrix (Sigma'=Q*Sigma*t(Q))>>

9.665 -0.524 0 2.362 0 0 -0.212 -1.246
-0.524 13.116 0 0.576 0 0 -0.211 -0.168
0 0 27.953 0 9.232 -1.723 0 0
2.362 0.576 0 7.815 0 0 0.4 0.15
0 0 9.232 0 25.656 -11.058 0 0
0 0 -1.723 0 -11.058 38.359 0 0
-0.212 -0.211 0 0.4 0 0 8.879 -0.699
-1.246 -0.168 0 0.15 0 0 -0.699 12.516

 Final eigenvalues for each cluster >> 
 (rows correspond to clusters)
46.941 30.091 14.937 9.752 9.172 7.705 6.195 6.027
46.941 30.091 14.937 10.235 9.1 8.272 7.147 2.804
46.941 30.091 14.937 9.486 8.927 7.544 2.335 1.341
46.941 30.091 14.937 9.859 9.123 8.724 6.613 4.864
46.941 30.091 14.937 13.213 13.186 10.821 8.87 5.9

 theoretical Separation index matrix >>

-1 0.34 0.43 0.375 0.34
0.34 -1 0.347 0.34 0.441
0.43 0.347 -1 0.34 0.438
0.375 0.34 0.34 -1 0.378
0.34 0.441 0.438 0.378 -1

 theoretical projection directions >>

**** cluster 1 and 2
0.207 0.239 0 0.751 0 0 0.399 0.421

**** cluster 1 and 3
0.558 -0.465 0 0.638 0 0 0.208 0.146

**** cluster 1 and 4
0.516 -0.026 0 0.667 0 0 0.324 -0.427

**** cluster 1 and 5
0.793 0.04 0 -0.261 0 0 0.492 0.243

**** cluster 2 and 3
0.292 -0.886 0 -0.332 0 0 -0.089 -0.104

**** cluster 2 and 4
0.342 -0.333 0 -0.121 0 0 -0.052 -0.869

**** cluster 2 and 5
0.592 -0.047 0 -0.799 0 0 0.096 -0.001

**** cluster 3 and 4
0.264 0.69 0 0.175 0 0 0.092 -0.644

**** cluster 3 and 5
0.561 0.355 0 -0.735 0 0 0.133 0.043

**** cluster 4 and 5
0.354 0.091 0 -0.799 0 0 0.088 0.47

 empirical Separation index matrix (alpha= 0.05 )>>

-1 0.395 0.373 0.474 0.326
0.395 -1 0.337 0.439 0.381
0.373 0.337 -1 0.398 0.387
0.474 0.439 0.398 -1 0.392
0.326 0.381 0.387 0.392 -1

 empirical projection directions >>

**** cluster 1 and 2
0.493 -0.015 0.007 0.69 0.004 0.003 0.397 -0.352

**** cluster 1 and 3
0.365 0.34 -0.033 0.684 -0.044 0.048 0.301 0.434

**** cluster 1 and 4
0.527 -0.542 -0.029 0.579 -0.041 -0.046 0.179 0.237

**** cluster 1 and 5
0.875 0.155 -0.03 -0.09 -0.057 -0.053 0.406 0.175

**** cluster 2 and 3
-0.33 0.387 0.038 0.083 -0.043 -0.043 0.151 0.84

**** cluster 2 and 4
-0.163 -0.647 0.029 -0.284 -0.093 -0.026 -0.031 0.68

**** cluster 2 and 5
0.261 0.036 0.031 -0.753 -0.137 -0.057 0.002 0.583

**** cluster 3 and 4
0.102 -0.968 0.03 -0.193 -0.013 -0.024 -0.111 -0.033

**** cluster 3 and 5
0.625 -0.077 -0.016 -0.764 -0.064 -0.025 0.105 -0.063

**** cluster 4 and 5
0.652 0.484 -0.023 -0.572 -0.019 -0.017 0.108 -0.002
