
 Log information for the data set datasetJLG5v10nv0out0_1.dat >>

 alpha = 0.05 sepVal = 0.01

 Number of clusters >> 5

 cluster sizes >>
50 50 50 50 50

 Number of data points >> 250

 Number of dimensions >> 10

 Number of noisy dimensions >> 0

 noisy variables >>
0

 Number of outliers >> 0

 initial eigenvalues for each cluster >> 
 (rows correspond to clusters)
7.282 7.624 4.272 6.633 6.608 3.205 8.275 9.873 8.238 9.081
2.702 8.574 6.616 9.796 9.211 6.156 2.966 3.257 4.424 7.041
6.333 8.844 9.768 3.375 3.047 6.341 5.008 4.713 7.29 5.452
5.104 6.86 8.087 2.718 3.367 9.991 1.305 5.796 3.738 2.982
4.032 8.287 8.718 6.273 2.852 5.597 7.31 7.063 9.35 4.828

 Mean vectors and covariance matrices before rotation --- 1th cluster >>

 mean vector (mu'=Q*mu)>>
-5.799 0 0 0 0 0 0 0 0 0

 covariance matrix (Sigma'=Q*Sigma*t(Q))>>

10.587 -0.063 1.196 0.309 0.037 2.312 -0.628 -1.577 -0.097 -0.975
-0.063 11.005 0.112 0.016 0.002 0.224 -0.09 -0.189 -0.014 -0.123
1.196 0.112 6.656 0.339 0.039 0.811 0.271 0.056 0.044 0.139
0.309 0.016 0.339 9.729 0.017 0.626 -0.048 -0.275 -0.007 -0.144
0.037 0.002 0.039 0.017 9.553 0.073 -0.005 -0.031 -0.001 -0.016
2.312 0.224 0.811 0.626 0.073 5.968 0.59 0.271 0.096 0.369
-0.628 -0.09 0.271 -0.048 -0.005 0.59 11.531 -0.737 -0.068 -0.513
-1.577 -0.189 0.056 -0.275 -0.031 0.271 -0.737 13.262 -0.117 -0.763
-0.097 -0.014 0.044 -0.007 -0.001 0.096 -0.068 -0.117 11.896 -0.081
-0.975 -0.123 0.139 -0.144 -0.016 0.369 -0.513 -0.763 -0.081 12.566

 Mean vectors and covariance matrices before rotation --- 2th cluster >>

 mean vector (mu'=Q*mu)>>
5.799 0 0 0 0 0 0 0 0 0

 covariance matrix (Sigma'=Q*Sigma*t(Q))>>

7.145 -1.588 -0.14 -0.512 -1.51 -0.143 1.185 1.187 0.39 -0.468
-1.588 7.801 -0.464 -0.535 -1.735 -0.949 -0.559 -0.684 -0.568 -1.108
-0.14 -0.464 7.532 -0.123 -0.394 -0.188 -0.059 -0.083 -0.093 -0.232
-0.512 -0.535 -0.123 11.159 -0.442 -0.255 -0.176 -0.21 -0.162 -0.292
-1.51 -1.735 -0.394 -0.442 9.182 -0.811 -0.523 -0.631 -0.502 -0.936
-0.143 -0.949 -0.188 -0.255 -0.811 6.729 -0.076 -0.123 -0.167 -0.463
1.185 -0.559 -0.059 -0.176 -0.523 -0.076 3.765 0.342 0.101 -0.182
1.187 -0.684 -0.083 -0.21 -0.631 -0.123 0.342 4.088 0.082 -0.241
0.39 -0.568 -0.093 -0.162 -0.502 -0.167 0.101 0.082 5.075 -0.243
-0.468 -1.108 -0.232 -0.292 -0.936 -0.463 -0.182 -0.241 -0.243 7.555

 Mean vectors and covariance matrices before rotation --- 3th cluster >>

 mean vector (mu'=Q*mu)>>
0 10.044 0 0 0 0 0 0 0 0

 covariance matrix (Sigma'=Q*Sigma*t(Q))>>

5.9 -1.114 -0.997 0.843 0.816 -0.095 0.383 0.556 -0.035 0.114
-1.114 8.243 -0.476 0.012 0.036 -0.239 -0.162 -0.147 -0.029 -0.112
-0.997 -0.476 9.4 -0.049 -0.025 -0.214 -0.177 -0.175 -0.025 -0.111
0.843 0.012 -0.049 3.787 0.376 0.18 0.347 0.419 0.011 0.164
0.816 0.036 -0.025 0.376 3.389 0.174 0.324 0.389 0.011 0.154
-0.095 -0.239 -0.214 0.18 0.174 6.32 0.081 0.118 -0.007 0.024
0.383 -0.162 -0.177 0.347 0.324 0.081 5.251 0.307 0 0.104
0.556 -0.147 -0.175 0.419 0.389 0.118 0.307 5.096 0.003 0.136
-0.035 -0.029 -0.025 0.011 0.011 -0.007 0 0.003 7.289 -0.002
0.114 -0.112 -0.111 0.164 0.154 0.024 0.104 0.136 -0.002 5.494

 Mean vectors and covariance matrices before rotation --- 4th cluster >>

 mean vector (mu'=Q*mu)>>
0 3.348 9.469 0 0 0 0 0 0 0

 covariance matrix (Sigma'=Q*Sigma*t(Q))>>

5.14 -0.328 -0.896 0.265 0.524 -2.126 1.731 -0.261 0.407 0.786
-0.328 6.734 -0.271 0.014 0.001 -0.549 0.178 -0.182 -0.02 0.028
-0.896 -0.271 7.542 -0.019 -0.108 -1.038 0.116 -0.438 -0.139 -0.091
0.265 0.014 -0.019 2.776 0.134 -0.118 0.306 0.075 0.12 0.18
0.524 0.001 -0.108 0.134 3.672 -0.401 0.74 0.127 0.268 0.417
-2.126 -0.549 -1.038 -0.118 -0.401 8.132 -0.207 -0.962 -0.442 -0.433
1.731 0.178 0.116 0.306 0.74 -0.207 2.852 0.562 0.679 0.974
-0.261 -0.182 -0.438 0.075 0.127 -0.962 0.562 5.584 0.082 0.211
0.407 -0.02 -0.139 0.12 0.268 -0.442 0.679 0.082 3.971 0.371
0.786 0.028 -0.091 0.18 0.417 -0.433 0.974 0.211 0.371 3.547

 Mean vectors and covariance matrices before rotation --- 5th cluster >>

 mean vector (mu'=Q*mu)>>
0 3.348 2.367 9.168 0 0 0 0 0 0

 covariance matrix (Sigma'=Q*Sigma*t(Q))>>

6.797 -0.447 -0.205 -0.001 0.908 0.014 -0.658 -0.419 -0.321 0.844
-0.447 8.668 -0.113 -0.103 -0.045 -0.015 -0.669 -0.531 -0.154 -0.334
-0.205 -0.113 9.367 -0.043 -0.026 -0.007 -0.274 -0.218 -0.062 -0.146
-0.001 -0.103 -0.043 6.743 0.034 -0.004 -0.225 -0.173 -0.061 -0.052
0.908 -0.045 -0.026 0.034 3.376 0.01 0.02 0.048 -0.048 0.374
0.014 -0.015 -0.007 -0.004 0.01 6.042 -0.032 -0.024 -0.009 -0.001
-0.658 -0.669 -0.274 -0.225 0.02 -0.032 6.339 -1.219 -0.379 -0.621
-0.419 -0.531 -0.218 -0.173 0.048 -0.024 -1.219 6.672 -0.303 -0.448
-0.321 -0.154 -0.062 -0.061 -0.048 -0.009 -0.379 -0.303 10.012 -0.217
0.844 -0.334 -0.146 -0.052 0.374 -0.001 -0.621 -0.448 -0.217 5.414

 Final eigenvalues for each cluster >> 
 (rows correspond to clusters)
14.27 13.125 11.96 11.906 11.019 10.525 9.588 9.551 6.174 4.632
11.294 10.619 9.885 8.118 7.627 7.097 5.1 3.756 3.42 3.116
9.768 8.844 7.29 6.341 6.333 5.452 5.008 4.713 3.375 3.047
9.991 8.087 6.86 5.796 5.104 3.738 3.367 2.982 2.718 1.305
10.095 9.412 8.946 7.892 7.625 6.772 6.042 5.212 4.353 3.079

 *************************************************

 ********************* rotation ******************

 *************************************************


 The orthogonal matrix Q >>
0.415 0.333 0.062 0.443 0.32 0.262 0.105 0.242 0.395 0.347
0.333 -0.922 0.015 0.104 0.075 0.062 0.025 0.057 0.093 0.082
0.062 0.015 -0.997 0.019 0.014 0.011 0.005 0.011 0.017 0.015
0.443 0.104 0.019 -0.861 0.1 0.082 0.033 0.076 0.124 0.108
0.32 0.075 0.014 0.1 -0.928 0.059 0.024 0.055 0.089 0.078
0.262 0.062 0.011 0.082 0.059 -0.951 0.019 0.045 0.073 0.064
0.105 0.025 0.005 0.033 0.024 0.019 -0.992 0.018 0.029 0.026
0.242 0.057 0.011 0.076 0.055 0.045 0.018 -0.959 0.068 0.059
0.395 0.093 0.017 0.124 0.089 0.073 0.029 0.068 -0.89 0.097
0.347 0.082 0.015 0.108 0.078 0.064 0.026 0.059 0.097 -0.915

 Mean vectors and covariance matrices after rotation --- 1th cluster >>

 mean vector (mu'=Q*mu)>>
-2.567 -2.009 -1.931 -1.857 -2.404 -1.522 -2.292 -0.608 -0.358 -1.405

 covariance matrix (Sigma'=Q*Sigma*t(Q))>>

9.647 0.126 -0.021 0.069 0.181 -0.268 -0.149 0.272 -0.283 0.357
0.126 13.04 0.1 0.267 -0.006 -0.132 0.106 -0.183 -0.301 -0.086
-0.021 0.1 10.995 0.059 -0.082 -0.434 -0.099 0.156 -0.352 0.3
0.069 0.267 0.059 9.671 0.301 -0.508 -0.004 0.253 -0.395 0.487
0.181 -0.006 -0.082 0.301 10.606 -0.464 -0.432 0.426 -0.773 0.515
-0.268 -0.132 -0.434 -0.508 -0.464 4.937 -0.743 0.58 0.324 0.183
-0.149 0.106 -0.099 -0.004 -0.432 -0.743 11.707 0.201 -0.521 0.409
0.272 -0.183 0.156 0.253 0.426 0.58 0.201 11.687 0.171 -0.402
-0.283 -0.301 -0.352 -0.395 -0.773 0.324 -0.521 0.171 6.484 -0.19
0.357 -0.086 0.3 0.487 0.515 0.183 0.409 -0.402 -0.19 13.978

 Mean vectors and covariance matrices after rotation --- 2th cluster >>

 mean vector (mu'=Q*mu)>>
2.567 2.009 1.931 1.857 2.404 1.522 2.292 0.608 0.358 1.405

 covariance matrix (Sigma'=Q*Sigma*t(Q))>>

10.456 -0.229 0.266 0.155 -2.059 -0.194 -0.423 -0.601 0.016 -0.636
-0.229 8.084 -0.02 -0.026 0.28 -0.052 0.1 -0.369 -0.036 -0.239
0.266 -0.02 9.403 -0.324 1.498 -0.114 0.423 -0.564 -0.173 -0.277
0.155 -0.026 -0.324 10.412 0.902 -0.111 0.295 -0.569 -0.139 -0.334
-2.059 0.28 1.498 0.902 4.437 0.467 0.179 -0.008 0.405 0.209
-0.194 -0.052 -0.114 -0.111 0.467 7.049 0.104 -0.215 -0.038 -0.113
-0.423 0.1 0.423 0.295 0.179 0.104 5.168 -0.192 0.083 -0.098
-0.601 -0.369 -0.564 -0.569 -0.008 -0.215 -0.192 3.603 -0.062 0.099
0.016 -0.036 -0.173 -0.139 0.405 -0.038 0.083 -0.062 7.585 -0.012
-0.636 -0.239 -0.277 -0.334 0.209 -0.113 -0.098 0.099 -0.012 3.832

 Mean vectors and covariance matrices after rotation --- 3th cluster >>

 mean vector (mu'=Q*mu)>>
1.047 0.819 -9.256 0.757 3.344 0.62 0.934 0.248 0.146 0.573

 covariance matrix (Sigma'=Q*Sigma*t(Q))>>

3.515 0.057 0.259 0.083 0.479 0.115 -0.213 0.079 0.425 0.079
0.057 5.494 0.162 0.002 0.171 0.037 -0.081 -0.08 0.274 -0.073
0.259 0.162 8.769 0.142 0.056 -0.02 0.206 -0.257 -0.057 -0.155
0.083 0.002 0.142 3.108 0.246 0.07 -0.237 0.107 0.304 0.09
0.479 0.171 0.056 0.246 6.357 -0.001 -0.296 -0.353 0.586 -0.255
0.115 0.037 -0.02 0.07 -0.001 6.339 -0.053 -0.055 0.08 -0.031
-0.213 -0.081 0.206 -0.237 -0.296 -0.053 7.107 -0.234 0.401 -0.29
0.079 -0.08 -0.257 0.107 -0.353 -0.055 -0.234 5.139 -0.093 0.115
0.425 0.274 -0.057 0.304 0.586 0.08 0.401 -0.093 9.537 0.058
0.079 -0.073 -0.155 0.09 -0.255 -0.031 -0.29 0.115 0.058 4.805

 Mean vectors and covariance matrices after rotation --- 4th cluster >>

 mean vector (mu'=Q*mu)>>
0.532 0.416 -2.948 0.385 1.7 0.315 0.475 0.126 -9.395 0.291

 covariance matrix (Sigma'=Q*Sigma*t(Q))>>

3.073 -0.01 0.156 0.056 0.684 0.978 0.14 -0.705 0.535 0.267
-0.01 3.067 -0.179 0.05 -0.238 0.173 0.009 0.083 0.283 0.13
0.156 -0.179 6.779 -0.117 -0.275 0.226 -0.078 -0.601 0.134 -0.083
0.056 0.05 -0.117 3.404 -0.11 0.217 0.021 -0.06 0.251 0.105
0.684 -0.238 -0.275 -0.11 4.779 1.058 -0.004 -1.623 0.798 0.061
0.978 0.173 0.226 0.217 1.058 9.326 0.39 -0.588 -0.581 -0.345
0.14 0.009 -0.078 0.021 -0.004 0.39 3.769 -0.281 0.321 0.118
-0.705 0.083 -0.601 -0.06 -1.623 -0.588 -0.281 2.357 0.096 0.016
0.535 0.283 0.134 0.251 0.798 -0.581 0.321 0.096 7.691 -0.131
0.267 0.13 -0.083 0.105 0.061 -0.345 0.118 0.016 -0.131 5.705

 Mean vectors and covariance matrices after rotation --- 5th cluster >>

 mean vector (mu'=Q*mu)>>
-7.503 1.303 -2.096 1.204 5.32 0.987 1.486 0.394 -2.135 0.911

 covariance matrix (Sigma'=Q*Sigma*t(Q))>>

6.826 -0.161 0.065 -0.04 0.064 0.077 -0.196 0.402 0.073 0.246
-0.161 5.192 -0.334 0.19 0.338 -0.042 -0.479 -0.171 -0.08 -0.215
0.065 -0.334 8.873 -0.026 -0.063 0.107 -0.162 -0.172 -0.011 -0.158
-0.04 0.19 -0.026 3.225 0.525 -0.012 -0.266 0.442 0.039 0.278
0.064 0.338 -0.063 0.525 6.367 0.154 -0.934 1.3 0.136 0.813
0.077 -0.042 0.107 -0.012 0.154 6.108 -0.062 0.348 0.066 0.242
-0.196 -0.479 -0.162 -0.266 -0.934 -0.062 9.703 0.132 0.012 -0.043
0.402 -0.171 -0.172 0.442 1.3 0.348 0.132 6.632 -0.161 -0.787
0.073 -0.08 -0.011 0.039 0.136 0.066 0.012 -0.161 9.398 -0.103
0.246 -0.215 -0.158 0.278 0.813 0.242 -0.043 -0.787 -0.103 7.106

 Final eigenvalues for each cluster >> 
 (rows correspond to clusters)
14.27 13.125 11.96 11.906 11.019 10.525 9.588 9.551 6.174 4.632
11.294 10.619 9.885 8.118 7.627 7.097 5.1 3.756 3.42 3.116
9.768 8.844 7.29 6.341 6.333 5.452 5.008 4.713 3.375 3.047
9.991 8.087 6.86 5.796 5.104 3.738 3.367 2.982 2.718 1.305
10.095 9.412 8.946 7.892 7.625 6.772 6.042 5.212 4.353 3.079

 theoretical Separation index matrix >>

-1 0.011 0.01 0.047 0.014
0.011 -1 0.01 0.042 0.01
0.01 0.01 -1 0.01 0.093
0.047 0.042 0.01 -1 0.116
0.014 0.01 0.093 0.116 -1

 theoretical projection directions >>

**** cluster 1 and 2
0.429 0.273 0.236 0.233 0.466 0.399 0.415 0.138 0.115 0.224

**** cluster 1 and 3
0.392 0.224 -0.535 0.293 0.48 0.289 0.295 0.055 0.02 0.138

**** cluster 1 and 4
0.307 0.201 -0.065 0.203 0.347 0.103 0.235 0.139 -0.781 0.07

**** cluster 1 and 5
-0.426 0.25 0.004 0.303 0.649 0.356 0.3 0.005 -0.121 0.105

**** cluster 2 and 3
-0.105 -0.132 -0.887 -0.154 0.26 -0.118 -0.121 -0.158 -0.036 -0.198

**** cluster 2 and 4
-0.165 -0.174 -0.395 -0.146 0.033 -0.122 -0.205 -0.252 -0.781 -0.185

**** cluster 2 and 5
-0.8 -0.14 -0.336 -0.11 0.342 -0.076 -0.087 -0.128 -0.218 -0.147

**** cluster 3 and 4
-0.002 -0.013 0.592 -0.011 -0.092 -0.056 -0.015 0.017 -0.797 -0.035

**** cluster 3 and 5
-0.874 0.039 0.42 0.046 0.194 0.038 0.03 0.048 -0.102 0.058

**** cluster 4 and 5
-0.842 0.075 0.071 0.072 0.315 0.086 0.081 0.028 0.395 0.069

 empirical Separation index matrix (alpha= 0.05 )>>

-1 -0.066 0.036 0.095 -0.012
-0.066 -1 0.081 0.15 0.067
0.036 0.081 -1 0.102 0.036
0.095 0.15 0.102 -1 0.111
-0.012 0.067 0.036 0.111 -1

 empirical projection directions >>

**** cluster 1 and 2
0.598 0.186 0.272 0.371 -0.22 0.336 0.16 0.233 0.269 0.288

**** cluster 1 and 3
0.75 -0.192 -0.57 -0.042 -0.068 0.16 -0.048 0.065 0.145 0.127

**** cluster 1 and 4
0.584 0.126 -0.02 -0.153 -0.338 -0.04 -0.12 -0.014 -0.694 -0.081

**** cluster 1 and 5
0.322 -0.257 -0.005 -0.574 -0.539 -0.41 -0.113 0.112 0.099 0.079

**** cluster 2 and 3
0.06 -0.103 -0.714 -0.248 0.474 -0.316 -0.217 -0.107 -0.174 0.035

**** cluster 2 and 4
-0.124 -0.227 -0.226 -0.21 0.079 -0.156 -0.286 -0.107 -0.758 -0.374

**** cluster 2 and 5
-0.435 -0.263 -0.215 -0.402 -0.279 -0.539 -0.356 0.03 -0.102 -0.165

**** cluster 3 and 4
0.002 0.171 0.474 0.176 -0.133 -0.143 -0.006 -0.313 -0.685 -0.332

**** cluster 3 and 5
-0.499 -0.147 0.622 -0.291 -0.428 -0.2 -0.007 -0.095 0.113 -0.111

**** cluster 4 and 5
-0.219 -0.363 0.058 -0.376 -0.174 -0.048 -0.207 0.086 0.77 0.002
