
 Log information for the data set datasetJMG2v2nv10out0_2.dat >>

 alpha = 0.05 sepVal = 0.21

 Number of clusters >> 2

 cluster sizes >>
50 50

 Number of data points >> 100

 Number of dimensions >> 12

 Number of noisy dimensions >> 10

 noisy variables >>
1 2 4 5 6 7 8 10 11 12

 Number of outliers >> 0

 initial eigenvalues for each cluster >> 
 (rows correspond to clusters)
3.707 4.463
3.51 3.332

 Mean vectors and covariance matrices before rotation --- 1th cluster >>

 mean vector (mu'=Q*mu)>>
-5.698 0 0 0 0 0 0 0 0 0 0 0

 covariance matrix (Sigma'=Q*Sigma*t(Q))>>

3.716 -0.082 0 0 0 0 0 0 0 0 0 0
-0.082 4.454 0 0 0 0 0 0 0 0 0 0
0 0 19.606 2.802 -4.152 -0.522 -0.088 6.111 -2.536 -3.407 0.006 0.539
0 0 2.802 10.897 -0.165 0.075 0.081 2.095 -0.092 0.105 1.121 0.329
0 0 -4.152 -0.165 31.715 -0.345 -0.148 0.129 -1.079 -1.751 -1.476 -0.18
0 0 -0.522 0.075 -0.345 26.073 -0.02 0.22 -0.212 -0.321 -0.174 -0.003
0 0 -0.088 0.081 -0.148 -0.02 21.782 0.183 -0.091 -0.126 -0.021 0.013
0 0 6.111 2.095 0.129 0.22 0.183 9.378 0.099 0.621 2.399 0.643
0 0 -2.536 -0.092 -1.079 -0.212 -0.091 0.099 32.479 -1.079 -0.9 -0.108
0 0 -3.407 0.105 -1.751 -0.321 -0.126 0.621 -1.079 27.528 -1.181 -0.098
0 0 0.006 1.121 -1.476 -0.174 -0.021 2.399 -0.9 -1.181 20.018 0.229
0 0 0.539 0.329 -0.18 -0.003 0.013 0.643 -0.108 -0.098 0.229 14.913

 Mean vectors and covariance matrices before rotation --- 2th cluster >>

 mean vector (mu'=Q*mu)>>
5.698 0 0 0 0 0 0 0 0 0 0 0

 covariance matrix (Sigma'=Q*Sigma*t(Q))>>

3.492 0.054 0 0 0 0 0 0 0 0 0 0
0.054 3.351 0 0 0 0 0 0 0 0 0 0
0 0 19.606 2.802 -4.152 -0.522 -0.088 6.111 -2.536 -3.407 0.006 0.539
0 0 2.802 10.897 -0.165 0.075 0.081 2.095 -0.092 0.105 1.121 0.329
0 0 -4.152 -0.165 31.715 -0.345 -0.148 0.129 -1.079 -1.751 -1.476 -0.18
0 0 -0.522 0.075 -0.345 26.073 -0.02 0.22 -0.212 -0.321 -0.174 -0.003
0 0 -0.088 0.081 -0.148 -0.02 21.782 0.183 -0.091 -0.126 -0.021 0.013
0 0 6.111 2.095 0.129 0.22 0.183 9.378 0.099 0.621 2.399 0.643
0 0 -2.536 -0.092 -1.079 -0.212 -0.091 0.099 32.479 -1.079 -0.9 -0.108
0 0 -3.407 0.105 -1.751 -0.321 -0.126 0.621 -1.079 27.528 -1.181 -0.098
0 0 0.006 1.121 -1.476 -0.174 -0.021 2.399 -0.9 -1.181 20.018 0.229
0 0 0.539 0.329 -0.18 -0.003 0.013 0.643 -0.108 -0.098 0.229 14.913

 Final eigenvalues for each cluster >> 
 (rows correspond to clusters)
33.462 33.145 29.219 26.131 21.786 20.57 19.879 14.827 9.767 5.603 4.463 3.707
33.462 33.145 29.219 26.131 21.786 20.57 19.879 14.827 9.767 5.603 3.51 3.332

 *************************************************

 ********************* rotation ******************

 *************************************************


 The orthogonal matrix Q >>
0.243 0.97
0.97 -0.243

 Mean vectors and covariance matrices after rotation --- 1th cluster >>

 mean vector (mu'=Q*mu)>>
0 0 -1.383 0 0 0 0 0 -5.528 0 0 0

 covariance matrix (Sigma'=Q*Sigma*t(Q))>>

31.715 -1.751 0 -0.345 -0.18 0.129 -0.165 -1.079 0 -4.152 -0.148 -1.476
-1.751 27.528 0 -0.321 -0.098 0.621 0.105 -1.079 0 -3.407 -0.126 -1.181
0 0 4.372 0 0 0 0 0 -0.246 0 0 0
-0.345 -0.321 0 26.073 -0.003 0.22 0.075 -0.212 0 -0.522 -0.02 -0.174
-0.18 -0.098 0 -0.003 14.913 0.643 0.329 -0.108 0 0.539 0.013 0.229
0.129 0.621 0 0.22 0.643 9.378 2.095 0.099 0 6.111 0.183 2.399
-0.165 0.105 0 0.075 0.329 2.095 10.897 -0.092 0 2.802 0.081 1.121
-1.079 -1.079 0 -0.212 -0.108 0.099 -0.092 32.479 0 -2.536 -0.091 -0.9
0 0 -0.246 0 0 0 0 0 3.798 0 0 0
-4.152 -3.407 0 -0.522 0.539 6.111 2.802 -2.536 0 19.606 -0.088 0.006
-0.148 -0.126 0 -0.02 0.013 0.183 0.081 -0.091 0 -0.088 21.782 -0.021
-1.476 -1.181 0 -0.174 0.229 2.399 1.121 -0.9 0 0.006 -0.021 20.018

 Mean vectors and covariance matrices after rotation --- 2th cluster >>

 mean vector (mu'=Q*mu)>>
0 0 1.383 0 0 0 0 0 5.528 0 0 0

 covariance matrix (Sigma'=Q*Sigma*t(Q))>>

31.715 -1.751 0 -0.345 -0.18 0.129 -0.165 -1.079 0 -4.152 -0.148 -1.476
-1.751 27.528 0 -0.321 -0.098 0.621 0.105 -1.079 0 -3.407 -0.126 -1.181
0 0 3.385 0 0 0 0 0 0.081 0 0 0
-0.345 -0.321 0 26.073 -0.003 0.22 0.075 -0.212 0 -0.522 -0.02 -0.174
-0.18 -0.098 0 -0.003 14.913 0.643 0.329 -0.108 0 0.539 0.013 0.229
0.129 0.621 0 0.22 0.643 9.378 2.095 0.099 0 6.111 0.183 2.399
-0.165 0.105 0 0.075 0.329 2.095 10.897 -0.092 0 2.802 0.081 1.121
-1.079 -1.079 0 -0.212 -0.108 0.099 -0.092 32.479 0 -2.536 -0.091 -0.9
0 0 0.081 0 0 0 0 0 3.458 0 0 0
-4.152 -3.407 0 -0.522 0.539 6.111 2.802 -2.536 0 19.606 -0.088 0.006
-0.148 -0.126 0 -0.02 0.013 0.183 0.081 -0.091 0 -0.088 21.782 -0.021
-1.476 -1.181 0 -0.174 0.229 2.399 1.121 -0.9 0 0.006 -0.021 20.018

 Final eigenvalues for each cluster >> 
 (rows correspond to clusters)
33.462 33.145 29.219 26.131 21.786 20.57 19.879 14.827 9.767 5.603 4.463 3.707
33.462 33.145 29.219 26.131 21.786 20.57 19.879 14.827 9.767 5.603 3.51 3.332

 theoretical Separation index matrix >>

-1 0.21
0.21 -1

 theoretical projection directions >>

**** cluster 1 and 2
0 0 0.246 0 0 0 0 0 0.969 0 0 0

 empirical Separation index matrix (alpha= 0.05 )>>

-1 0.301
0.301 -1

 empirical projection directions >>

**** cluster 1 and 2
0.003 0.02 0.204 -0.008 0.024 0.056 0.021 -0.043 0.973 -0.007 -0.009 -0.079
