
 Log information for the data set datasetJMG3v10nv3out0_3.dat >>

 alpha = 0.05 sepVal = 0.21

 Number of clusters >> 3

 cluster sizes >>
50 50 50

 Number of data points >> 150

 Number of dimensions >> 13

 Number of noisy dimensions >> 3

 noisy variables >>
2 4 10

 Number of outliers >> 0

 initial eigenvalues for each cluster >> 
 (rows correspond to clusters)
5.007 8.122 4.858 1.764 3.337 2.234 8.824 5.952 4.237 8.823
6.586 1.121 5.448 7.533 6.956 5.683 4.432 8.669 7.684 7.331
5.745 1.117 1.346 1.205 6.935 5.385 2.231 6.325 5.142 1.043

 Mean vectors and covariance matrices before rotation --- 1th cluster >>

 mean vector (mu'=Q*mu)>>
-7.072 0 0 0 0 0 0 0 0 0 3.608 3.128 3.359

 covariance matrix (Sigma'=Q*Sigma*t(Q))>>

5.686 -1.482 0.344 0.501 0.678 0.833 -0.639 -0.031 0.139 -0.047 0 0 0
-1.482 6.81 -0.543 0.034 -0.122 0.015 -0.501 -0.098 -0.083 -0.037 0 0 0
0.344 -0.543 5.023 0.202 0.282 0.338 -0.237 -0.008 0.06 -0.018 0 0 0
0.501 0.034 0.202 1.854 0.164 0.16 -0.002 0.018 0.048 0 0 0 0
0.678 -0.122 0.282 0.164 3.609 0.284 -0.072 0.019 0.073 -0.005 0 0 0
0.833 0.015 0.338 0.16 0.284 2.517 -0.02 0.029 0.082 -0.001 0 0 0
-0.639 -0.501 -0.237 -0.002 -0.072 -0.02 8.636 -0.04 -0.039 -0.014 0 0 0
-0.031 -0.098 -0.008 0.018 0.019 0.029 -0.04 5.947 0.002 -0.003 0 0 0
0.139 -0.083 0.06 0.048 0.073 0.082 -0.039 0.002 4.255 -0.003 0 0 0
-0.047 -0.037 -0.018 0 -0.005 -0.001 -0.014 -0.003 -0.003 8.822 0 0 0
0 0 0 0 0 0 0 0 0 0 12.598 -0.672 -7.189
0 0 0 0 0 0 0 0 0 0 -0.672 10.262 -4.023
0 0 0 0 0 0 0 0 0 0 -7.189 -4.023 36.882

 Mean vectors and covariance matrices before rotation --- 2th cluster >>

 mean vector (mu'=Q*mu)>>
7.072 0 0 0 0 0 0 0 0 0 3.608 3.128 3.359

 covariance matrix (Sigma'=Q*Sigma*t(Q))>>

5.634 1.954 0.156 -0.15 -0.432 0.046 0.48 -0.719 -0.596 -0.356 0 0 0
1.954 2.368 0.614 0.104 0.534 0.366 0.676 0.208 0.364 0.297 0 0 0
0.156 0.614 5.589 -0.012 0.008 0.074 0.217 -0.108 -0.055 -0.019 0 0 0
-0.15 0.104 -0.012 7.517 -0.054 -0.011 0.011 -0.064 -0.061 -0.039 0 0 0
-0.432 0.534 0.008 -0.054 6.783 -0.01 0.106 -0.241 -0.213 -0.133 0 0 0
0.046 0.366 0.074 -0.011 -0.01 5.721 0.122 -0.076 -0.047 -0.021 0 0 0
0.48 0.676 0.217 0.011 0.106 0.122 4.715 -0.038 0.029 0.042 0 0 0
-0.719 0.208 -0.108 -0.064 -0.241 -0.076 -0.038 8.432 -0.243 -0.164 0 0 0
-0.596 0.364 -0.055 -0.061 -0.213 -0.047 0.029 -0.243 7.451 -0.152 0 0 0
-0.356 0.297 -0.019 -0.039 -0.133 -0.021 0.042 -0.164 -0.152 7.234 0 0 0
0 0 0 0 0 0 0 0 0 0 12.598 -0.672 -7.189
0 0 0 0 0 0 0 0 0 0 -0.672 10.262 -4.023
0 0 0 0 0 0 0 0 0 0 -7.189 -4.023 36.882

 Mean vectors and covariance matrices before rotation --- 3th cluster >>

 mean vector (mu'=Q*mu)>>
0 12.249 0 0 0 0 0 0 0 0 3.608 3.128 3.359

 covariance matrix (Sigma'=Q*Sigma*t(Q))>>

10.931 2.127 4.102 1.326 -2.62 -0.475 1.063 -1.317 -0.416 2.674 0 0 0
2.127 3.753 1.595 0.503 0.419 0.382 0.503 0.361 0.519 0.988 0 0 0
4.102 1.595 6.759 1.009 0.779 0.741 1.005 0.687 1.011 1.982 0 0 0
1.326 0.503 1.009 3.509 0.258 0.239 0.318 0.224 0.325 0.625 0 0 0
-2.62 0.419 0.779 0.258 17.173 -0.361 0.159 -0.667 -0.404 0.532 0 0 0
-0.475 0.382 0.741 0.239 -0.361 14.214 0.199 -0.169 -0.022 0.479 0 0 0
1.063 0.503 1.005 0.318 0.159 0.199 6.217 0.164 0.277 0.626 0 0 0
-1.317 0.361 0.687 0.224 -0.667 -0.169 0.164 16.383 -0.178 0.456 0 0 0
-0.416 0.519 1.011 0.325 -0.404 -0.022 0.277 -0.178 13.623 0.65 0 0 0
2.674 0.988 1.982 0.625 0.532 0.479 0.626 0.456 0.65 3.989 0 0 0
0 0 0 0 0 0 0 0 0 0 12.598 -0.672 -7.189
0 0 0 0 0 0 0 0 0 0 -0.672 10.262 -4.023
0 0 0 0 0 0 0 0 0 0 -7.189 -4.023 36.882

 Final eigenvalues for each cluster >> 
 (rows correspond to clusters)
39.324 11.957 8.824 8.823 8.462 8.122 5.952 5.007 4.858 4.237 3.337 2.234 1.764
39.324 11.957 8.669 8.462 7.684 7.533 7.332 6.956 6.587 5.683 5.448 4.432 1.121
39.324 18.357 16.742 15.206 14.256 13.611 11.957 8.462 5.906 3.563 3.191 2.958 2.762

 *************************************************

 ********************* rotation ******************

 *************************************************


 The orthogonal matrix Q >>
0.341 0.203 0.422 0.044 0.449 0.347 0.138 0.46 0.32 0.077
0.203 -0.969 0.064 0.007 0.068 0.052 0.021 0.07 0.048 0.012
0.422 0.064 -0.867 0.014 0.141 0.109 0.043 0.145 0.101 0.024
0.044 0.007 0.014 -0.999 0.015 0.011 0.004 0.015 0.01 0.003
0.449 0.068 0.141 0.015 -0.85 0.116 0.046 0.154 0.107 0.026
0.347 0.052 0.109 0.011 0.116 -0.91 0.036 0.119 0.083 0.02
0.138 0.021 0.043 0.004 0.046 0.036 -0.986 0.047 0.033 0.008
0.46 0.07 0.145 0.015 0.154 0.119 0.047 -0.842 0.11 0.027
0.32 0.048 0.101 0.01 0.107 0.083 0.033 0.11 -0.923 0.018
0.077 0.012 0.024 0.003 0.026 0.02 0.008 0.027 0.018 -0.996

 Mean vectors and covariance matrices after rotation --- 1th cluster >>

 mean vector (mu'=Q*mu)>>
-0.976 3.359 -3.256 3.608 -0.546 -2.266 -3.177 -2.986 -1.433 3.128 -2.457 -0.309 -2.413

 covariance matrix (Sigma'=Q*Sigma*t(Q))>>

8.788 0 0.213 0 0.013 0.163 0.161 -0.03 -0.162 0 0.142 -0.054 0.077
0 36.882 0 -7.189 0 0 0 0 0 -4.023 0 0 0
0.213 0 5.94 0 -0.054 0.084 -0.034 -0.098 0.657 0 -0.073 -0.238 -0.121
0 -7.189 0 12.598 0 0 0 0 0 -0.672 0 0 0
0.013 0 -0.054 0 8.806 -0.024 -0.063 -0.078 0.068 0 -0.056 -0.048 -0.208
0.163 0 0.084 0 -0.024 4.372 0.122 0.077 0.481 0 0.076 -0.122 0.33
0.161 0 -0.034 0 -0.063 0.122 3.514 0.152 0.596 0 0.151 -0.09 0.46
-0.03 0 -0.098 0 -0.078 0.077 0.152 4.863 0.114 0 0.182 -0.04 0.019
-0.162 0 0.657 0 0.068 0.481 0.596 0.114 7.477 0 0.543 -0.007 0.69
0 -4.023 0 -0.672 0 0 0 0 0 10.262 0 0 0
0.142 0 -0.073 0 -0.056 0.076 0.151 0.182 0.543 0 2.367 -0.042 0.484
-0.054 0 -0.238 0 -0.048 -0.122 -0.09 -0.04 -0.007 0 -0.042 1.806 -0.251
0.077 0 -0.121 0 -0.208 0.33 0.46 0.019 0.69 0 0.484 -0.251 5.226

 Mean vectors and covariance matrices after rotation --- 2th cluster >>

 mean vector (mu'=Q*mu)>>
0.976 3.359 3.256 3.608 0.546 2.266 3.177 2.986 1.433 3.128 2.457 0.309 2.413

 covariance matrix (Sigma'=Q*Sigma*t(Q))>>

4.549 0 -0.318 0 0.047 -0.118 -0.144 -0.063 0.257 0 -0.098 0.004 -0.287
0 36.882 0 -7.189 0 0 0 0 0 -4.023 0 0 0
-0.318 0 8.421 0 0.007 -0.092 -0.177 -0.194 -0.786 0 -0.116 0 -0.591
0 -7.189 0 12.598 0 0 0 0 0 -0.672 0 0 0
0.047 0 0.007 0 7.292 -0.006 0.047 0.125 0.207 0 0.103 -0.012 0.169
-0.118 0 -0.092 0 -0.006 7.666 -0.013 0.03 -0.257 0 0.046 -0.001 -0.046
-0.144 0 -0.177 0 0.047 -0.013 6.919 -0.008 -0.403 0 0.008 0.015 -0.09
-0.063 0 -0.194 0 0.125 0.03 -0.008 5.438 -0.331 0 -0.02 0.04 0.048
0.257 0 -0.786 0 0.207 -0.257 -0.403 -0.331 1.496 0 -0.397 0.039 -0.871
0 -4.023 0 -0.672 0 0 0 0 0 10.262 0 0 0
-0.098 0 -0.116 0 0.103 0.046 0.008 -0.02 -0.397 0 5.668 0.035 0.05
0.004 0 0 0 -0.012 -0.001 0.015 0.04 0.039 0 0.035 7.529 0.052
-0.287 0 -0.591 0 0.169 -0.046 -0.09 0.048 -0.871 0 0.05 0.052 6.465

 Mean vectors and covariance matrices after rotation --- 3th cluster >>

 mean vector (mu'=Q*mu)>>
0.255 3.359 0.852 3.608 0.143 0.593 0.831 0.781 -11.874 3.128 0.643 0.081 2.482

 covariance matrix (Sigma'=Q*Sigma*t(Q))>>

5.924 0 -0.317 0 0.042 -0.072 -0.153 0.055 0.029 0 -0.179 0.024 -0.16
0 36.882 0 -7.189 0 0 0 0 0 -4.023 0 0 0
-0.317 0 16.429 0 -1.218 -0.193 -0.098 -0.97 -0.497 0 -0.185 -0.598 -0.591
0 -7.189 0 12.598 0 0 0 0 0 -0.672 0 0 0
0.042 0 -1.218 0 3.426 -0.522 -1.013 0.162 0.104 0 -0.792 0.328 -2.102
-0.072 0 -0.193 0 -0.522 13.579 -0.055 -0.186 -0.099 0 -0.069 -0.252 -0.051
-0.153 0 -0.098 0 -1.013 -0.055 18.239 -0.357 -0.188 0 0.019 -0.495 -0.386
0.055 0 -0.97 0 0.162 -0.186 -0.357 3.681 0.06 0 -0.556 0.093 -0.182
0.029 0 -0.497 0 0.104 -0.099 -0.188 0.06 2.989 0 -0.288 0.058 -0.113
0 -4.023 0 -0.672 0 0 0 0 0 10.262 0 0 0
-0.179 0 -0.185 0 -0.792 -0.069 0.019 -0.556 -0.288 0 14.164 -0.387 -0.076
0.024 0 -0.598 0 0.328 -0.252 -0.495 0.093 0.058 0 -0.387 3.352 -1.014
-0.16 0 -0.591 0 -2.102 -0.051 -0.386 -0.182 -0.113 0 -0.076 -1.014 14.767

 Final eigenvalues for each cluster >> 
 (rows correspond to clusters)
39.324 11.957 8.824 8.823 8.462 8.122 5.952 5.007 4.858 4.237 3.337 2.234 1.764
39.324 11.957 8.669 8.462 7.684 7.533 7.332 6.956 6.587 5.683 5.448 4.432 1.121
39.324 18.357 16.742 15.206 14.256 13.611 11.957 8.462 5.906 3.563 3.191 2.958 2.762

 theoretical Separation index matrix >>

-1 0.21 0.21
0.21 -1 0.425
0.21 0.425 -1

 theoretical projection directions >>

**** cluster 1 and 2
0.121 0 0.393 0 0.048 0.268 0.449 0.45 0.249 0 0.435 0.075 0.31

**** cluster 1 and 3
0.058 0 0.182 0 0.148 0.138 0.16 0.386 -0.797 0 0.161 0.181 0.232

**** cluster 2 and 3
-0.001 0 -0.098 0 -0.003 -0.045 -0.061 -0.118 -0.98 0 -0.072 -0.008 -0.066

 empirical Separation index matrix (alpha= 0.05 )>>

-1 0.236 0.472
0.236 -1 0.22
0.472 0.22 -1

 empirical projection directions >>

**** cluster 1 and 2
-0.123 -0.012 -0.161 0.043 -0.151 -0.063 -0.191 -0.411 0.724 -0.012 -0.173 -0.285 -0.298

**** cluster 1 and 3
-0.068 -0.046 0.09 -0.002 -0.013 0.029 0.099 0.163 0.971 -0.011 0.045 -0.027 0.051

**** cluster 2 and 3
0.03 -0.032 0.318 -0.138 -0.068 0.22 0.547 0.332 0.33 0.094 0.455 0.235 0.187
