
 Log information for the data set datasetJMG3v10nv3out0_1.dat >>

 alpha = 0.05 sepVal = 0.21

 Number of clusters >> 3

 cluster sizes >>
50 50 50

 Number of data points >> 150

 Number of dimensions >> 13

 Number of noisy dimensions >> 3

 noisy variables >>
1 10 13

 Number of outliers >> 0

 initial eigenvalues for each cluster >> 
 (rows correspond to clusters)
6.618 2.165 7.431 4.8 1.975 2.334 1.516 7.489 4.628 9.338
8.623 1.032 4.91 2.261 7.388 4.535 6.71 1.948 1.355 7.288
5.419 3.773 1.165 6.154 2.466 7.47 9.782 1.884 4.269 8.388

 Mean vectors and covariance matrices before rotation --- 1th cluster >>

 mean vector (mu'=Q*mu)>>
-6.255 0 0 0 0 0 0 0 0 0 1.899 3.378 2.601

 covariance matrix (Sigma'=Q*Sigma*t(Q))>>

5.275 0.501 -0.528 0.203 1.439 1.383 0.121 -0.688 0.324 -1.344 0 0 0
0.501 2.287 0.083 0.138 0.34 0.346 0.027 0.102 0.188 0.029 0 0 0
-0.528 0.083 7.266 0.001 0.241 0.225 0.021 -0.213 0.013 -0.354 0 0 0
0.203 0.138 0.001 4.917 0.389 0.387 0.032 -0.003 0.164 -0.124 0 0 0
1.439 0.34 0.241 0.389 2.922 0.966 0.075 0.299 0.529 0.098 0 0 0
1.383 0.346 0.225 0.387 0.966 3.317 0.077 0.277 0.528 0.064 0 0 0
0.121 0.027 0.021 0.032 0.075 0.077 1.522 0.026 0.043 0.011 0 0 0
-0.688 0.102 -0.213 -0.003 0.299 0.277 0.026 7.213 0.012 -0.452 0 0 0
0.324 0.188 0.013 0.164 0.529 0.528 0.043 0.012 4.858 -0.148 0 0 0
-1.344 0.029 -0.354 -0.124 0.098 0.064 0.011 -0.452 -0.148 8.716 0 0 0
0 0 0 0 0 0 0 0 0 0 28.083 1.088 -1.08
0 0 0 0 0 0 0 0 0 0 1.088 12.141 0.595
0 0 0 0 0 0 0 0 0 0 -1.08 0.595 25.913

 Mean vectors and covariance matrices before rotation --- 2th cluster >>

 mean vector (mu'=Q*mu)>>
6.255 0 0 0 0 0 0 0 0 0 1.899 3.378 2.601

 covariance matrix (Sigma'=Q*Sigma*t(Q))>>

5.109 1.524 0.34 0.179 -0.517 0.546 -0.431 0.701 1.334 -0.294 0 0 0
1.524 2.019 0.783 0.14 0.507 0.935 0.836 0.519 0.901 0.313 0 0 0
0.34 0.783 5.403 0.106 0.21 0.609 0.409 0.397 0.707 0.133 0 0 0
0.179 0.14 0.106 2.281 0.064 0.127 0.108 0.073 0.128 0.039 0 0 0
-0.517 0.507 0.21 0.064 7.36 0.281 0.048 0.244 0.45 -0.011 0 0 0
0.546 0.935 0.609 0.127 0.281 5.284 0.529 0.476 0.845 0.177 0 0 0
-0.431 0.836 0.409 0.108 0.048 0.529 6.913 0.41 0.747 0.037 0 0 0
0.701 0.519 0.397 0.073 0.244 0.476 0.41 2.22 0.473 0.151 0 0 0
1.334 0.901 0.707 0.128 0.45 0.845 0.747 0.473 2.178 0.278 0 0 0
-0.294 0.313 0.133 0.039 -0.011 0.177 0.037 0.151 0.278 7.284 0 0 0
0 0 0 0 0 0 0 0 0 0 28.083 1.088 -1.08
0 0 0 0 0 0 0 0 0 0 1.088 12.141 0.595
0 0 0 0 0 0 0 0 0 0 -1.08 0.595 25.913

 Mean vectors and covariance matrices before rotation --- 3th cluster >>

 mean vector (mu'=Q*mu)>>
0 10.834 0 0 0 0 0 0 0 0 1.899 3.378 2.601

 covariance matrix (Sigma'=Q*Sigma*t(Q))>>

7.476 0.784 0.033 -0.516 1.736 -0.581 -0.74 1.009 0.577 -2.235 0 0 0
0.784 6.001 0.017 0.151 1.017 -0.056 -0.173 0.553 0.573 -0.392 0 0 0
0.033 0.017 1.665 0.01 0.024 0.003 0 0.013 0.017 0.004 0 0 0
-0.516 0.151 0.01 8.429 0.494 -0.298 -0.333 0.305 0.054 -1.066 0 0 0
1.736 1.017 0.024 0.494 5.066 0.081 -0.112 0.817 1.006 -0.06 0 0 0
-0.581 -0.056 0.003 -0.298 0.081 10.47 -0.192 0.07 -0.115 -0.659 0 0 0
-0.74 -0.173 0 -0.333 -0.112 -0.192 13.808 -0.034 -0.226 -0.596 0 0 0
1.009 0.553 0.013 0.305 0.817 0.07 -0.034 3.12 0.555 0.056 0 0 0
0.577 0.573 0.017 0.054 1.006 -0.115 -0.226 0.555 6.614 -0.581 0 0 0
-2.235 -0.392 0.004 -1.066 -0.06 -0.659 -0.596 0.056 -0.581 9.865 0 0 0
0 0 0 0 0 0 0 0 0 0 28.083 1.088 -1.08
0 0 0 0 0 0 0 0 0 0 1.088 12.141 0.595
0 0 0 0 0 0 0 0 0 0 -1.08 0.595 25.913

 Final eigenvalues for each cluster >> 
 (rows correspond to clusters)
28.566 25.536 12.035 9.338 7.489 7.431 6.618 4.8 4.628 2.334 2.165 1.975 1.516
28.566 25.536 12.035 8.623 7.388 7.288 6.71 4.91 4.535 2.261 1.948 1.355 1.032
28.566 25.536 13.971 12.035 11.981 10.669 8.789 7.74 6.097 5.389 3.522 2.691 1.664

 *************************************************

 ********************* rotation ******************

 *************************************************


 The orthogonal matrix Q >>
0.423 0.452 0.312 0.058 0.41 0.55 0.052 0.004 0.004 0.209
0.452 -0.857 0.099 0.019 0.13 0.174 0.016 0.001 0.001 0.066
0.312 0.099 -0.932 0.013 0.09 0.12 0.011 0.001 0.001 0.046
0.058 0.019 0.013 -0.998 0.017 0.023 0.002 0 0 0.009
0.41 0.13 0.09 0.017 -0.882 0.158 0.015 0.001 0.001 0.06
0.55 0.174 0.12 0.023 0.158 -0.788 0.02 0.002 0.002 0.081
0.052 0.016 0.011 0.002 0.015 0.02 -0.998 0 0 0.008
0.004 0.001 0.001 0 0.001 0.002 0 -1 0 0.001
0.004 0.001 0.001 0 0.001 0.002 0 0 -1 0.001
0.209 0.066 0.046 0.009 0.06 0.081 0.008 0.001 0.001 -0.969

 Mean vectors and covariance matrices after rotation --- 1th cluster >>

 mean vector (mu'=Q*mu)>>
2.601 -0.323 -2.645 -2.825 -0.026 -0.365 -1.309 -1.949 -2.565 3.378 -3.438 -0.027 1.899

 covariance matrix (Sigma'=Q*Sigma*t(Q))>>

25.913 0 0 0 0 0 0 0 0 0.595 0 0 -1.08
0 1.521 0.112 0.047 0.005 0.008 0.06 0.026 0.015 0 0.032 0.056 0
0 0.112 5.931 1.338 -0.706 -0.402 0.144 -0.188 0.066 0 0.522 0.127 0
0 0.047 1.338 2.752 -0.137 -0.029 0.594 0.328 0.085 0 0.316 0.363 0
0 0.005 -0.706 -0.137 4.851 0.12 -0.296 -0.212 0.227 0 0.126 0.011 0
0 0.008 -0.402 -0.029 0.12 4.866 -0.156 -0.124 0.15 0 0.107 0.029 0
0 0.06 0.144 0.594 -0.296 -0.156 9.14 0.001 0.297 0 0.475 -0.328 0
0 0.026 -0.188 0.328 -0.212 -0.124 0.001 7.383 -0.003 0 0.112 -0.034 0
0 0.015 0.066 0.085 0.227 0.15 0.297 -0.003 2.076 0 0.114 0.529 0
0.595 0 0 0 0 0 0 0 0 12.141 0 0 1.088
0 0.032 0.522 0.316 0.126 0.107 0.475 0.112 0.114 0 2.554 0.589 0
0 0.056 0.127 0.363 0.011 0.029 -0.328 -0.034 0.529 0 0.589 7.218 0
-1.08 0 0 0 0 0 0 0 0 1.088 0 0 28.083

 Mean vectors and covariance matrices after rotation --- 2th cluster >>

 mean vector (mu'=Q*mu)>>
2.601 0.323 2.645 2.825 0.026 0.365 1.309 1.949 2.565 3.378 3.438 0.027 1.899

 covariance matrix (Sigma'=Q*Sigma*t(Q))>>

25.913 0 0 0 0 0 0 0 0 0.595 0 0 -1.08
0 6.895 -0.638 0.712 0.628 0.09 -0.001 0.319 -0.027 0 0.399 0.346 0
0 -0.638 7.224 0.594 -1.926 0.003 -0.181 -0.428 -0.315 0 0.001 -1.054 0
0 0.712 0.594 1.216 -0.138 0.019 0.113 0.189 0.109 0 0.144 -0.043 0
0 0.628 -1.926 -0.138 2.159 -0.007 -0.202 -0.01 -0.491 0 -0.418 0.458 0
0 0.09 0.003 0.019 -0.007 2.263 0.005 0.017 -0.004 0 0.003 0 0
0 -0.001 -0.181 0.113 -0.202 0.005 7.272 -0.023 -0.039 0 0.021 -0.108 0
0 0.319 -0.428 0.189 -0.01 0.017 -0.023 4.965 -0.101 0 0.014 0.009 0
0 -0.027 -0.315 0.109 -0.491 -0.004 -0.039 -0.101 7.301 0 -0.033 -0.263 0
0.595 0 0 0 0 0 0 0 0 12.141 0 0 1.088
0 0.399 0.001 0.144 -0.418 0.003 0.021 0.014 -0.033 0 4.547 -0.206 0
0 0.346 -1.054 -0.043 0.458 0 -0.108 0.009 -0.263 0 -0.206 2.209 0
-1.08 0 0 0 0 0 0 0 0 1.088 0 0 28.083

 Mean vectors and covariance matrices after rotation --- 3th cluster >>

 mean vector (mu'=Q*mu)>>
2.601 0.177 4.893 -9.281 0.014 0.201 0.72 1.072 1.41 3.378 1.89 0.015 1.899

 covariance matrix (Sigma'=Q*Sigma*t(Q))>>

25.913 0 0 0 0 0 0 0 0 0.595 0 0 -1.08
0 13.889 0.372 0.154 -0.27 -0.257 -0.31 0.308 0.138 0 0.217 -0.106 0
0 0.372 7.547 0.115 -0.725 0.304 1.147 1.842 -0.189 0 -1.128 -1.064 0
0 0.154 0.115 5.569 0.157 0.383 0.58 0.44 0.207 0 -0.497 -0.107 0
0 -0.27 -0.725 0.157 6.606 0.003 -0.762 -0.263 0.625 0 -0.62 0.545 0
0 -0.257 0.304 0.383 0.003 8.496 -0.807 0.263 0.65 0 -0.006 0.222 0
0 -0.31 1.147 0.58 -0.762 -0.807 10.859 1.009 0.628 0 0.563 -0.238 0
0 0.308 1.842 0.44 -0.263 0.263 1.009 2.454 0.119 0 0.576 -0.436 0
0 0.138 -0.189 0.207 0.625 0.65 0.628 0.119 3.95 0 -0.829 0.213 0
0.595 0 0 0 0 0 0 0 0 12.141 0 0 1.088
0 0.217 -1.128 -0.497 -0.62 -0.006 0.563 0.576 -0.829 0 10.037 -0.732 0
0 -0.106 -1.064 -0.107 0.545 0.222 -0.238 -0.436 0.213 0 -0.732 3.107 0
-1.08 0 0 0 0 0 0 0 0 1.088 0 0 28.083

 Final eigenvalues for each cluster >> 
 (rows correspond to clusters)
28.566 25.536 12.035 9.338 7.489 7.431 6.618 4.8 4.628 2.334 2.165 1.975 1.516
28.566 25.536 12.035 8.623 7.388 7.288 6.71 4.91 4.535 2.261 1.948 1.355 1.032
28.566 25.536 13.971 12.035 11.981 10.669 8.789 7.74 6.097 5.389 3.522 2.691 1.664

 theoretical Separation index matrix >>

-1 0.21 0.21
0.21 -1 0.297
0.21 0.297 -1

 theoretical projection directions >>

**** cluster 1 and 2
0 -0.055 0.165 0.725 0.152 0.062 0.053 0.176 0.317 0 0.53 -0.033 0

**** cluster 1 and 3
0 0.007 0.443 -0.658 0.042 0.022 0.039 0.147 0.49 0 0.324 0.017 0

**** cluster 2 and 3
0 0.061 0.128 -0.987 0.03 0.022 0.017 0.009 -0.012 0 -0.053 0.01 0

 empirical Separation index matrix (alpha= 0.05 )>>

-1 0.258 0.224
0.258 -1 0.295
0.224 0.295 -1

 empirical projection directions >>

**** cluster 1 and 2
0.039 0.018 0.215 0.7 0.251 0.108 0.065 0.192 0.291 -0.023 0.481 -0.166 -0.036

**** cluster 1 and 3
0.078 -0.06 0.383 -0.619 0.032 0.112 0.018 0.262 0.508 0.002 0.343 -0.046 0.032

**** cluster 2 and 3
0.075 0.019 0.09 -0.969 0.01 0.003 -0.026 0.036 -0.016 0.016 -0.066 0.198 0.023
