
 Log information for the data set datasetJHG5v2nv10out0_2.dat >>

 alpha = 0.05 sepVal = 0.34

 Number of clusters >> 5

 cluster sizes >>
50 50 50 50 50

 Number of data points >> 250

 Number of dimensions >> 12

 Number of noisy dimensions >> 10

 noisy variables >>
1 2 3 4 5 6 7 9 11 12

 Number of outliers >> 0

 initial eigenvalues for each cluster >> 
 (rows correspond to clusters)
4.145 4.167
6.217 7.616
9.818 3.602
5.552 5.306
8.816 2.448

 Mean vectors and covariance matrices before rotation --- 1th cluster >>

 mean vector (mu'=Q*mu)>>
-10.803 0 7.77 8.518 10.244 7.998 10.739 8.336 9.744 9.8 7.774 10.102

 covariance matrix (Sigma'=Q*Sigma*t(Q))>>

7.099 -0.018 0 0 0 0 0 0 0 0 0 0
-0.018 7.088 0 0 0 0 0 0 0 0 0 0
0 0 163.22 -3.467 -3.004 -3.779 4.6 -2.416 0.79 -8.942 -17.468 -7.922
0 0 -3.467 211.84 -1.144 -1.521 -0.894 -0.224 -0.715 -2.017 -2.285 -1.682
0 0 -3.004 -1.144 160.379 -3.646 -1.391 -0.742 -1.431 -5.269 -6.779 -4.445
0 0 -3.779 -1.521 -3.646 157.668 -1.811 -0.987 -1.881 -6.975 -9 -5.886
0 0 4.6 -0.894 -1.391 -1.811 136.751 -0.604 -0.386 -3.114 -4.858 -2.681
0 0 -2.416 -0.224 -0.742 -0.987 -0.604 224.822 -0.473 -1.295 -1.442 -1.078
0 0 0.79 -0.715 -1.431 -1.881 -0.386 -0.473 147.718 -2.909 -4.069 -2.474
0 0 -8.942 -2.017 -5.269 -6.975 -3.114 -1.295 -2.909 162.528 -12.185 -8.254
0 0 -17.468 -2.285 -6.779 -9 -4.858 -1.442 -4.069 -12.185 179.468 -10.19
0 0 -7.922 -1.682 -4.445 -5.886 -2.681 -1.078 -2.474 -8.254 -10.19 166.973

 Mean vectors and covariance matrices before rotation --- 2th cluster >>

 mean vector (mu'=Q*mu)>>
10.803 0 7.77 8.518 10.244 7.998 10.739 8.336 9.744 9.8 7.774 10.102

 covariance matrix (Sigma'=Q*Sigma*t(Q))>>

6.925 -0.7 0 0 0 0 0 0 0 0 0 0
-0.7 6.908 0 0 0 0 0 0 0 0 0 0
0 0 163.22 -3.467 -3.004 -3.779 4.6 -2.416 0.79 -8.942 -17.468 -7.922
0 0 -3.467 211.84 -1.144 -1.521 -0.894 -0.224 -0.715 -2.017 -2.285 -1.682
0 0 -3.004 -1.144 160.379 -3.646 -1.391 -0.742 -1.431 -5.269 -6.779 -4.445
0 0 -3.779 -1.521 -3.646 157.668 -1.811 -0.987 -1.881 -6.975 -9 -5.886
0 0 4.6 -0.894 -1.391 -1.811 136.751 -0.604 -0.386 -3.114 -4.858 -2.681
0 0 -2.416 -0.224 -0.742 -0.987 -0.604 224.822 -0.473 -1.295 -1.442 -1.078
0 0 0.79 -0.715 -1.431 -1.881 -0.386 -0.473 147.718 -2.909 -4.069 -2.474
0 0 -8.942 -2.017 -5.269 -6.975 -3.114 -1.295 -2.909 162.528 -12.185 -8.254
0 0 -17.468 -2.285 -6.779 -9 -4.858 -1.442 -4.069 -12.185 179.468 -10.19
0 0 -7.922 -1.682 -4.445 -5.886 -2.681 -1.078 -2.474 -8.254 -10.19 166.973

 Mean vectors and covariance matrices before rotation --- 3th cluster >>

 mean vector (mu'=Q*mu)>>
0 18.71 7.77 8.518 10.244 7.998 10.739 8.336 9.744 9.8 7.774 10.102

 covariance matrix (Sigma'=Q*Sigma*t(Q))>>

8.274 2.686 0 0 0 0 0 0 0 0 0 0
2.686 5.146 0 0 0 0 0 0 0 0 0 0
0 0 163.22 -3.467 -3.004 -3.779 4.6 -2.416 0.79 -8.942 -17.468 -7.922
0 0 -3.467 211.84 -1.144 -1.521 -0.894 -0.224 -0.715 -2.017 -2.285 -1.682
0 0 -3.004 -1.144 160.379 -3.646 -1.391 -0.742 -1.431 -5.269 -6.779 -4.445
0 0 -3.779 -1.521 -3.646 157.668 -1.811 -0.987 -1.881 -6.975 -9 -5.886
0 0 4.6 -0.894 -1.391 -1.811 136.751 -0.604 -0.386 -3.114 -4.858 -2.681
0 0 -2.416 -0.224 -0.742 -0.987 -0.604 224.822 -0.473 -1.295 -1.442 -1.078
0 0 0.79 -0.715 -1.431 -1.881 -0.386 -0.473 147.718 -2.909 -4.069 -2.474
0 0 -8.942 -2.017 -5.269 -6.975 -3.114 -1.295 -2.909 162.528 -12.185 -8.254
0 0 -17.468 -2.285 -6.779 -9 -4.858 -1.442 -4.069 -12.185 179.468 -10.19
0 0 -7.922 -1.682 -4.445 -5.886 -2.681 -1.078 -2.474 -8.254 -10.19 166.973

 Mean vectors and covariance matrices before rotation --- 4th cluster >>

 mean vector (mu'=Q*mu)>>
32.408 0 7.77 8.518 10.244 7.998 10.739 8.336 9.744 9.8 7.774 10.102

 covariance matrix (Sigma'=Q*Sigma*t(Q))>>

7.849 0.177 0 0 0 0 0 0 0 0 0 0
0.177 7.901 0 0 0 0 0 0 0 0 0 0
0 0 163.22 -3.467 -3.004 -3.779 4.6 -2.416 0.79 -8.942 -17.468 -7.922
0 0 -3.467 211.84 -1.144 -1.521 -0.894 -0.224 -0.715 -2.017 -2.285 -1.682
0 0 -3.004 -1.144 160.379 -3.646 -1.391 -0.742 -1.431 -5.269 -6.779 -4.445
0 0 -3.779 -1.521 -3.646 157.668 -1.811 -0.987 -1.881 -6.975 -9 -5.886
0 0 4.6 -0.894 -1.391 -1.811 136.751 -0.604 -0.386 -3.114 -4.858 -2.681
0 0 -2.416 -0.224 -0.742 -0.987 -0.604 224.822 -0.473 -1.295 -1.442 -1.078
0 0 0.79 -0.715 -1.431 -1.881 -0.386 -0.473 147.718 -2.909 -4.069 -2.474
0 0 -8.942 -2.017 -5.269 -6.975 -3.114 -1.295 -2.909 162.528 -12.185 -8.254
0 0 -17.468 -2.285 -6.779 -9 -4.858 -1.442 -4.069 -12.185 179.468 -10.19
0 0 -7.922 -1.682 -4.445 -5.886 -2.681 -1.078 -2.474 -8.254 -10.19 166.973

 Mean vectors and covariance matrices before rotation --- 5th cluster >>

 mean vector (mu'=Q*mu)>>
21.605 18.71 7.77 8.518 10.244 7.998 10.739 8.336 9.744 9.8 7.774 10.102

 covariance matrix (Sigma'=Q*Sigma*t(Q))>>

5.214 3.156 0 0 0 0 0 0 0 0 0 0
3.156 6.05 0 0 0 0 0 0 0 0 0 0
0 0 163.22 -3.467 -3.004 -3.779 4.6 -2.416 0.79 -8.942 -17.468 -7.922
0 0 -3.467 211.84 -1.144 -1.521 -0.894 -0.224 -0.715 -2.017 -2.285 -1.682
0 0 -3.004 -1.144 160.379 -3.646 -1.391 -0.742 -1.431 -5.269 -6.779 -4.445
0 0 -3.779 -1.521 -3.646 157.668 -1.811 -0.987 -1.881 -6.975 -9 -5.886
0 0 4.6 -0.894 -1.391 -1.811 136.751 -0.604 -0.386 -3.114 -4.858 -2.681
0 0 -2.416 -0.224 -0.742 -0.987 -0.604 224.822 -0.473 -1.295 -1.442 -1.078
0 0 0.79 -0.715 -1.431 -1.881 -0.386 -0.473 147.718 -2.909 -4.069 -2.474
0 0 -8.942 -2.017 -5.269 -6.975 -3.114 -1.295 -2.909 162.528 -12.185 -8.254
0 0 -17.468 -2.285 -6.779 -9 -4.858 -1.442 -4.069 -12.185 179.468 -10.19
0 0 -7.922 -1.682 -4.445 -5.886 -2.681 -1.078 -2.474 -8.254 -10.19 166.973

 Final eigenvalues for each cluster >> 
 (rows correspond to clusters)
224.96 212.199 193.739 173.909 172.346 163.139 162.484 148.332 136.579 123.68 7.112 7.075
224.96 212.199 193.739 173.909 172.346 163.139 162.484 148.332 136.579 123.68 7.616 6.217
224.96 212.199 193.739 173.909 172.346 163.139 162.484 148.332 136.579 123.68 9.818 3.602
224.96 212.199 193.739 173.909 172.346 163.139 162.484 148.332 136.579 123.68 8.053 7.696
224.96 212.199 193.739 173.909 172.346 163.139 162.484 148.332 136.579 123.68 8.816 2.448

 *************************************************

 ********************* rotation ******************

 *************************************************


 The orthogonal matrix Q >>
0.645 0.764
0.764 -0.645

 Mean vectors and covariance matrices after rotation --- 1th cluster >>

 mean vector (mu'=Q*mu)>>
10.244 7.998 10.739 9.8 9.744 7.774 10.102 -6.967 8.336 -8.256 7.77 8.518

 covariance matrix (Sigma'=Q*Sigma*t(Q))>>

160.379 -3.646 -1.391 -5.269 -1.431 -6.779 -4.445 0 -0.742 0 -3.004 -1.144
-3.646 157.668 -1.811 -6.975 -1.881 -9 -5.886 0 -0.987 0 -3.779 -1.521
-1.391 -1.811 136.751 -3.114 -0.386 -4.858 -2.681 0 -0.604 0 4.6 -0.894
-5.269 -6.975 -3.114 162.528 -2.909 -12.185 -8.254 0 -1.295 0 -8.942 -2.017
-1.431 -1.881 -0.386 -2.909 147.718 -4.069 -2.474 0 -0.473 0 0.79 -0.715
-6.779 -9 -4.858 -12.185 -4.069 179.468 -10.19 0 -1.442 0 -17.468 -2.285
-4.445 -5.886 -2.681 -8.254 -2.474 -10.19 166.973 0 -1.078 0 -7.922 -1.682
0 0 0 0 0 0 0 7.075 0 0.002 0 0
-0.742 -0.987 -0.604 -1.295 -0.473 -1.442 -1.078 0 224.822 0 -2.416 -0.224
0 0 0 0 0 0 0 0.002 0 7.112 0 0
-3.004 -3.779 4.6 -8.942 0.79 -17.468 -7.922 0 -2.416 0 163.22 -3.467
-1.144 -1.521 -0.894 -2.017 -0.715 -2.285 -1.682 0 -0.224 0 -3.467 211.84

 Mean vectors and covariance matrices after rotation --- 2th cluster >>

 mean vector (mu'=Q*mu)>>
10.244 7.998 10.739 9.8 9.744 7.774 10.102 6.967 8.336 8.256 7.77 8.518

 covariance matrix (Sigma'=Q*Sigma*t(Q))>>

160.379 -3.646 -1.391 -5.269 -1.431 -6.779 -4.445 0 -0.742 0 -3.004 -1.144
-3.646 157.668 -1.811 -6.975 -1.881 -9 -5.886 0 -0.987 0 -3.779 -1.521
-1.391 -1.811 136.751 -3.114 -0.386 -4.858 -2.681 0 -0.604 0 4.6 -0.894
-5.269 -6.975 -3.114 162.528 -2.909 -12.185 -8.254 0 -1.295 0 -8.942 -2.017
-1.431 -1.881 -0.386 -2.909 147.718 -4.069 -2.474 0 -0.473 0 0.79 -0.715
-6.779 -9 -4.858 -12.185 -4.069 179.468 -10.19 0 -1.442 0 -17.468 -2.285
-4.445 -5.886 -2.681 -8.254 -2.474 -10.19 166.973 0 -1.078 0 -7.922 -1.682
0 0 0 0 0 0 0 6.225 0 -0.109 0 0
-0.742 -0.987 -0.604 -1.295 -0.473 -1.442 -1.078 0 224.822 0 -2.416 -0.224
0 0 0 0 0 0 0 -0.109 0 7.607 0 0
-3.004 -3.779 4.6 -8.942 0.79 -17.468 -7.922 0 -2.416 0 163.22 -3.467
-1.144 -1.521 -0.894 -2.017 -0.715 -2.285 -1.682 0 -0.224 0 -3.467 211.84

 Mean vectors and covariance matrices after rotation --- 3th cluster >>

 mean vector (mu'=Q*mu)>>
10.244 7.998 10.739 9.8 9.744 7.774 10.102 14.299 8.336 -12.067 7.77 8.518

 covariance matrix (Sigma'=Q*Sigma*t(Q))>>

160.379 -3.646 -1.391 -5.269 -1.431 -6.779 -4.445 0 -0.742 0 -3.004 -1.144
-3.646 157.668 -1.811 -6.975 -1.881 -9 -5.886 0 -0.987 0 -3.779 -1.521
-1.391 -1.811 136.751 -3.114 -0.386 -4.858 -2.681 0 -0.604 0 4.6 -0.894
-5.269 -6.975 -3.114 162.528 -2.909 -12.185 -8.254 0 -1.295 0 -8.942 -2.017
-1.431 -1.881 -0.386 -2.909 147.718 -4.069 -2.474 0 -0.473 0 0.79 -0.715
-6.779 -9 -4.858 -12.185 -4.069 179.468 -10.19 0 -1.442 0 -17.468 -2.285
-4.445 -5.886 -2.681 -8.254 -2.474 -10.19 166.973 0 -1.078 0 -7.922 -1.682
0 0 0 0 0 0 0 9.095 0 1.993 0 0
-0.742 -0.987 -0.604 -1.295 -0.473 -1.442 -1.078 0 224.822 0 -2.416 -0.224
0 0 0 0 0 0 0 1.993 0 4.325 0 0
-3.004 -3.779 4.6 -8.942 0.79 -17.468 -7.922 0 -2.416 0 163.22 -3.467
-1.144 -1.521 -0.894 -2.017 -0.715 -2.285 -1.682 0 -0.224 0 -3.467 211.84

 Mean vectors and covariance matrices after rotation --- 4th cluster >>

 mean vector (mu'=Q*mu)>>
10.244 7.998 10.739 9.8 9.744 7.774 10.102 20.901 8.336 24.767 7.77 8.518

 covariance matrix (Sigma'=Q*Sigma*t(Q))>>

160.379 -3.646 -1.391 -5.269 -1.431 -6.779 -4.445 0 -0.742 0 -3.004 -1.144
-3.646 157.668 -1.811 -6.975 -1.881 -9 -5.886 0 -0.987 0 -3.779 -1.521
-1.391 -1.811 136.751 -3.114 -0.386 -4.858 -2.681 0 -0.604 0 4.6 -0.894
-5.269 -6.975 -3.114 162.528 -2.909 -12.185 -8.254 0 -1.295 0 -8.942 -2.017
-1.431 -1.881 -0.386 -2.909 147.718 -4.069 -2.474 0 -0.473 0 0.79 -0.715
-6.779 -9 -4.858 -12.185 -4.069 179.468 -10.19 0 -1.442 0 -17.468 -2.285
-4.445 -5.886 -2.681 -8.254 -2.474 -10.19 166.973 0 -1.078 0 -7.922 -1.682
0 0 0 0 0 0 0 8.053 0 0.004 0 0
-0.742 -0.987 -0.604 -1.295 -0.473 -1.442 -1.078 0 224.822 0 -2.416 -0.224
0 0 0 0 0 0 0 0.004 0 7.696 0 0
-3.004 -3.779 4.6 -8.942 0.79 -17.468 -7.922 0 -2.416 0 163.22 -3.467
-1.144 -1.521 -0.894 -2.017 -0.715 -2.285 -1.682 0 -0.224 0 -3.467 211.84

 Mean vectors and covariance matrices after rotation --- 5th cluster >>

 mean vector (mu'=Q*mu)>>
10.244 7.998 10.739 9.8 9.744 7.774 10.102 28.233 8.336 4.444 7.77 8.518

 covariance matrix (Sigma'=Q*Sigma*t(Q))>>

160.379 -3.646 -1.391 -5.269 -1.431 -6.779 -4.445 0 -0.742 0 -3.004 -1.144
-3.646 157.668 -1.811 -6.975 -1.881 -9 -5.886 0 -0.987 0 -3.779 -1.521
-1.391 -1.811 136.751 -3.114 -0.386 -4.858 -2.681 0 -0.604 0 4.6 -0.894
-5.269 -6.975 -3.114 162.528 -2.909 -12.185 -8.254 0 -1.295 0 -8.942 -2.017
-1.431 -1.881 -0.386 -2.909 147.718 -4.069 -2.474 0 -0.473 0 0.79 -0.715
-6.779 -9 -4.858 -12.185 -4.069 179.468 -10.19 0 -1.442 0 -17.468 -2.285
-4.445 -5.886 -2.681 -8.254 -2.474 -10.19 166.973 0 -1.078 0 -7.922 -1.682
0 0 0 0 0 0 0 8.814 0 0.118 0 0
-0.742 -0.987 -0.604 -1.295 -0.473 -1.442 -1.078 0 224.822 0 -2.416 -0.224
0 0 0 0 0 0 0 0.118 0 2.45 0 0
-3.004 -3.779 4.6 -8.942 0.79 -17.468 -7.922 0 -2.416 0 163.22 -3.467
-1.144 -1.521 -0.894 -2.017 -0.715 -2.285 -1.682 0 -0.224 0 -3.467 211.84

 Final eigenvalues for each cluster >> 
 (rows correspond to clusters)
224.96 212.199 193.739 173.909 172.346 163.139 162.484 148.332 136.579 123.68 7.112 7.075
224.96 212.199 193.739 173.909 172.346 163.139 162.484 148.332 136.579 123.68 7.616 6.217
224.96 212.199 193.739 173.909 172.346 163.139 162.484 148.332 136.579 123.68 9.818 3.602
224.96 212.199 193.739 173.909 172.346 163.139 162.484 148.332 136.579 123.68 8.053 7.696
224.96 212.199 193.739 173.909 172.346 163.139 162.484 148.332 136.579 123.68 8.816 2.448

 theoretical Separation index matrix >>

-1 0.352 0.34 0.603 0.556
0.352 -1 0.408 0.34 0.34
0.34 0.408 -1 0.59 0.419
0.603 0.34 0.59 -1 0.425
0.556 0.34 0.419 0.425 -1

 theoretical projection directions >>

**** cluster 1 and 2
0 0 0 0 0 0 0 0.684 0 0.73 0 0

**** cluster 1 and 3
0 0 0 0 0 0 0 0.923 0 -0.384 0 0

**** cluster 1 and 4
0 0 0 0 0 0 0 0.637 0 0.771 0 0

**** cluster 1 and 5
0 0 0 0 0 0 0 0.862 0 0.506 0 0

**** cluster 2 and 3
0 0 0 0 0 0 0 0.356 0 -0.934 0 0

**** cluster 2 and 4
0 0 0 0 0 0 0 0.673 0 0.74 0 0

**** cluster 2 and 5
0 0 0 0 0 0 0 0.969 0 -0.247 0 0

**** cluster 3 and 4
0 0 0 0 0 0 0 -0.013 0 1 0 0

**** cluster 3 and 5
0 0 0 0 0 0 0 0.218 0 0.976 0 0

**** cluster 4 and 5
0 0 0 0 0 0 0 0.19 0 -0.982 0 0

 empirical Separation index matrix (alpha= 0.05 )>>

-1 0.379 0.572 0.634 0.367
0.379 -1 0.477 0.664 0.461
0.572 0.477 -1 0.492 0.425
0.634 0.664 0.492 -1 0.377
0.367 0.461 0.425 0.377 -1

 empirical projection directions >>

**** cluster 1 and 2
0.029 -0.011 0.003 -0.015 -0.069 -0.036 0.018 0.944 -0.009 -0.316 -0.005 -0.025

**** cluster 1 and 3
0.029 0.041 0.028 0.037 0.005 -0.004 -0.019 0.906 0.03 0.413 -0.059 0.006

**** cluster 1 and 4
0.016 0.018 -0.016 -0.017 0.013 0 -0.008 0.658 0.037 0.751 -0.013 -0.013

**** cluster 1 and 5
0.02 0.026 0.014 -0.016 0.023 -0.012 0.004 0.73 0.012 0.681 -0.016 -0.018

**** cluster 2 and 3
0.029 0.012 0.018 0.035 0.008 -0.011 -0.004 0.232 0.021 0.971 -0.025 -0.009

**** cluster 2 and 4
0.013 0.012 0.009 0.022 0.005 -0.018 0.003 -0.015 0.029 0.998 -0.02 -0.024

**** cluster 2 and 5
0.011 0.014 0 0.011 0.015 -0.011 -0.012 -0.359 0.021 0.932 -0.011 0.006

**** cluster 3 and 4
-0.003 -0.016 -0.014 0.009 0.003 -0.008 0.01 -0.244 0.01 0.969 0.001 -0.025

**** cluster 3 and 5
-0.01 -0.058 -0.038 -0.052 -0.042 -0.01 -0.003 -0.947 -0.003 0.302 0.054 0.013

**** cluster 4 and 5
-0.026 -0.019 0.009 -0.007 -0.046 -0.005 -0.003 -0.729 -0.015 -0.682 -0.005 0.026
