
 Log information for the data set datasetJHG2v10nv10out0_2.dat >>

 alpha = 0.05 sepVal = 0.34

 Number of clusters >> 2

 cluster sizes >>
50 50

 Number of data points >> 100

 Number of dimensions >> 20

 Number of noisy dimensions >> 10

 noisy variables >>
1 2 3 5 8 10 14 17 18 19

 Number of outliers >> 0

 initial eigenvalues for each cluster >> 
 (rows correspond to clusters)
2.555 1.587 9.999 3.9 5.936 5.374 5.185 8.706 9.285 2.367
3.145 8.692 8.339 8.764 1.545 7.54 6.301 4.502 4.72 1.822

 Mean vectors and covariance matrices before rotation --- 1th cluster >>

 mean vector (mu'=Q*mu)>>
-7.778 0 0 0 0 0 0 0 0 0 0 0 0 0 0 0 0 0 0 0

 covariance matrix (Sigma'=Q*Sigma*t(Q))>>

4.773 1.363 -0.488 0.015 -0.346 -0.331 -0.189 -2.195 -0.888 0.902 0 0 0 0 0 0 0 0 0 0
1.363 2.324 -0.162 0.018 -0.053 -0.003 0.015 -0.684 -0.286 0.537 0 0 0 0 0 0 0 0 0 0
-0.488 -0.162 9.918 -0.015 -0.143 -0.201 -0.138 -0.427 -0.16 -0.174 0 0 0 0 0 0 0 0 0 0
0.015 0.018 -0.015 3.9 -0.016 -0.019 -0.013 -0.072 -0.028 0.007 0 0 0 0 0 0 0 0 0 0
-0.346 -0.053 -0.143 -0.016 5.735 -0.267 -0.18 -0.715 -0.274 -0.112 0 0 0 0 0 0 0 0 0 0
-0.331 -0.003 -0.201 -0.019 -0.267 5.025 -0.233 -0.994 -0.383 -0.099 0 0 0 0 0 0 0 0 0 0
-0.189 0.015 -0.138 -0.013 -0.18 -0.233 5.029 -0.682 -0.263 -0.053 0 0 0 0 0 0 0 0 0 0
-2.195 -0.684 -0.427 -0.072 -0.715 -0.994 -0.682 6.487 -0.835 -0.774 0 0 0 0 0 0 0 0 0 0
-0.888 -0.286 -0.16 -0.028 -0.274 -0.383 -0.263 -0.835 8.971 -0.315 0 0 0 0 0 0 0 0 0 0
0.902 0.537 -0.174 0.007 -0.112 -0.099 -0.053 -0.774 -0.315 2.731 0 0 0 0 0 0 0 0 0 0
0 0 0 0 0 0 0 0 0 0 36.642 0.002 0.667 -5.446 -13.888 4.119 0.571 -1.056 -0.356 7.336
0 0 0 0 0 0 0 0 0 0 0.002 33.271 0.025 -1.486 -3.029 0.332 -0.287 -0.393 -0.15 0.873
0 0 0 0 0 0 0 0 0 0 0.667 0.025 24.882 -0.247 -0.691 0.25 0.061 -0.04 -0.012 0.423
0 0 0 0 0 0 0 0 0 0 -5.446 -1.486 -0.247 42.753 -6.544 -0.707 -1.655 -1.259 -0.506 0.058
0 0 0 0 0 0 0 0 0 0 -13.888 -3.029 -0.691 -6.544 55.669 -2.597 -3.533 -2.269 -0.931 -1.942
0 0 0 0 0 0 0 0 0 0 4.119 0.332 0.25 -0.707 -2.597 22.412 0.536 -0.028 0.009 2.13
0 0 0 0 0 0 0 0 0 0 0.571 -0.287 0.061 -1.655 -3.533 0.536 31.562 -0.416 -0.156 1.209
0 0 0 0 0 0 0 0 0 0 -1.056 -0.393 -0.04 -1.259 -2.269 -0.028 -0.416 39.604 -0.148 0.299
0 0 0 0 0 0 0 0 0 0 -0.356 -0.15 -0.012 -0.506 -0.931 0.009 -0.156 -0.148 38.633 0.149
0 0 0 0 0 0 0 0 0 0 7.336 0.873 0.423 0.058 -1.942 2.13 1.209 0.299 0.149 16.029

 Mean vectors and covariance matrices before rotation --- 2th cluster >>

 mean vector (mu'=Q*mu)>>
7.778 0 0 0 0 0 0 0 0 0 0 0 0 0 0 0 0 0 0 0

 covariance matrix (Sigma'=Q*Sigma*t(Q))>>

4.794 -0.062 -0.485 -1.552 0.457 -1.106 -0.72 -0.123 -0.06 0.828 0 0 0 0 0 0 0 0 0 0
-0.062 8.691 -0.01 -0.031 -0.004 -0.027 -0.024 -0.022 -0.006 -0.01 0 0 0 0 0 0 0 0 0 0
-0.485 -0.01 8.255 -0.253 -0.033 -0.216 -0.191 -0.178 -0.052 -0.074 0 0 0 0 0 0 0 0 0 0
-1.552 -0.031 -0.253 7.998 -0.111 -0.657 -0.586 -0.555 -0.161 -0.247 0 0 0 0 0 0 0 0 0 0
0.457 -0.004 -0.033 -0.111 1.626 -0.064 -0.019 0.062 0.014 0.153 0 0 0 0 0 0 0 0 0 0
-1.106 -0.027 -0.216 -0.657 -0.064 6.987 -0.481 -0.429 -0.125 -0.149 0 0 0 0 0 0 0 0 0 0
-0.72 -0.024 -0.191 -0.586 -0.019 -0.481 5.898 -0.327 -0.097 -0.059 0 0 0 0 0 0 0 0 0 0
-0.123 -0.022 -0.178 -0.555 0.062 -0.429 -0.327 4.309 -0.061 0.099 0 0 0 0 0 0 0 0 0 0
-0.06 -0.006 -0.052 -0.161 0.014 -0.125 -0.097 -0.061 4.701 0.022 0 0 0 0 0 0 0 0 0 0
0.828 -0.01 -0.074 -0.247 0.153 -0.149 -0.059 0.099 0.022 2.11 0 0 0 0 0 0 0 0 0 0
0 0 0 0 0 0 0 0 0 0 36.642 0.002 0.667 -5.446 -13.888 4.119 0.571 -1.056 -0.356 7.336
0 0 0 0 0 0 0 0 0 0 0.002 33.271 0.025 -1.486 -3.029 0.332 -0.287 -0.393 -0.15 0.873
0 0 0 0 0 0 0 0 0 0 0.667 0.025 24.882 -0.247 -0.691 0.25 0.061 -0.04 -0.012 0.423
0 0 0 0 0 0 0 0 0 0 -5.446 -1.486 -0.247 42.753 -6.544 -0.707 -1.655 -1.259 -0.506 0.058
0 0 0 0 0 0 0 0 0 0 -13.888 -3.029 -0.691 -6.544 55.669 -2.597 -3.533 -2.269 -0.931 -1.942
0 0 0 0 0 0 0 0 0 0 4.119 0.332 0.25 -0.707 -2.597 22.412 0.536 -0.028 0.009 2.13
0 0 0 0 0 0 0 0 0 0 0.571 -0.287 0.061 -1.655 -3.533 0.536 31.562 -0.416 -0.156 1.209
0 0 0 0 0 0 0 0 0 0 -1.056 -0.393 -0.04 -1.259 -2.269 -0.028 -0.416 39.604 -0.148 0.299
0 0 0 0 0 0 0 0 0 0 -0.356 -0.15 -0.012 -0.506 -0.931 0.009 -0.156 -0.148 38.633 0.149
0 0 0 0 0 0 0 0 0 0 7.336 0.873 0.423 0.058 -1.942 2.13 1.209 0.299 0.149 16.029

 Final eigenvalues for each cluster >> 
 (rows correspond to clusters)
65.099 46.716 39.978 38.691 33.589 31.789 26.696 24.839 21.052 13.009 9.999 9.285 8.705 5.936 5.373 5.185 3.9 2.555 2.367 1.587
65.099 46.716 39.978 38.691 33.589 31.789 26.696 24.839 21.052 13.009 8.764 8.692 8.339 7.54 6.301 4.72 4.502 3.145 1.822 1.545

 *************************************************

 ********************* rotation ******************

 *************************************************


 The orthogonal matrix Q >>
0.136 0.067 0.391 0.044 0.166 0.446 0.476 0.116 0.491 0.337
0.067 -0.996 0.023 0.003 0.01 0.026 0.028 0.007 0.029 0.02
0.391 0.023 -0.865 0.015 0.057 0.154 0.164 0.04 0.169 0.116
0.044 0.003 0.015 -0.998 0.006 0.017 0.019 0.005 0.019 0.013
0.166 0.01 0.057 0.006 -0.976 0.065 0.07 0.017 0.072 0.049
0.446 0.026 0.154 0.017 0.065 -0.825 0.187 0.045 0.193 0.132
0.476 0.028 0.164 0.019 0.07 0.187 -0.8 0.049 0.206 0.141
0.116 0.007 0.04 0.005 0.017 0.045 0.049 -0.988 0.05 0.034
0.491 0.029 0.169 0.019 0.072 0.193 0.206 0.05 -0.787 0.146
0.337 0.02 0.116 0.013 0.049 0.132 0.141 0.034 0.146 -0.9

 Mean vectors and covariance matrices after rotation --- 1th cluster >>

 mean vector (mu'=Q*mu)>>
0 0 0 -3.469 0 -2.622 -0.344 0 -3.044 0 -1.055 -3.821 -0.9 0 -3.705 -1.295 0 0 0 -0.523

 covariance matrix (Sigma'=Q*Sigma*t(Q))>>

36.642 0.667 -1.056 0 -5.446 0 0 0.002 0 4.119 0 0 0 -0.356 0 0 7.336 0.571 -13.888 0
0.667 24.882 -0.04 0 -0.247 0 0 0.025 0 0.25 0 0 0 -0.012 0 0 0.423 0.061 -0.691 0
-1.056 -0.04 39.604 0 -1.259 0 0 -0.393 0 -0.028 0 0 0 -0.148 0 0 0.299 -0.416 -2.269 0
0 0 0 5.467 0 -0.002 0.017 0 -0.526 0 0.265 -0.425 0.634 0 0.087 0.072 0 0 0 -0.489
-5.446 -0.247 -1.259 0 42.753 0 0 -1.486 0 -0.707 0 0 0 -0.506 0 0 0.058 -1.655 -6.544 0
0 0 0 -0.002 0 2.625 0.011 0 -0.628 0 0.749 -0.608 0.394 0 -0.064 0.055 0 0 0 0.134
0 0 0 0.017 0 0.011 3.903 0 -0.054 0 0.055 -0.041 0.088 0 0.011 0.015 0 0 0 -0.032
0.002 0.025 -0.393 0 -1.486 0 0 33.271 0 0.332 0 0 0 -0.15 0 0 0.873 -0.287 -3.029 0
0 0 0 -0.526 0 -0.628 -0.054 0 9.007 0 -1.78 -0.982 0.817 0 -0.619 -0.112 0 0 0 -0.695
4.119 0.25 -0.028 0 -0.707 0 0 0.332 0 22.412 0 0 0 0.009 0 0 2.13 0.536 -2.597 0
0 0 0 0.265 0 0.749 0.055 0 -1.78 0 4.944 -1.578 1.812 0 0.062 0.317 0 0 0 0.048
0 0 0 -0.425 0 -0.608 -0.041 0 -0.982 0 -1.578 8.342 0.82 0 -0.475 -0.099 0 0 0 -0.9
0 0 0 0.634 0 0.394 0.088 0 0.817 0 1.812 0.82 7.302 0 1.017 -0.063 0 0 0 -0.582
-0.356 -0.012 -0.148 0 -0.506 0 0 -0.15 0 0.009 0 0 0 38.633 0 0 0.149 -0.156 -0.931 0
0 0 0 0.087 0 -0.064 0.011 0 -0.619 0 0.062 -0.475 1.017 0 5.21 0.125 0 0 0 -0.526
0 0 0 0.072 0 0.055 0.015 0 -0.112 0 0.317 -0.099 -0.063 0 0.125 5.926 0 0 0 -0.207
7.336 0.423 0.299 0 0.058 0 0 0.873 0 2.13 0 0 0 0.149 0 0 16.029 1.209 -1.942 0
0.571 0.061 -0.416 0 -1.655 0 0 -0.287 0 0.536 0 0 0 -0.156 0 0 1.209 31.562 -3.533 0
-13.888 -0.691 -2.269 0 -6.544 0 0 -3.029 0 -2.597 0 0 0 -0.931 0 0 -1.942 -3.533 55.669 0
0 0 0 -0.489 0 0.134 -0.032 0 -0.695 0 0.048 -0.9 -0.582 0 -0.526 -0.207 0 0 0 2.168

 Mean vectors and covariance matrices after rotation --- 2th cluster >>

 mean vector (mu'=Q*mu)>>
0 0 0 3.469 0 2.622 0.344 0 3.044 0 1.055 3.821 0.9 0 3.705 1.295 0 0 0 0.523

 covariance matrix (Sigma'=Q*Sigma*t(Q))>>

36.642 0.667 -1.056 0 -5.446 0 0 0.002 0 4.119 0 0 0 -0.356 0 0 7.336 0.571 -13.888 0
0.667 24.882 -0.04 0 -0.247 0 0 0.025 0 0.25 0 0 0 -0.012 0 0 0.423 0.061 -0.691 0
-1.056 -0.04 39.604 0 -1.259 0 0 -0.393 0 -0.028 0 0 0 -0.148 0 0 0.299 -0.416 -2.269 0
0 0 0 7.35 0 -0.09 0.345 0 -0.379 0 -0.667 0.025 -0.17 0 -0.145 -0.045 0 0 0 -0.079
-5.446 -0.247 -1.259 0 42.753 0 0 -1.486 0 -0.707 0 0 0 -0.506 0 0 0.058 -1.655 -6.544 0
0 0 0 -0.09 0 1.992 0.489 0 -0.386 0 0.611 -0.101 0.238 0 -0.035 0.087 0 0 0 -0.082
0 0 0 0.345 0 0.489 8.194 0 0.579 0 0.952 0.918 -0.278 0 0.479 0.251 0 0 0 0.109
0.002 0.025 -0.393 0 -1.486 0 0 33.271 0 0.332 0 0 0 -0.15 0 0 0.873 -0.287 -3.029 0
0 0 0 -0.379 0 -0.386 0.579 0 7.69 0 -1.326 -0.449 -0.076 0 -0.411 -0.196 0 0 0 -0.129
4.119 0.25 -0.028 0 -0.707 0 0 0.332 0 22.412 0 0 0 0.009 0 0 2.13 0.536 -2.597 0
0 0 0 -0.667 0 0.611 0.952 0 -1.326 0 4.676 -0.211 0.409 0 -0.383 0.322 0 0 0 -0.269
0 0 0 0.025 0 -0.101 0.918 0 -0.449 0 -0.211 4.593 0.159 0 0.007 -0.058 0 0 0 -0.102
0 0 0 -0.17 0 0.238 -0.278 0 -0.076 0 0.409 0.159 4.419 0 -0.064 0.128 0 0 0 -0.011
-0.356 -0.012 -0.148 0 -0.506 0 0 -0.15 0 0.009 0 0 0 38.633 0 0 0.149 -0.156 -0.931 0
0 0 0 -0.145 0 -0.035 0.479 0 -0.411 0 -0.383 0.007 -0.064 0 6.201 -0.018 0 0 0 -0.087
0 0 0 -0.045 0 0.087 0.251 0 -0.196 0 0.322 -0.058 0.128 0 -0.018 1.589 0 0 0 -0.042
7.336 0.423 0.299 0 0.058 0 0 0.873 0 2.13 0 0 0 0.149 0 0 16.029 1.209 -1.942 0
0.571 0.061 -0.416 0 -1.655 0 0 -0.287 0 0.536 0 0 0 -0.156 0 0 1.209 31.562 -3.533 0
-13.888 -0.691 -2.269 0 -6.544 0 0 -3.029 0 -2.597 0 0 0 -0.931 0 0 -1.942 -3.533 55.669 0
0 0 0 -0.079 0 -0.082 0.109 0 -0.129 0 -0.269 -0.102 -0.011 0 -0.087 -0.042 0 0 0 8.667

 Final eigenvalues for each cluster >> 
 (rows correspond to clusters)
65.099 46.716 39.978 38.691 33.589 31.789 26.696 24.839 21.052 13.009 9.999 9.285 8.705 5.936 5.373 5.185 3.9 2.555 2.367 1.587
65.099 46.716 39.978 38.691 33.589 31.789 26.696 24.839 21.052 13.009 8.764 8.692 8.339 7.54 6.301 4.72 4.502 3.145 1.822 1.545

 theoretical Separation index matrix >>

-1 0.34
0.34 -1

 theoretical projection directions >>

**** cluster 1 and 2
0 0 0 0.304 0 0.597 -0.092 0 0.338 0 0.253 0.416 -0.109 0 0.37 0.142 0 0 0 0.149

 empirical Separation index matrix (alpha= 0.05 )>>

-1 0.391
0.391 -1

 empirical projection directions >>

**** cluster 1 and 2
0.006 0.007 -0.016 -0.389 -0.003 -0.581 0.109 0.001 -0.374 -0.05 -0.153 -0.418 0.181 -0.058 -0.293 -0.032 0.038 -0.009 0.016 -0.182
