
 Log information for the data set datasetJHG2v10nv3out0_3.dat >>

 alpha = 0.05 sepVal = 0.34

 Number of clusters >> 2

 cluster sizes >>
50 50

 Number of data points >> 100

 Number of dimensions >> 13

 Number of noisy dimensions >> 3

 noisy variables >>
2 7 11

 Number of outliers >> 0

 initial eigenvalues for each cluster >> 
 (rows correspond to clusters)
3.756 2.193 5.24 1.289 7.531 9.974 4.175 3.349 8.271 3.354
1.751 1.046 7.52 4.389 3.205 8.465 9.01 1.059 1.414 2.881

 Mean vectors and covariance matrices before rotation --- 1th cluster >>

 mean vector (mu'=Q*mu)>>
-7.655 0 0 0 0 0 0 0 0 0 0 0 0

 covariance matrix (Sigma'=Q*Sigma*t(Q))>>

5.238 0.831 0 0.089 -0.294 -1.268 0.675 0.116 -1.435 0.829 0 0 0
0.831 2.536 0.014 0.034 -0.026 -0.231 0.457 0.058 -0.19 0.414 0 0 0
0 0.014 5.239 0.002 -0.016 -0.055 -0.009 0.001 -0.071 0.006 0 0 0
0.089 0.034 0.002 1.292 0 -0.014 0.051 0.006 -0.006 0.043 0 0 0
-0.294 -0.026 -0.016 0 7.433 -0.288 -0.221 -0.015 -0.406 -0.107 0 0 0
-1.268 -0.231 -0.055 -0.014 -0.288 9.2 -0.879 -0.071 -1.155 -0.51 0 0 0
0.675 0.457 -0.009 0.051 -0.221 -0.879 4.434 0.057 -1.04 0.41 0 0 0
0.116 0.058 0.001 0.006 -0.015 -0.071 0.057 3.358 -0.076 0.062 0 0 0
-1.435 -0.19 -0.071 -0.006 -0.406 -1.155 -1.04 -0.076 6.607 -0.547 0 0 0
0.829 0.414 0.006 0.043 -0.107 -0.51 0.41 0.062 -0.547 3.797 0 0 0
0 0 0 0 0 0 0 0 0 0 30.142 -8.232 10.674
0 0 0 0 0 0 0 0 0 0 -8.232 60.119 -1.185
0 0 0 0 0 0 0 0 0 0 10.674 -1.185 32.659

 Mean vectors and covariance matrices before rotation --- 2th cluster >>

 mean vector (mu'=Q*mu)>>
7.655 0 0 0 0 0 0 0 0 0 0 0 0

 covariance matrix (Sigma'=Q*Sigma*t(Q))>>

3.697 0.119 -1.871 -0.321 -0.042 -0.048 -1.83 0.968 0.161 0.059 0 0 0
0.119 1.053 -0.063 -0.006 0.007 -0.002 -0.064 0.052 0.009 0.011 0 0 0
-1.871 -0.063 6.3 -0.489 -0.515 -0.028 -1.024 -0.515 -0.114 -0.502 0 0 0
-0.321 -0.006 -0.489 4.231 -0.14 -0.012 -0.434 -0.05 -0.016 -0.128 0 0 0
-0.042 0.007 -0.515 -0.14 3.104 -0.013 -0.472 0.055 0.004 -0.083 0 0 0
-0.048 -0.002 -0.028 -0.012 -0.013 8.464 -0.023 -0.014 -0.003 -0.012 0 0 0
-1.83 -0.064 -1.024 -0.434 -0.472 -0.023 8.164 -0.527 -0.114 -0.466 0 0 0
0.968 0.052 -0.515 -0.05 0.055 -0.014 -0.527 1.483 0.074 0.091 0 0 0
0.161 0.009 -0.114 -0.016 0.004 -0.003 -0.114 0.074 1.427 0.011 0 0 0
0.059 0.011 -0.502 -0.128 -0.083 -0.012 -0.466 0.091 0.011 2.817 0 0 0
0 0 0 0 0 0 0 0 0 0 30.142 -8.232 10.674
0 0 0 0 0 0 0 0 0 0 -8.232 60.119 -1.185
0 0 0 0 0 0 0 0 0 0 10.674 -1.185 32.659

 Final eigenvalues for each cluster >> 
 (rows correspond to clusters)
62.761 40.255 19.903 9.974 8.271 7.531 5.24 4.175 3.756 3.354 3.349 2.193 1.289
62.761 40.255 19.903 9.01 8.465 7.52 4.389 3.205 2.881 1.751 1.414 1.059 1.046

 *************************************************

 ********************* rotation ******************

 *************************************************


 The orthogonal matrix Q >>
0.12 0.42 0.281 0.411 0.174 0.484 0.101 0.016 0.443 0.299
0.42 -0.842 0.106 0.154 0.065 0.182 0.038 0.006 0.166 0.112
0.281 0.106 -0.929 0.103 0.044 0.122 0.025 0.004 0.111 0.075
0.411 0.154 0.103 -0.849 0.064 0.178 0.037 0.006 0.163 0.11
0.174 0.065 0.044 0.064 -0.973 0.075 0.016 0.002 0.069 0.046
0.484 0.182 0.122 0.178 0.075 -0.791 0.043 0.007 0.191 0.129
0.101 0.038 0.025 0.037 0.016 0.043 -0.991 0.001 0.04 0.027
0.016 0.006 0.004 0.006 0.002 0.007 0.001 -1 0.006 0.004
0.443 0.166 0.111 0.163 0.069 0.191 0.04 0.006 -0.824 0.118
0.299 0.112 0.075 0.11 0.046 0.129 0.027 0.004 0.118 -0.92

 Mean vectors and covariance matrices after rotation --- 1th cluster >>

 mean vector (mu'=Q*mu)>>
-3.218 0 -1.334 -0.769 -0.918 -3.394 0 -2.286 -0.12 -3.703 0 -2.153 -3.15

 covariance matrix (Sigma'=Q*Sigma*t(Q))>>

2.351 0 -0.01 0.362 0.347 0.281 0 0.14 0.017 -0.378 0 -0.144 0.337
0 32.659 0 0 0 0 -1.185 0 0 0 10.674 0 0
-0.01 0 7.478 -0.239 -0.25 -0.114 0 -0.155 -0.028 -0.242 0 -0.02 0.216
0.362 0 -0.239 4.399 0.423 -0.981 0 0.309 0.046 -0.973 0 -0.081 0.073
0.347 0 -0.25 0.423 3.966 -0.174 0 0.105 0.009 -1.65 0 -0.416 0.903
0.281 0 -0.114 -0.981 -0.174 7.805 0 -0.364 -0.094 -0.544 0 0.208 0.964
0 -1.185 0 0 0 0 60.119 0 0 0 -8.232 0 0
0.14 0 -0.155 0.309 0.105 -0.364 0 3.501 0.028 -0.778 0 -0.202 0.119
0.017 0 -0.028 0.046 0.009 -0.094 0 0.028 3.355 -0.115 0 -0.027 -0.015
-0.378 0 -0.242 -0.973 -1.65 -0.544 0 -0.778 -0.115 9.107 0 -0.193 0.399
0 10.674 0 0 0 0 -8.232 0 0 0 30.142 0 0
-0.144 0 -0.02 -0.081 -0.416 0.208 0 -0.202 -0.027 -0.193 0 5.11 0.171
0.337 0 0.216 0.073 0.903 0.964 0 0.119 -0.015 0.399 0 0.171 2.062

 Mean vectors and covariance matrices after rotation --- 2th cluster >>

 mean vector (mu'=Q*mu)>>
3.218 0 1.334 0.769 0.918 3.394 0 2.286 0.12 3.703 0 2.153 3.15

 covariance matrix (Sigma'=Q*Sigma*t(Q))>>

1.562 0 0.223 0.863 0.75 0.478 0 0.275 -0.287 -0.682 0 0.781 0.277
0 32.659 0 0 0 0 -1.185 0 0 0 10.674 0 0
0.223 0 3.195 -0.086 0.232 0.204 0 0.03 -0.085 -0.289 0 -0.162 -0.018
0.863 0 -0.086 8.578 0.468 0.848 0 0.169 -0.578 0.741 0 -0.283 0.423
0.75 0 0.232 0.468 3.442 0.644 0 0.246 0.038 -2.698 0 -0.11 -0.279
0.478 0 0.204 0.848 0.644 1.85 0 0.241 -0.285 -0.8 0 0.73 0.216
0 -1.185 0 0 0 0 60.119 0 0 0 -8.232 0 0
0.275 0 0.03 0.169 0.246 0.241 0 2.935 -0.154 -0.609 0 0.031 -0.022
-0.287 0 -0.085 -0.578 0.038 -0.285 0 -0.154 1.457 -0.45 0 -0.723 -0.389
-0.682 0 -0.289 0.741 -2.698 -0.8 0 -0.609 -0.45 6.223 0 0.094 -0.927
0 10.674 0 0 0 0 -8.232 0 0 0 30.142 0 0
0.781 0 -0.162 -0.283 -0.11 0.73 0 0.031 -0.723 0.094 0 7.201 0.192
0.277 0 -0.018 0.423 -0.279 0.216 0 -0.022 -0.389 -0.927 0 0.192 4.296

 Final eigenvalues for each cluster >> 
 (rows correspond to clusters)
62.761 40.255 19.903 9.974 8.271 7.531 5.24 4.175 3.756 3.354 3.349 2.193 1.289
62.761 40.255 19.903 9.01 8.465 7.52 4.389 3.205 2.881 1.751 1.414 1.059 1.046

 theoretical Separation index matrix >>

-1 0.34
0.34 -1

 theoretical projection directions >>

**** cluster 1 and 2
0.632 0 0.117 -0.041 0.209 0.284 0 0.349 0.211 0.412 0 0.102 0.337

 empirical Separation index matrix (alpha= 0.05 )>>

-1 0.41
0.41 -1

 empirical projection directions >>

**** cluster 1 and 2
0.63 0.033 0.124 -0.059 0.117 0.419 -0.026 0.23 0.337 0.397 -0.001 0.064 0.254
