
 Log information for the data set datasetJHG2v5nv10out0_2.dat >>

 alpha = 0.05 sepVal = 0.34

 Number of clusters >> 2

 cluster sizes >>
50 50

 Number of data points >> 100

 Number of dimensions >> 15

 Number of noisy dimensions >> 10

 noisy variables >>
1 2 4 8 9 10 11 12 13 15

 Number of outliers >> 0

 initial eigenvalues for each cluster >> 
 (rows correspond to clusters)
4.056 6.892 2.263 6.063 1.631
7.223 3.722 6.023 8.942 4.77

 Mean vectors and covariance matrices before rotation --- 1th cluster >>

 mean vector (mu'=Q*mu)>>
-8.756 0 0 0 0 0 0 0 0 0 0 0 0 0 0

 covariance matrix (Sigma'=Q*Sigma*t(Q))>>

4.137 -1.435 1.008 -0.011 0.584 0 0 0 0 0 0 0 0 0 0
-1.435 5.968 -0.173 -0.008 -0.027 0 0 0 0 0 0 0 0 0 0
1.008 -0.173 2.936 0 0.341 0 0 0 0 0 0 0 0 0 0
-0.011 -0.008 0 6.063 0 0 0 0 0 0 0 0 0 0 0
0.584 -0.027 0.341 0 1.8 0 0 0 0 0 0 0 0 0 0
0 0 0 0 0 32.556 -4.176 -1.852 5.972 -1.816 2.798 -1.426 5.024 7.829 -7.218
0 0 0 0 0 -4.176 50.359 0.864 2.867 -0.259 1.067 0.325 1.826 2.931 -0.434
0 0 0 0 0 -1.852 0.864 42.258 7.891 -0.133 2.677 1.848 4.474 7.286 1.671
0 0 0 0 0 5.972 2.867 7.891 34.749 0.325 3.982 3.794 6.546 10.77 5.277
0 0 0 0 0 -1.816 -0.259 -0.133 0.325 63.287 0.157 -0.096 0.284 0.441 -0.448
0 0 0 0 0 2.798 1.067 2.677 3.982 0.157 15.275 1.302 2.044 3.374 1.952
0 0 0 0 0 -1.426 0.325 1.848 3.794 -0.096 1.302 41.117 2.182 3.547 0.644
0 0 0 0 0 5.024 1.826 4.474 6.546 0.284 2.044 2.182 14.439 5.513 3.335
0 0 0 0 0 7.829 2.931 7.286 10.77 0.441 3.374 3.547 5.513 22.07 5.357
0 0 0 0 0 -7.218 -0.434 1.671 5.277 -0.448 1.952 0.644 3.335 5.357 49.37

 Mean vectors and covariance matrices before rotation --- 2th cluster >>

 mean vector (mu'=Q*mu)>>
8.756 0 0 0 0 0 0 0 0 0 0 0 0 0 0

 covariance matrix (Sigma'=Q*Sigma*t(Q))>>

6.177 1.554 0.068 -1.638 0.65 0 0 0 0 0 0 0 0 0 0
1.554 5.566 0.425 0.284 1.068 0 0 0 0 0 0 0 0 0 0
0.068 0.425 6.086 -0.166 0.215 0 0 0 0 0 0 0 0 0 0
-1.638 0.284 -0.166 7.489 -0.035 0 0 0 0 0 0 0 0 0 0
0.65 1.068 0.215 -0.035 5.362 0 0 0 0 0 0 0 0 0 0
0 0 0 0 0 32.556 -4.176 -1.852 5.972 -1.816 2.798 -1.426 5.024 7.829 -7.218
0 0 0 0 0 -4.176 50.359 0.864 2.867 -0.259 1.067 0.325 1.826 2.931 -0.434
0 0 0 0 0 -1.852 0.864 42.258 7.891 -0.133 2.677 1.848 4.474 7.286 1.671
0 0 0 0 0 5.972 2.867 7.891 34.749 0.325 3.982 3.794 6.546 10.77 5.277
0 0 0 0 0 -1.816 -0.259 -0.133 0.325 63.287 0.157 -0.096 0.284 0.441 -0.448
0 0 0 0 0 2.798 1.067 2.677 3.982 0.157 15.275 1.302 2.044 3.374 1.952
0 0 0 0 0 -1.426 0.325 1.848 3.794 -0.096 1.302 41.117 2.182 3.547 0.644
0 0 0 0 0 5.024 1.826 4.474 6.546 0.284 2.044 2.182 14.439 5.513 3.335
0 0 0 0 0 7.829 2.931 7.286 10.77 0.441 3.374 3.547 5.513 22.07 5.357
0 0 0 0 0 -7.218 -0.434 1.671 5.277 -0.448 1.952 0.644 3.335 5.357 49.37

 Final eigenvalues for each cluster >> 
 (rows correspond to clusters)
63.396 62.514 50.638 50.029 40.281 38.223 22.306 14.025 12.964 11.103 6.892 6.063 4.056 2.263 1.631
63.396 62.514 50.638 50.029 40.281 38.223 22.306 14.025 12.964 11.103 8.942 7.223 6.023 4.77 3.722

 *************************************************

 ********************* rotation ******************

 *************************************************


 The orthogonal matrix Q >>
0.521 0.604 0.048 0.253 0.545
0.604 -0.76 0.019 0.101 0.216
0.048 0.019 -0.999 0.008 0.017
0.253 0.101 0.008 -0.958 0.091
0.545 0.216 0.017 0.091 -0.805

 Mean vectors and covariance matrices after rotation --- 1th cluster >>

 mean vector (mu'=Q*mu)>>
0 0 -4.566 0 -5.288 -0.416 -4.77 0 0 0 0 0 0 -2.219 0

 covariance matrix (Sigma'=Q*Sigma*t(Q))>>

42.258 7.286 0 -0.133 0 0 0 2.677 -1.852 0.864 4.474 7.891 1.671 0 1.848
7.286 22.07 0 0.441 0 0 0 3.374 7.829 2.931 5.513 10.77 5.357 0 3.547
0 0 3.695 0 -0.708 -0.579 0.63 0 0 0 0 0 0 -0.635 0
-0.133 0.441 0 63.287 0 0 0 0.157 -1.816 -0.259 0.284 0.325 -0.448 0 -0.096
0 0 -0.708 0 6.616 -0.775 0.314 0 0 0 0 0 0 -0.106 0
0 0 -0.579 0 -0.775 2.837 -0.221 0 0 0 0 0 0 -0.282 0
0 0 0.63 0 0.314 -0.221 1.89 0 0 0 0 0 0 -0.189 0
2.677 3.374 0 0.157 0 0 0 15.275 2.798 1.067 2.044 3.982 1.952 0 1.302
-1.852 7.829 0 -1.816 0 0 0 2.798 32.556 -4.176 5.024 5.972 -7.218 0 -1.426
0.864 2.931 0 -0.259 0 0 0 1.067 -4.176 50.359 1.826 2.867 -0.434 0 0.325
4.474 5.513 0 0.284 0 0 0 2.044 5.024 1.826 14.439 6.546 3.335 0 2.182
7.891 10.77 0 0.325 0 0 0 3.982 5.972 2.867 6.546 34.749 5.277 0 3.794
1.671 5.357 0 -0.448 0 0 0 1.952 -7.218 -0.434 3.335 5.277 49.37 0 0.644
0 0 -0.635 0 -0.106 -0.282 -0.189 0 0 0 0 0 0 5.867 0
1.848 3.547 0 -0.096 0 0 0 1.302 -1.426 0.325 2.182 3.794 0.644 0 41.117

 Mean vectors and covariance matrices after rotation --- 2th cluster >>

 mean vector (mu'=Q*mu)>>
0 0 4.566 0 5.288 0.416 4.77 0 0 0 0 0 0 2.219 0

 covariance matrix (Sigma'=Q*Sigma*t(Q))>>

42.258 7.286 0 -0.133 0 0 0 2.677 -1.852 0.864 4.474 7.891 1.671 0 1.848
7.286 22.07 0 0.441 0 0 0 3.374 7.829 2.931 5.513 10.77 5.357 0 3.547
0 0 7.526 0 -0.23 -0.293 0.257 0 0 0 0 0 0 0.749 0
-0.133 0.441 0 63.287 0 0 0 0.157 -1.816 -0.259 0.284 0.325 -0.448 0 -0.096
0 0 -0.23 0 3.938 0.209 0.082 0 0 0 0 0 0 0.845 0
0 0 -0.293 0 0.209 6.062 0.059 0 0 0 0 0 0 -0.159 0
0 0 0.257 0 0.082 0.059 4.908 0 0 0 0 0 0 0.674 0
2.677 3.374 0 0.157 0 0 0 15.275 2.798 1.067 2.044 3.982 1.952 0 1.302
-1.852 7.829 0 -1.816 0 0 0 2.798 32.556 -4.176 5.024 5.972 -7.218 0 -1.426
0.864 2.931 0 -0.259 0 0 0 1.067 -4.176 50.359 1.826 2.867 -0.434 0 0.325
4.474 5.513 0 0.284 0 0 0 2.044 5.024 1.826 14.439 6.546 3.335 0 2.182
7.891 10.77 0 0.325 0 0 0 3.982 5.972 2.867 6.546 34.749 5.277 0 3.794
1.671 5.357 0 -0.448 0 0 0 1.952 -7.218 -0.434 3.335 5.277 49.37 0 0.644
0 0 0.749 0 0.845 -0.159 0.674 0 0 0 0 0 0 8.247 0
1.848 3.547 0 -0.096 0 0 0 1.302 -1.426 0.325 2.182 3.794 0.644 0 41.117

 Final eigenvalues for each cluster >> 
 (rows correspond to clusters)
63.396 62.514 50.638 50.029 40.281 38.223 22.306 14.025 12.964 11.103 6.892 6.063 4.056 2.263 1.631
63.396 62.514 50.638 50.029 40.281 38.223 22.306 14.025 12.964 11.103 8.942 7.223 6.023 4.77 3.722

 theoretical Separation index matrix >>

-1 0.34
0.34 -1

 theoretical projection directions >>

**** cluster 1 and 2
0 0 0.454 0 0.534 0.165 0.681 0 0 0 0 0 0 0.134 0

 empirical Separation index matrix (alpha= 0.05 )>>

-1 0.431
0.431 -1

 empirical projection directions >>

**** cluster 1 and 2
-0.033 0.024 -0.447 0.005 -0.492 -0.083 -0.725 0.029 0.007 0.023 0.051 0.039 0.029 -0.135 0.01
