
 Log information for the data set datasetJMG5v10nv3out0_1.dat >>

 alpha = 0.05 sepVal = 0.21

 Number of clusters >> 5

 cluster sizes >>
50 50 50 50 50

 Number of data points >> 250

 Number of dimensions >> 13

 Number of noisy dimensions >> 3

 noisy variables >>
7 9 11

 Number of outliers >> 0

 initial eigenvalues for each cluster >> 
 (rows correspond to clusters)
9.816 6.832 4.368 9.091 3.013 3.616 8.587 5.851 4.727 7.485
8.64 6.369 8.729 1.602 7.795 3.903 2.291 4.524 3.027 1.777
9.221 8.92 7.336 4.533 6.819 6.152 1.518 4.796 1.426 8.881
6.104 8.741 6.927 2.998 5.94 2.515 9.436 2.712 5.818 1.739
8.112 3.466 8.849 6.204 1.697 4.191 5.671 6.365 7.172 2.475

 Mean vectors and covariance matrices before rotation --- 1th cluster >>

 mean vector (mu'=Q*mu)>>
-8.302 0 0 0 0 0 0 0 0 0 2.509 3.798 4.756

 covariance matrix (Sigma'=Q*Sigma*t(Q))>>

6.046 -0.284 0.573 -0.5 0.483 1.048 -0.482 0.124 0.485 -0.548 0 0 0
-0.284 7.443 0.71 0.015 0.448 1.076 0.069 0.473 0.686 0.394 0 0 0
0.573 0.71 4.985 0.132 0.361 0.893 0.184 0.47 0.611 0.543 0 0 0
-0.5 0.015 0.132 9.029 0.099 0.223 -0.055 0.055 0.119 -0.036 0 0 0
0.483 0.448 0.361 0.099 3.219 0.515 0.13 0.286 0.361 0.354 0 0 0
1.048 1.076 0.893 0.223 0.515 4.898 0.3 0.697 0.889 0.84 0 0 0
-0.482 0.069 0.184 -0.055 0.13 0.3 8.543 0.093 0.17 0.002 0 0 0
0.124 0.473 0.47 0.055 0.286 0.697 0.093 6.186 0.46 0.337 0 0 0
0.485 0.686 0.611 0.119 0.361 0.889 0.17 0.46 5.331 0.518 0 0 0
-0.548 0.394 0.543 -0.036 0.354 0.84 0.002 0.337 0.518 7.706 0 0 0
0 0 0 0 0 0 0 0 0 0 29.829 -1.712 -0.951
0 0 0 0 0 0 0 0 0 0 -1.712 31.536 -1.064
0 0 0 0 0 0 0 0 0 0 -0.951 -1.064 29.747

 Mean vectors and covariance matrices before rotation --- 2th cluster >>

 mean vector (mu'=Q*mu)>>
8.302 0 0 0 0 0 0 0 0 0 2.509 3.798 4.756

 covariance matrix (Sigma'=Q*Sigma*t(Q))>>

5.304 -0.313 -1.288 1.122 -1.005 0.054 0.625 0.398 0.339 1.672 0 0 0
-0.313 6.574 -0.13 0.628 0.005 0.045 0.377 0.451 0.229 0.951 0 0 0
-1.288 -0.13 8.241 0.411 -0.391 0.019 0.228 0.136 0.122 0.611 0 0 0
1.122 0.628 0.411 2.418 0.564 0.074 0.515 0.81 0.335 1.25 0 0 0
-1.005 0.005 -0.391 0.564 7.543 0.034 0.326 0.299 0.187 0.846 0 0 0
0.054 0.045 0.019 0.074 0.034 3.913 0.046 0.066 0.029 0.112 0 0 0
0.625 0.377 0.228 0.515 0.326 0.046 2.617 0.5 0.21 0.789 0 0 0
0.398 0.451 0.136 0.81 0.299 0.066 0.5 5.227 0.315 1.235 0 0 0
0.339 0.229 0.122 0.335 0.187 0.029 0.21 0.315 3.165 0.513 0 0 0
1.672 0.951 0.611 1.25 0.846 0.112 0.789 1.235 0.513 3.695 0 0 0
0 0 0 0 0 0 0 0 0 0 29.829 -1.712 -0.951
0 0 0 0 0 0 0 0 0 0 -1.712 31.536 -1.064
0 0 0 0 0 0 0 0 0 0 -0.951 -1.064 29.747

 Mean vectors and covariance matrices before rotation --- 3th cluster >>

 mean vector (mu'=Q*mu)>>
0 14.379 0 0 0 0 0 0 0 0 2.509 3.798 4.756

 covariance matrix (Sigma'=Q*Sigma*t(Q))>>

6.079 -0.747 -0.186 0.831 -0.019 0.175 1.994 0.508 1.024 -0.717 0 0 0
-0.747 8.746 -0.024 0.255 0.022 0.071 0.571 0.158 0.293 -0.167 0 0 0
-0.186 -0.024 7.444 0.389 0.157 0.181 0.689 0.253 0.352 -0.02 0 0 0
0.831 0.255 0.389 5.284 0.455 0.44 1.1 0.5 0.56 0.254 0 0 0
-0.019 0.022 0.157 0.455 7.028 0.227 0.767 0.297 0.392 0.026 0 0 0
0.175 0.071 0.181 0.44 0.227 6.386 0.705 0.29 0.36 0.072 0 0 0
1.994 0.571 0.689 1.1 0.767 0.705 2.981 0.742 0.744 0.563 0 0 0
0.508 0.158 0.253 0.5 0.297 0.29 0.742 5.129 0.378 0.158 0 0 0
1.024 0.293 0.352 0.56 0.392 0.36 0.744 0.378 1.804 0.289 0 0 0
-0.717 -0.167 -0.02 0.254 0.026 0.072 0.563 0.158 0.289 8.721 0 0 0
0 0 0 0 0 0 0 0 0 0 29.829 -1.712 -0.951
0 0 0 0 0 0 0 0 0 0 -1.712 31.536 -1.064
0 0 0 0 0 0 0 0 0 0 -0.951 -1.064 29.747

 Mean vectors and covariance matrices before rotation --- 4th cluster >>

 mean vector (mu'=Q*mu)>>
0 4.793 13.557 0 0 0 0 0 0 0 2.509 3.798 4.756

 covariance matrix (Sigma'=Q*Sigma*t(Q))>>

5.461 -1.205 -0.472 0.917 -0.117 1.064 -1.069 0.393 -0.106 1.171 0 0 0
-1.205 8.035 -0.443 -0.009 -0.297 0.046 -0.575 0.009 -0.381 0.116 0 0 0
-0.472 -0.443 6.706 0.182 -0.108 0.227 -0.379 0.082 -0.13 0.268 0 0 0
0.917 -0.009 0.182 3.611 0.253 0.649 -0.064 0.248 0.354 0.642 0 0 0
-0.117 -0.297 -0.108 0.253 5.923 0.291 -0.266 0.108 -0.01 0.317 0 0 0
1.064 0.046 0.227 0.649 0.291 3.198 -0.023 0.262 0.404 0.67 0 0 0
-1.069 -0.575 -0.379 -0.064 -0.266 -0.023 8.972 -0.016 -0.344 0.035 0 0 0
0.393 0.009 0.082 0.248 0.108 0.262 -0.016 2.812 0.15 0.258 0 0 0
-0.106 -0.381 -0.13 0.354 -0.01 0.404 -0.344 0.15 5.822 0.437 0 0 0
1.171 0.116 0.268 0.642 0.317 0.67 0.035 0.258 0.437 2.388 0 0 0
0 0 0 0 0 0 0 0 0 0 29.829 -1.712 -0.951
0 0 0 0 0 0 0 0 0 0 -1.712 31.536 -1.064
0 0 0 0 0 0 0 0 0 0 -0.951 -1.064 29.747

 Mean vectors and covariance matrices before rotation --- 5th cluster >>

 mean vector (mu'=Q*mu)>>
0 4.793 3.389 13.127 0 0 0 0 0 0 2.509 3.798 4.756

 covariance matrix (Sigma'=Q*Sigma*t(Q))>>

7.308 1.587 -0.394 -0.243 2.104 0.73 -0.014 -0.5 -0.021 0.921 0 0 0
1.587 7.05 0.065 0.644 1.674 1.122 0.767 0.989 0.016 0.83 0 0 0
-0.394 0.065 13.329 -0.035 0.105 0.022 -0.021 -0.062 -0.002 0.043 0 0 0
-0.243 0.644 -0.035 9.491 0.675 0.366 0.185 0.177 0.001 0.319 0 0 0
2.104 1.674 0.105 0.675 4.038 1.058 0.775 1.049 0.018 0.744 0 0 0
0.73 1.122 0.022 0.366 1.058 7.009 0.446 0.556 0.008 0.52 0 0 0
-0.014 0.767 -0.021 0.185 0.775 0.446 8.811 0.27 0.003 0.371 0 0 0
-0.5 0.989 -0.062 0.177 1.049 0.556 0.27 9.852 0.001 0.494 0 0 0
-0.021 0.016 -0.002 0.001 0.018 0.008 0.003 0.001 10.826 0.008 0 0 0
0.921 0.83 0.043 0.319 0.744 0.52 0.371 0.494 0.008 4.109 0 0 0
0 0 0 0 0 0 0 0 0 0 29.829 -1.712 -0.951
0 0 0 0 0 0 0 0 0 0 -1.712 31.536 -1.064
0 0 0 0 0 0 0 0 0 0 -0.951 -1.064 29.747

 Final eigenvalues for each cluster >> 
 (rows correspond to clusters)
32.662 30.656 27.794 9.816 9.091 8.587 7.485 6.832 5.851 4.727 4.368 3.616 3.013
32.662 30.656 27.794 8.736 8.647 7.802 6.374 4.527 3.906 3.03 2.293 1.778 1.603
32.662 30.656 27.794 9.221 8.92 8.881 7.336 6.819 6.152 4.796 4.533 1.518 1.426
32.662 30.656 27.794 9.436 8.741 6.927 6.104 5.94 5.818 2.998 2.712 2.515 1.739
32.662 30.656 27.794 13.359 12.246 10.826 9.608 9.365 8.561 6.327 5.232 3.736 2.562

 *************************************************

 ********************* rotation ******************

 *************************************************


 The orthogonal matrix Q >>
0.028 0.355 0.529 0.235 0.332 0.489 0.04 0.281 0.216 0.249
0.355 -0.877 0.183 0.081 0.115 0.169 0.014 0.097 0.075 0.086
0.529 0.183 -0.728 0.121 0.171 0.251 0.021 0.144 0.111 0.128
0.235 0.081 0.121 -0.946 0.076 0.112 0.009 0.064 0.049 0.057
0.332 0.115 0.171 0.076 -0.893 0.158 0.013 0.091 0.07 0.08
0.489 0.169 0.251 0.112 0.158 -0.767 0.019 0.134 0.103 0.118
0.04 0.014 0.021 0.009 0.013 0.019 -0.998 0.011 0.008 0.01
0.281 0.097 0.144 0.064 0.091 0.134 0.011 -0.923 0.059 0.068
0.216 0.075 0.111 0.049 0.07 0.103 0.008 0.059 -0.955 0.052
0.249 0.086 0.128 0.057 0.08 0.118 0.01 0.068 0.052 -0.94

 Mean vectors and covariance matrices after rotation --- 1th cluster >>

 mean vector (mu'=Q*mu)>>
-2.951 -1.949 -0.232 -2.333 -0.333 -4.388 4.756 -4.06 2.509 -2.753 3.798 -2.067 -1.794

 covariance matrix (Sigma'=Q*Sigma*t(Q))>>

6.824 -0.168 -0.689 0.01 0.074 0.193 0 0.243 0 0.249 0 0.011 0.046
-0.168 9.056 -0.117 -0.072 -0.026 0.125 0 -0.018 0 0.177 0 -0.132 -0.167
-0.689 -0.117 8.877 -0.118 -0.31 1.134 0 0.545 0 1.2 0 -0.686 -0.522
0.01 -0.072 -0.118 5.842 0.1 0.101 0 0.076 0 0.154 0 0.053 -0.029
0.074 -0.026 -0.31 0.1 8.552 0.238 0 0.309 0 0.178 0 0.012 0.144
0.193 0.125 1.134 0.101 0.238 4.814 0 0.209 0 0.441 0 0.256 -0.095
0 0 0 0 0 0 29.747 0 -0.951 0 -1.064 0 0
0.243 -0.018 0.545 0.076 0.309 0.209 0 3.779 0 0.259 0 0.326 0.021
0 0 0 0 0 0 -0.951 0 29.829 0 -1.712 0 0
0.249 0.177 1.2 0.154 0.178 0.441 0 0.259 0 3.387 0 0.262 -0.006
0 0 0 0 0 0 -1.064 0 -1.712 0 31.536 0 0
0.011 -0.132 -0.686 0.053 0.012 0.256 0 0.326 0 0.262 0 7.473 0.101
0.046 -0.167 -0.522 -0.029 0.144 -0.095 0 0.021 0 -0.006 0 0.101 4.782

 Mean vectors and covariance matrices after rotation --- 2th cluster >>

 mean vector (mu'=Q*mu)>>
2.951 1.949 0.232 2.333 0.333 4.388 4.756 4.06 2.509 2.753 3.798 2.067 1.794

 covariance matrix (Sigma'=Q*Sigma*t(Q))>>

6.318 -0.003 -0.321 -0.033 -0.118 -0.304 0 0.185 0 -0.021 0 -0.139 0.069
-0.003 1.697 -0.218 0.126 0.136 -0.391 0 -0.469 0 0.115 0 0.207 -0.051
-0.321 -0.218 7.403 -0.423 -0.724 -0.7 0 1.469 0 -0.397 0 -0.968 0.324
-0.033 0.126 -0.423 4.622 0.077 -0.42 0 -0.21 0 0.015 0 0.176 0.018
-0.118 0.136 -0.724 0.077 2.508 -0.485 0 -0.58 0 -0.112 0 0.34 -0.092
-0.304 -0.391 -0.7 -0.42 -0.485 8.29 0 0.513 0 -0.237 0 -0.865 0.012
0 0 0 0 0 0 29.747 0 -0.951 0 -1.064 0 0
0.185 -0.469 1.469 -0.21 -0.58 0.513 0 4.784 0 0.457 0 -1.043 0.11
0 0 0 0 0 0 -0.951 0 29.829 0 -1.712 0 0
-0.021 0.115 -0.397 0.015 -0.112 -0.237 0 0.457 0 7.717 0 -0.022 0.168
0 0 0 0 0 0 -1.064 0 -1.712 0 31.536 0 0
-0.139 0.207 -0.968 0.176 0.34 -0.865 0 -1.043 0 -0.022 0 2.293 -0.153
0.069 -0.051 0.324 0.018 -0.092 0.012 0 0.11 0 0.168 0 -0.153 3.066

 Mean vectors and covariance matrices after rotation --- 3th cluster >>

 mean vector (mu'=Q*mu)>>
-12.612 1.167 5.111 1.397 0.2 2.628 4.756 2.432 2.509 1.649 3.798 1.238 1.075

 covariance matrix (Sigma'=Q*Sigma*t(Q))>>

8.802 -0.213 -0.286 -0.029 -0.743 -0.075 0 0.03 0 -0.089 0 -0.069 0.035
-0.213 4.64 -0.327 -0.023 0.175 -0.396 0 -0.282 0 -0.09 0 -0.036 0.082
-0.286 -0.327 8.273 0.202 -1.773 0.109 0 0.467 0 -0.064 0 -0.227 0.458
-0.029 -0.023 0.202 4.798 -0.324 -0.132 0 -0.061 0 -0.007 0 0.073 0.033
-0.743 0.175 -1.773 -0.324 2.684 -1.281 0 -1.116 0 -0.478 0 -0.351 -0.089
-0.075 -0.396 0.109 -0.132 -1.281 7.167 0 -0.065 0 -0.135 0 0.031 -0.114
0 0 0 0 0 0 29.747 0 -0.951 0 -1.064 0 0
0.03 -0.282 0.467 -0.061 -1.116 -0.065 0 6.168 0 -0.037 0 0.124 -0.067
0 0 0 0 0 0 -0.951 0 29.829 0 -1.712 0 0
-0.089 -0.09 -0.064 -0.007 -0.478 -0.135 0 -0.037 0 6.77 0 0.001 0.051
0 0 0 0 0 0 -1.064 0 -1.712 0 31.536 0 0
-0.069 -0.036 -0.227 0.073 -0.351 0.031 0 0.124 0 0.001 0 8.83 0.143
0.035 0.082 0.458 0.033 -0.089 -0.114 0 -0.067 0 0.051 0 0.143 1.469

 Mean vectors and covariance matrices after rotation --- 4th cluster >>

 mean vector (mu'=Q*mu)>>
-1.726 2.025 8.869 2.425 0.346 -8.997 4.756 4.219 2.509 2.862 3.798 2.148 1.865

 covariance matrix (Sigma'=Q*Sigma*t(Q))>>

8.674 -0.201 -0.19 0.312 0.004 0.08 0 0.345 0 0.012 0 -0.083 -0.204
-0.201 3.079 -0.188 -0.037 0.249 -0.386 0 0.003 0 -0.116 0 0.08 0.098
-0.19 -0.188 5.988 0.61 0.512 -0.198 0 0.785 0 -0.001 0 0.011 -0.1
0.312 -0.037 0.61 2.891 0.42 0.194 0 0.22 0 0.163 0 -0.042 0.167
0.004 0.249 0.512 0.42 9.095 0.435 0 0.708 0 0.242 0 0.368 -0.015
0.08 -0.386 -0.198 0.194 0.435 6.849 0 0.085 0 -0.047 0 -0.327 -0.126
0 0 0 0 0 0 29.747 0 -0.951 0 -1.064 0 0
0.345 0.003 0.785 0.22 0.708 0.085 0 2.813 0 0.175 0 -0.01 0.295
0 0 0 0 0 0 -0.951 0 29.829 0 -1.712 0 0
0.012 -0.116 -0.001 0.163 0.242 -0.047 0 0.175 0 5.942 0 -0.07 -0.02
0 0 0 0 0 0 -1.064 0 -1.712 0 31.536 0 0
-0.083 0.08 0.011 -0.042 0.368 -0.327 0 -0.01 0 -0.07 0 1.795 0.168
-0.204 0.098 -0.1 0.167 -0.015 -0.126 0 0.295 0 -0.02 0 0.168 5.802

 Mean vectors and covariance matrices after rotation --- 5th cluster >>

 mean vector (mu'=Q*mu)>>
-2.519 -11.625 6.576 1.798 0.257 -0.008 4.756 3.129 2.509 2.122 3.798 1.593 1.383

 covariance matrix (Sigma'=Q*Sigma*t(Q))>>

5.584 0.09 0.198 0.29 0.388 -1.372 0 0.09 0 0.376 0 0.199 -0.433
0.09 9.399 0.037 0.043 -0.019 -0.368 0 0.254 0 0.205 0 0.193 -0.043
0.198 0.037 11.533 -0.267 -0.787 -0.313 0 1.666 0 1.011 0 1.093 0.413
0.29 0.043 -0.267 9.663 0.022 -0.514 0 0.374 0 0.452 0 0.317 -0.074
0.388 -0.019 -0.787 0.022 8.744 -0.501 0 0.036 0 0.43 0 0.151 -0.177
-1.372 -0.368 -0.313 -0.514 -0.501 12.296 0 -0.491 0 -1.131 0 -0.375 -0.218
0 0 0 0 0 0 29.747 0 -0.951 0 -1.064 0 0
0.09 0.254 1.666 0.374 0.036 -0.491 0 6.944 0 0.192 0 0.342 -0.011
0 0 0 0 0 0 -0.951 0 29.829 0 -1.712 0 0
0.376 0.205 1.011 0.452 0.43 -1.131 0 0.192 0 2.893 0 0.205 -0.358
0 0 0 0 0 0 -1.064 0 -1.712 0 31.536 0 0
0.199 0.193 1.093 0.317 0.151 -0.375 0 0.342 0 0.205 0 3.944 -0.066
-0.433 -0.043 0.413 -0.074 -0.177 -0.218 0 -0.011 0 -0.358 0 -0.066 10.822

 Final eigenvalues for each cluster >> 
 (rows correspond to clusters)
32.662 30.656 27.794 9.816 9.091 8.587 7.485 6.832 5.851 4.727 4.368 3.616 3.013
32.662 30.656 27.794 8.736 8.647 7.802 6.374 4.527 3.906 3.03 2.293 1.778 1.603
32.662 30.656 27.794 9.221 8.92 8.881 7.336 6.819 6.152 4.796 4.533 1.518 1.426
32.662 30.656 27.794 9.436 8.741 6.927 6.104 5.94 5.818 2.998 2.712 2.515 1.739
32.662 30.656 27.794 13.359 12.246 10.826 9.608 9.365 8.561 6.327 5.232 3.736 2.562

 theoretical Separation index matrix >>

-1 0.292 0.247 0.291 0.21
0.292 -1 0.218 0.21 0.288
0.247 0.218 -1 0.21 0.224
0.291 0.21 0.21 -1 0.233
0.21 0.288 0.224 0.233 -1

 theoretical projection directions >>

**** cluster 1 and 2
0.271 0.282 0.002 0.292 0.05 0.415 0 0.573 0 0.232 0 0.35 0.288

**** cluster 1 and 3
-0.459 0.184 0.155 0.259 0.124 0.432 0 0.483 0 0.284 0 0.13 0.362

**** cluster 1 and 4
0.045 0.216 0.335 0.299 -0.035 -0.292 0 0.677 0 0.296 0 0.279 0.199

**** cluster 1 and 5
0.009 -0.452 0.152 0.193 0.006 0.243 0 0.504 0 0.587 0 0.206 0.186

**** cluster 2 and 3
-0.895 -0.147 0.215 -0.099 -0.178 -0.143 0 -0.187 0 -0.066 0 -0.084 -0.151

**** cluster 2 and 4
-0.273 -0.081 0.528 -0.013 0.016 -0.787 0 -0.078 0 0.009 0 -0.12 -0.015

**** cluster 2 and 5
-0.266 -0.915 0.202 -0.006 0.02 -0.174 0 -0.13 0 -0.013 0 -0.038 -0.047

**** cluster 3 and 4
0.578 0.077 0.246 0.075 0.023 -0.75 0 0.124 0 0.081 0 0.068 0.065

**** cluster 3 and 5
0.58 -0.804 0.054 0.011 0.04 -0.102 0 0.027 0 0.017 0 0.02 0.039

**** cluster 4 and 5
-0.029 -0.932 -0.105 -0.032 0.011 0.341 0 -0.034 0 -0.014 0 0.027 -0.011

 empirical Separation index matrix (alpha= 0.05 )>>

-1 0.345 0.308 0.278 0.246
0.345 -1 0.354 0.347 0.212
0.308 0.354 -1 0.232 0.308
0.278 0.347 0.232 -1 0.327
0.246 0.212 0.308 0.327 -1

 empirical projection directions >>

**** cluster 1 and 2
0.918 0.115 -0.204 0.204 0.005 -0.016 -0.017 0.116 0.028 -0.031 0.093 0.144 0.126

**** cluster 1 and 3
0.695 -0.634 0.028 0.167 -0.036 -0.085 -0.082 0.084 -0.058 -0.217 0.085 0.016 -0.076

**** cluster 1 and 4
0.554 -0.234 -0.069 -0.073 -0.032 -0.494 0.001 -0.287 -0.048 -0.457 0.071 -0.114 -0.268

**** cluster 1 and 5
0.561 -0.199 -0.012 0.317 0.104 -0.688 0.006 0.132 -0.082 -0.147 0.032 0.098 0.063

**** cluster 2 and 3
-0.252 -0.897 0.163 -0.089 0.095 -0.086 -0.049 -0.154 0.013 0.093 -0.001 -0.165 -0.138

**** cluster 2 and 4
-0.418 -0.425 -0.034 -0.173 0.09 -0.359 0.016 -0.556 -0.035 -0.145 -0.032 -0.355 -0.136

**** cluster 2 and 5
-0.301 -0.106 0.388 -0.232 0.224 -0.765 -0.002 -0.191 -0.052 0.038 -0.007 0.111 0.078

**** cluster 3 and 4
-0.211 0.498 -0.217 -0.25 -0.093 -0.274 0.058 -0.336 -0.011 -0.571 0.041 -0.181 -0.195

**** cluster 3 and 5
-0.129 0.866 0.07 -0.1 0.06 -0.363 -0.001 0.036 -0.011 0.225 -0.036 -0.072 0.158

**** cluster 4 and 5
0.091 0.238 0.296 0.127 -0.065 -0.137 -0.032 0.531 -0.047 0.549 0.037 0.323 0.341
