
 Log information for the data set datasetJMG3v10nv10out0_1.dat >>

 alpha = 0.05 sepVal = 0.21

 Number of clusters >> 3

 cluster sizes >>
50 50 50

 Number of data points >> 150

 Number of dimensions >> 20

 Number of noisy dimensions >> 10

 noisy variables >>
1 2 3 7 8 9 10 11 16 20

 Number of outliers >> 0

 initial eigenvalues for each cluster >> 
 (rows correspond to clusters)
5.311 2.966 5.222 8.261 1.952 3.362 4.299 5.419 2.376 1.662
4.902 6.34 2.992 5.664 1.409 5.961 5.164 8.942 2.325 8.016
7.025 6.176 6.277 8.982 9.732 6.068 9.988 1.87 9.337 2.608

 Mean vectors and covariance matrices before rotation --- 1th cluster >>

 mean vector (mu'=Q*mu)>>
-7.422 0 0 0 0 0 0 0 0 0 4.089 3.519 0.691 2.837 0.192 0.757 2.462 1.702 2.602 0.388

 covariance matrix (Sigma'=Q*Sigma*t(Q))>>

7.558 0.307 -0.394 -2.643 1.768 0.09 -0.017 -0.126 1.568 2.82 0 0 0 0 0 0 0 0 0 0
0.307 6.498 0.036 -0.094 0.303 0.031 0.015 0.008 0.303 0.453 0 0 0 0 0 0 0 0 0 0
-0.394 0.036 11.268 -0.279 0.198 0.011 -0.001 -0.013 0.178 0.315 0 0 0 0 0 0 0 0 0 0
-2.643 -0.094 -0.279 17.007 -0.126 -0.052 -0.053 -0.08 -0.214 -0.113 0 0 0 0 0 0 0 0 0 0
1.768 0.303 0.198 -0.126 5.359 0.124 0.069 0.049 1.154 1.676 0 0 0 0 0 0 0 0 0 0
0.09 0.031 0.011 -0.052 0.124 7.291 0.006 0.002 0.123 0.187 0 0 0 0 0 0 0 0 0 0
-0.017 0.015 -0.001 -0.053 0.069 0.006 9.31 -0.001 0.066 0.106 0 0 0 0 0 0 0 0 0 0
-0.126 0.008 -0.013 -0.08 0.049 0.002 -0.001 11.729 0.043 0.079 0 0 0 0 0 0 0 0 0 0
1.568 0.303 0.178 -0.214 1.154 0.123 0.066 0.043 6.312 1.714 0 0 0 0 0 0 0 0 0 0
2.82 0.453 0.315 -0.113 1.676 0.187 0.106 0.079 1.714 6.071 0 0 0 0 0 0 0 0 0 0
0 0 0 0 0 0 0 0 0 0 26.227 4.268 0.109 -1.237 -4.467 -1.887 1.197 3.4 -0.481 -7.111
0 0 0 0 0 0 0 0 0 0 4.268 16.422 0.031 -0.531 -1.796 -0.83 0.334 1.143 -0.279 -2.851
0 0 0 0 0 0 0 0 0 0 0.109 0.031 21.41 -0.069 -0.177 -0.117 -0.04 0.001 -0.07 -0.276
0 0 0 0 0 0 0 0 0 0 -1.237 -0.531 -0.069 31.399 -1.485 -1.225 -0.844 -0.759 -0.88 -2.294
0 0 0 0 0 0 0 0 0 0 -4.467 -1.796 -0.177 -1.485 38.224 -2.676 -2.157 -2.231 -2.031 -4.562
0 0 0 0 0 0 0 0 0 0 -1.887 -0.83 -0.117 -1.225 -2.676 28.602 -1.441 -1.246 -1.539 -4.139
0 0 0 0 0 0 0 0 0 0 1.197 0.334 -0.04 -0.844 -2.157 -1.441 21.198 -0.032 -0.87 -3.371
0 0 0 0 0 0 0 0 0 0 3.4 1.143 0.001 -0.759 -2.231 -1.246 -0.032 18.297 -0.605 -3.516
0 0 0 0 0 0 0 0 0 0 -0.481 -0.279 -0.07 -0.88 -2.031 -1.539 -0.87 -0.605 25.666 -3.154
0 0 0 0 0 0 0 0 0 0 -7.111 -2.851 -0.276 -2.294 -4.562 -4.139 -3.371 -3.516 -3.154 35.151

 Mean vectors and covariance matrices before rotation --- 2th cluster >>

 mean vector (mu'=Q*mu)>>
7.422 0 0 0 0 0 0 0 0 0 4.089 3.519 0.691 2.837 0.192 0.757 2.462 1.702 2.602 0.388

 covariance matrix (Sigma'=Q*Sigma*t(Q))>>

5.08 -0.07 0.762 -0.223 0.136 -0.254 -0.022 -1.403 1.498 -1.15 0 0 0 0 0 0 0 0 0 0
-0.07 6.332 0.012 -0.038 0.004 -0.033 -0.018 -0.097 0.036 -0.086 0 0 0 0 0 0 0 0 0 0
0.762 0.012 3.484 0.164 0.07 0.097 0.138 -0.24 0.855 -0.136 0 0 0 0 0 0 0 0 0 0
-0.223 -0.038 0.164 5.491 0.037 -0.16 -0.066 -0.572 0.368 -0.493 0 0 0 0 0 0 0 0 0 0
0.136 0.004 0.07 0.037 1.418 0.025 0.026 -0.005 0.116 0.007 0 0 0 0 0 0 0 0 0 0
-0.254 -0.033 0.097 -0.16 0.025 5.816 -0.068 -0.465 0.239 -0.406 0 0 0 0 0 0 0 0 0 0
-0.022 -0.018 0.138 -0.066 0.026 -0.068 5.147 -0.311 0.281 -0.26 0 0 0 0 0 0 0 0 0 0
-1.403 -0.097 -0.24 -0.572 -0.005 -0.465 -0.311 7.992 -0.236 -0.903 0 0 0 0 0 0 0 0 0 0
1.498 0.036 0.855 0.368 0.116 0.239 0.281 -0.236 3.779 -0.073 0 0 0 0 0 0 0 0 0 0
-1.15 -0.086 -0.136 -0.493 0.007 -0.406 -0.26 -0.903 -0.073 7.173 0 0 0 0 0 0 0 0 0 0
0 0 0 0 0 0 0 0 0 0 26.227 4.268 0.109 -1.237 -4.467 -1.887 1.197 3.4 -0.481 -7.111
0 0 0 0 0 0 0 0 0 0 4.268 16.422 0.031 -0.531 -1.796 -0.83 0.334 1.143 -0.279 -2.851
0 0 0 0 0 0 0 0 0 0 0.109 0.031 21.41 -0.069 -0.177 -0.117 -0.04 0.001 -0.07 -0.276
0 0 0 0 0 0 0 0 0 0 -1.237 -0.531 -0.069 31.399 -1.485 -1.225 -0.844 -0.759 -0.88 -2.294
0 0 0 0 0 0 0 0 0 0 -4.467 -1.796 -0.177 -1.485 38.224 -2.676 -2.157 -2.231 -2.031 -4.562
0 0 0 0 0 0 0 0 0 0 -1.887 -0.83 -0.117 -1.225 -2.676 28.602 -1.441 -1.246 -1.539 -4.139
0 0 0 0 0 0 0 0 0 0 1.197 0.334 -0.04 -0.844 -2.157 -1.441 21.198 -0.032 -0.87 -3.371
0 0 0 0 0 0 0 0 0 0 3.4 1.143 0.001 -0.759 -2.231 -1.246 -0.032 18.297 -0.605 -3.516
0 0 0 0 0 0 0 0 0 0 -0.481 -0.279 -0.07 -0.88 -2.031 -1.539 -0.87 -0.605 25.666 -3.154
0 0 0 0 0 0 0 0 0 0 -7.111 -2.851 -0.276 -2.294 -4.562 -4.139 -3.371 -3.516 -3.154 35.151

 Mean vectors and covariance matrices before rotation --- 3th cluster >>

 mean vector (mu'=Q*mu)>>
0 12.856 0 0 0 0 0 0 0 0 4.089 3.519 0.691 2.837 0.192 0.757 2.462 1.702 2.602 0.388

 covariance matrix (Sigma'=Q*Sigma*t(Q))>>

5.791 -0.108 -0.12 -0.327 -0.967 -0.018 -0.592 2.208 -1.344 0.194 0 0 0 0 0 0 0 0 0 0
-0.108 6.313 0.087 -0.101 -0.323 0.055 -0.202 1.15 -0.434 0.105 0 0 0 0 0 0 0 0 0 0
-0.12 0.087 6.33 -0.08 -0.253 0.036 -0.157 0.852 -0.341 0.077 0 0 0 0 0 0 0 0 0 0
-0.327 -0.101 -0.08 8.931 -0.137 -0.033 -0.082 0.108 -0.198 0.008 0 0 0 0 0 0 0 0 0 0
-0.967 -0.323 -0.253 -0.137 9.364 -0.107 -0.219 0.165 -0.536 0.008 0 0 0 0 0 0 0 0 0 0
-0.018 0.055 0.036 -0.033 -0.107 6.089 -0.067 0.406 -0.143 0.037 0 0 0 0 0 0 0 0 0 0
-0.592 -0.202 -0.157 -0.082 -0.219 -0.067 9.857 0.077 -0.32 0.003 0 0 0 0 0 0 0 0 0 0
2.208 1.15 0.852 0.108 0.165 0.406 0.077 4.195 0.33 0.229 0 0 0 0 0 0 0 0 0 0
-1.344 -0.434 -0.341 -0.198 -0.536 -0.143 -0.32 0.33 8.56 0.021 0 0 0 0 0 0 0 0 0 0
0.194 0.105 0.077 0.008 0.008 0.037 0.003 0.229 0.021 2.63 0 0 0 0 0 0 0 0 0 0
0 0 0 0 0 0 0 0 0 0 26.227 4.268 0.109 -1.237 -4.467 -1.887 1.197 3.4 -0.481 -7.111
0 0 0 0 0 0 0 0 0 0 4.268 16.422 0.031 -0.531 -1.796 -0.83 0.334 1.143 -0.279 -2.851
0 0 0 0 0 0 0 0 0 0 0.109 0.031 21.41 -0.069 -0.177 -0.117 -0.04 0.001 -0.07 -0.276
0 0 0 0 0 0 0 0 0 0 -1.237 -0.531 -0.069 31.399 -1.485 -1.225 -0.844 -0.759 -0.88 -2.294
0 0 0 0 0 0 0 0 0 0 -4.467 -1.796 -0.177 -1.485 38.224 -2.676 -2.157 -2.231 -2.031 -4.562
0 0 0 0 0 0 0 0 0 0 -1.887 -0.83 -0.117 -1.225 -2.676 28.602 -1.441 -1.246 -1.539 -4.139
0 0 0 0 0 0 0 0 0 0 1.197 0.334 -0.04 -0.844 -2.157 -1.441 21.198 -0.032 -0.87 -3.371
0 0 0 0 0 0 0 0 0 0 3.4 1.143 0.001 -0.759 -2.231 -1.246 -0.032 18.297 -0.605 -3.516
0 0 0 0 0 0 0 0 0 0 -0.481 -0.279 -0.07 -0.88 -2.031 -1.539 -0.87 -0.605 25.666 -3.154
0 0 0 0 0 0 0 0 0 0 -7.111 -2.851 -0.276 -2.294 -4.562 -4.139 -3.371 -3.516 -3.154 35.151

 Final eigenvalues for each cluster >> 
 (rows correspond to clusters)
42.154 41.193 32.089 30.771 26.705 21.72 21.413 17.886 17.557 14.937 14.055 11.733 11.499 11.307 9.308 7.279 6.422 5.145 4.226 3.598
42.154 41.193 32.089 30.771 26.705 21.72 21.413 17.557 14.937 14.055 8.942 8.016 6.34 5.961 5.664 5.164 4.902 2.992 2.325 1.409
42.154 41.193 32.089 30.771 26.705 21.72 21.413 17.557 14.937 14.055 9.988 9.732 9.337 8.982 7.025 6.277 6.176 6.068 2.608 1.87

 *************************************************

 ********************* rotation ******************

 *************************************************


 The orthogonal matrix Q >>
0.435 0.168 0.521 0.376 0.013 0.027 0.222 0.27 0.477 0.139
0.168 -0.98 0.061 0.044 0.001 0.003 0.026 0.032 0.056 0.016
0.521 0.061 -0.811 0.136 0.005 0.01 0.081 0.098 0.173 0.05
0.376 0.044 0.136 -0.901 0.003 0.007 0.058 0.071 0.125 0.036
0.013 0.001 0.005 0.003 -1 0 0.002 0.002 0.004 0.001
0.027 0.003 0.01 0.007 0 -1 0.004 0.005 0.009 0.003
0.222 0.026 0.081 0.058 0.002 0.004 -0.966 0.042 0.074 0.021
0.27 0.032 0.098 0.071 0.002 0.005 0.042 -0.949 0.09 0.026
0.477 0.056 0.173 0.125 0.004 0.009 0.074 0.09 -0.842 0.046
0.139 0.016 0.05 0.036 0.001 0.003 0.021 0.026 0.046 -0.987

 Mean vectors and covariance matrices after rotation --- 1th cluster >>

 mean vector (mu'=Q*mu)>>
2.462 4.089 0.192 -3.231 -0.198 -3.864 2.837 0.388 1.702 0.691 3.519 -2.002 -1.029 -2.792 -1.651 0.757 -3.54 -1.249 -0.094 2.602

 covariance matrix (Sigma'=Q*Sigma*t(Q))>>

21.198 1.197 -2.157 0 0 0 -0.844 -3.371 -0.032 -0.04 0.334 0 0 0 0 -1.441 0 0 0 -0.87
1.197 26.227 -4.467 0 0 0 -1.237 -7.111 3.4 0.109 4.268 0 0 0 0 -1.887 0 0 0 -0.481
-2.157 -4.467 38.224 0 0 0 -1.485 -4.562 -2.231 -0.177 -1.796 0 0 0 0 -2.676 0 0 0 -2.031
0 0 0 10.193 -0.063 -0.841 0 0 0 0 0 -0.576 -1.855 -1.404 -0.007 0 0.435 0.151 -1.64 0
0 0 0 -0.063 7.284 -0.071 0 0 0 0 0 -0.044 0.08 -0.082 -0.025 0 0.035 0.004 0.059 0
0 0 0 -0.841 -0.071 10.597 0 0 0 0 0 -0.439 -1.516 -0.197 -0.215 0 -0.699 -0.185 -1.05 0
-0.844 -1.237 -1.485 0 0 0 31.399 -2.294 -0.759 -0.069 -0.531 0 0 0 0 -1.225 0 0 0 -0.88
-3.371 -7.111 -4.562 0 0 0 -2.294 35.151 -3.516 -0.276 -2.851 0 0 0 0 -4.139 0 0 0 -3.154
-0.032 3.4 -2.231 0 0 0 -0.759 -3.516 18.297 0.001 1.143 0 0 0 0 -1.246 0 0 0 -0.605
-0.04 0.109 -0.177 0 0 0 -0.069 -0.276 0.001 21.41 0.031 0 0 0 0 -0.117 0 0 0 -0.07
0.334 4.268 -1.796 0 0 0 -0.531 -2.851 1.143 0.031 16.422 0 0 0 0 -0.83 0 0 0 -0.279
0 0 0 -0.576 -0.044 -0.439 0 0 0 0 0 11.467 -0.89 -0.094 -0.145 0 -0.484 -0.132 -0.599 0
0 0 0 -1.855 0.08 -1.516 0 0 0 0 0 -0.89 5.143 -1.285 -0.657 0 -0.033 -0.14 1.303 0
0 0 0 -1.404 -0.082 -0.197 0 0 0 0 0 -0.094 -1.285 17.476 0.034 0 -0.329 -0.071 -1.015 0
0 0 0 -0.007 -0.025 -0.215 0 0 0 0 0 -0.145 -0.657 0.034 9.249 0 -0.242 -0.055 -0.462 0
-1.441 -1.887 -2.676 0 0 0 -1.225 -4.139 -1.246 -0.117 -0.83 0 0 0 0 28.602 0 0 0 -1.539
0 0 0 0.435 0.035 -0.699 0 0 0 0 0 -0.484 -0.033 -0.329 -0.242 0 5.269 0.015 0.004 0
0 0 0 0.151 0.004 -0.185 0 0 0 0 0 -0.132 -0.14 -0.071 -0.055 0 0.015 6.426 -0.101 0
0 0 0 -1.64 0.059 -1.05 0 0 0 0 0 -0.599 1.303 -1.015 -0.462 0 0.004 -0.101 5.299 0
-0.87 -0.481 -2.031 0 0 0 -0.88 -3.154 -0.605 -0.07 -0.279 0 0 0 0 -1.539 0 0 0 25.666

 Mean vectors and covariance matrices after rotation --- 2th cluster >>

 mean vector (mu'=Q*mu)>>
2.462 4.089 0.192 3.231 0.198 3.864 2.837 0.388 1.702 0.691 3.519 2.002 1.029 2.792 1.651 0.757 3.54 1.249 0.094 2.602

 covariance matrix (Sigma'=Q*Sigma*t(Q))>>

21.198 1.197 -2.157 0 0 0 -0.844 -3.371 -0.032 -0.04 0.334 0 0 0 0 -1.441 0 0 0 -0.87
1.197 26.227 -4.467 0 0 0 -1.237 -7.111 3.4 0.109 4.268 0 0 0 0 -1.887 0 0 0 -0.481
-2.157 -4.467 38.224 0 0 0 -1.485 -4.562 -2.231 -0.177 -1.796 0 0 0 0 -2.676 0 0 0 -2.031
0 0 0 5.35 0.203 0.344 0 0 0 0 0 0.64 0.899 0.122 0.053 0 -0.373 -0.06 -0.118 0
0 0 0 0.203 5.833 0.253 0 0 0 0 0 -0.342 -0.325 -0.035 0.003 0 0.354 0.02 0.024 0
0 0 0 0.344 0.253 3.146 0 0 0 0 0 0.404 0.557 0.154 0.085 0 0.005 -0.045 -0.027 0
-0.844 -1.237 -1.485 0 0 0 31.399 -2.294 -0.759 -0.069 -0.531 0 0 0 0 -1.225 0 0 0 -0.88
-3.371 -7.111 -4.562 0 0 0 -2.294 35.151 -3.516 -0.276 -2.851 0 0 0 0 -4.139 0 0 0 -3.154
-0.032 3.4 -2.231 0 0 0 -0.759 -3.516 18.297 0.001 1.143 0 0 0 0 -1.246 0 0 0 -0.605
-0.04 0.109 -0.177 0 0 0 -0.069 -0.276 0.001 21.41 0.031 0 0 0 0 -0.117 0 0 0 -0.07
0.334 4.268 -1.796 0 0 0 -0.531 -2.851 1.143 0.031 16.422 0 0 0 0 -0.83 0 0 0 -0.279
0 0 0 0.64 -0.342 0.404 0 0 0 0 0 8.75 -0.325 0.015 0.012 0 0.075 0.139 -0.035 0
0 0 0 0.899 -0.325 0.557 0 0 0 0 0 -0.325 7.566 0.071 0.061 0 0.418 0.152 0 0
0 0 0 0.122 -0.035 0.154 0 0 0 0 0 0.015 0.071 5.653 -0.004 0 -0.031 -0.003 -0.028 0
0 0 0 0.053 0.003 0.085 0 0 0 0 0 0.012 0.061 -0.004 5.164 0 0.002 -0.012 -0.013 0
-1.441 -1.887 -2.676 0 0 0 -1.225 -4.139 -1.246 -0.117 -0.83 0 0 0 0 28.602 0 0 0 -1.539
0 0 0 -0.373 0.354 0.005 0 0 0 0 0 0.075 0.418 -0.031 0.002 0 2.506 -0.19 0.014 0
0 0 0 -0.06 0.02 -0.045 0 0 0 0 0 0.139 0.152 -0.003 -0.012 0 -0.19 6.331 -0.026 0
0 0 0 -0.118 0.024 -0.027 0 0 0 0 0 -0.035 0 -0.028 -0.013 0 0.014 -0.026 1.414 0
-0.87 -0.481 -2.031 0 0 0 -0.88 -3.154 -0.605 -0.07 -0.279 0 0 0 0 -1.539 0 0 0 25.666

 Mean vectors and covariance matrices after rotation --- 3th cluster >>

 mean vector (mu'=Q*mu)>>
2.462 4.089 0.192 2.164 0.04 0.785 2.837 0.388 1.702 0.691 3.519 0.407 0.209 0.567 0.335 0.757 0.719 -12.602 0.019 2.602

 covariance matrix (Sigma'=Q*Sigma*t(Q))>>

21.198 1.197 -2.157 0 0 0 -0.844 -3.371 -0.032 -0.04 0.334 0 0 0 0 -1.441 0 0 0 -0.87
1.197 26.227 -4.467 0 0 0 -1.237 -7.111 3.4 0.109 4.268 0 0 0 0 -1.887 0 0 0 -0.481
-2.157 -4.467 38.224 0 0 0 -1.485 -4.562 -2.231 -0.177 -1.796 0 0 0 0 -2.676 0 0 0 -2.031
0 0 0 6.746 -0.034 -0.04 0 0 0 0 0 -1.317 0.277 -0.74 -0.273 0 -0.224 -0.049 0.88 0
0 0 0 -0.034 6.089 0.025 0 0 0 0 0 0.334 0.035 -0.05 -0.067 0 -0.134 0.052 -0.073 0
0 0 0 -0.04 0.025 6.262 0 0 0 0 0 -0.476 0.082 -0.3 -0.083 0 -0.024 0.077 0.414 0
-0.844 -1.237 -1.485 0 0 0 31.399 -2.294 -0.759 -0.069 -0.531 0 0 0 0 -1.225 0 0 0 -0.88
-3.371 -7.111 -4.562 0 0 0 -2.294 35.151 -3.516 -0.276 -2.851 0 0 0 0 -4.139 0 0 0 -3.154
-0.032 3.4 -2.231 0 0 0 -0.759 -3.516 18.297 0.001 1.143 0 0 0 0 -1.246 0 0 0 -0.605
-0.04 0.109 -0.177 0 0 0 -0.069 -0.276 0.001 21.41 0.031 0 0 0 0 -0.117 0 0 0 -0.07
0.334 4.268 -1.796 0 0 0 -0.531 -2.851 1.143 0.031 16.422 0 0 0 0 -0.83 0 0 0 -0.279
0 0 0 -1.317 0.334 -0.476 0 0 0 0 0 2.837 -0.113 -0.941 -0.437 0 -0.691 0.727 0.48 0
0 0 0 0.277 0.035 0.082 0 0 0 0 0 -0.113 2.638 -0.035 0.032 0 0.126 0.109 0.187 0
0 0 0 -0.74 -0.05 -0.3 0 0 0 0 0 -0.941 -0.035 8.649 -0.101 0 -0.125 -0.164 0.341 0
0 0 0 -0.273 -0.067 -0.083 0 0 0 0 0 -0.437 0.032 -0.101 9.933 0 -0.09 -0.172 0.069 0
-1.441 -1.887 -2.676 0 0 0 -1.225 -4.139 -1.246 -0.117 -0.83 0 0 0 0 28.602 0 0 0 -1.539
0 0 0 -0.224 -0.134 -0.024 0 0 0 0 0 -0.691 0.126 -0.125 -0.09 0 9.198 -0.32 0.085 0
0 0 0 -0.049 0.052 0.077 0 0 0 0 0 0.727 0.109 -0.164 -0.172 0 -0.32 6.314 -0.107 0
0 0 0 0.88 -0.073 0.414 0 0 0 0 0 0.48 0.187 0.341 0.069 0 0.085 -0.107 9.397 0
-0.87 -0.481 -2.031 0 0 0 -0.88 -3.154 -0.605 -0.07 -0.279 0 0 0 0 -1.539 0 0 0 25.666

 Final eigenvalues for each cluster >> 
 (rows correspond to clusters)
42.154 41.193 32.089 30.771 26.705 21.72 21.413 17.886 17.557 14.937 14.055 11.733 11.499 11.307 9.308 7.279 6.422 5.145 4.226 3.598
42.154 41.193 32.089 30.771 26.705 21.72 21.413 17.557 14.937 14.055 8.942 8.016 6.34 5.961 5.664 5.164 4.902 2.992 2.325 1.409
42.154 41.193 32.089 30.771 26.705 21.72 21.413 17.557 14.937 14.055 9.988 9.732 9.337 8.982 7.025 6.277 6.176 6.068 2.608 1.87

 theoretical Separation index matrix >>

-1 0.241 0.21
0.241 -1 0.21
0.21 0.21 -1

 theoretical projection directions >>

**** cluster 1 and 2
0 0 0 0.341 -0.005 0.467 0 0 0 0 0 0.159 0.15 0.215 0.184 0 0.686 0.151 0.211 0

**** cluster 1 and 3
0 0 0 0.354 0.015 0.293 0 0 0 0 0 0.298 0.315 0.164 0.107 0 0.252 -0.706 0.001 0

**** cluster 2 and 3
0 0 0 -0.1 0.006 -0.267 0 0 0 0 0 -0.081 -0.002 -0.154 -0.089 0 -0.252 -0.904 0.01 0

 empirical Separation index matrix (alpha= 0.05 )>>

-1 0.286 0.313
0.286 -1 0.252
0.313 0.252 -1

 empirical projection directions >>

**** cluster 1 and 2
0.031 -0.075 -0.011 0.395 -0.086 0.302 -0.047 -0.058 0.134 0.031 -0.075 0.098 0.279 0.125 0.123 -0.035 0.414 -0.644 -0.013 -0.052

**** cluster 1 and 3
-0.011 -0.039 -0.018 0.329 -0.041 0.564 -0.073 -0.099 -0.057 -0.095 -0.081 0.143 0.254 0.201 0.273 0.044 0.539 0.203 0.051 -0.005

**** cluster 2 and 3
-0.061 0.032 -0.082 0.213 -0.159 0.411 -0.088 -0.093 -0.145 -0.001 -0.024 0.091 0.104 0.267 0.106 -0.005 0.172 0.755 -0.088 -0.049
