
 Log information for the data set datasetJHG5v2nv10out0_3.dat >>

 alpha = 0.05 sepVal = 0.34

 Number of clusters >> 5

 cluster sizes >>
50 50 50 50 50

 Number of data points >> 250

 Number of dimensions >> 12

 Number of noisy dimensions >> 10

 noisy variables >>
1 2 3 4 5 6 8 9 10 12

 Number of outliers >> 0

 initial eigenvalues for each cluster >> 
 (rows correspond to clusters)
7.113 5.529
8.385 5.017
6.793 4.25
3.208 2.845
3.768 6.749

 Mean vectors and covariance matrices before rotation --- 1th cluster >>

 mean vector (mu'=Q*mu)>>
-10.089 0 8.259 8.32 9.073 7.004 9.817 7.727 8.643 7.172 7.177 8.325

 covariance matrix (Sigma'=Q*Sigma*t(Q))>>

7.107 0.098 0 0 0 0 0 0 0 0 0 0
0.098 5.535 0 0 0 0 0 0 0 0 0 0
0 0 145.242 12.819 -21.062 -9.572 0.399 0.162 24.774 5.805 13.938 -15.008
0 0 12.819 101.106 0.182 0.716 3.012 0.141 7.872 3.227 4.745 0.325
0 0 -21.062 0.182 182.729 -6.54 -4.382 -0.123 2.046 -1.637 0.667 -9.034
0 0 -9.572 0.716 -6.54 178.765 -1.946 -0.047 2.144 -0.447 0.99 -4.795
0 0 0.399 3.012 -4.382 -1.946 145.095 0.044 5.741 1.446 3.253 -3.109
0 0 0.162 0.141 -0.123 -0.047 0.044 132.733 0.256 0.079 0.149 -0.085
0 0 24.774 7.872 2.046 2.144 5.741 0.256 93.686 5.718 7.971 1.832
0 0 5.805 3.227 -1.637 -0.447 1.446 0.079 5.718 123.838 3.365 -1.075
0 0 13.938 4.745 0.667 0.99 3.253 0.149 7.971 3.365 94.557 0.687
0 0 -15.008 0.325 -9.034 -4.795 -3.109 -0.085 1.832 -1.075 0.687 185.142

 Mean vectors and covariance matrices before rotation --- 2th cluster >>

 mean vector (mu'=Q*mu)>>
10.089 0 8.259 8.32 9.073 7.004 9.817 7.727 8.643 7.172 7.177 8.325

 covariance matrix (Sigma'=Q*Sigma*t(Q))>>

5.994 1.529 0 0 0 0 0 0 0 0 0 0
1.529 7.408 0 0 0 0 0 0 0 0 0 0
0 0 145.242 12.819 -21.062 -9.572 0.399 0.162 24.774 5.805 13.938 -15.008
0 0 12.819 101.106 0.182 0.716 3.012 0.141 7.872 3.227 4.745 0.325
0 0 -21.062 0.182 182.729 -6.54 -4.382 -0.123 2.046 -1.637 0.667 -9.034
0 0 -9.572 0.716 -6.54 178.765 -1.946 -0.047 2.144 -0.447 0.99 -4.795
0 0 0.399 3.012 -4.382 -1.946 145.095 0.044 5.741 1.446 3.253 -3.109
0 0 0.162 0.141 -0.123 -0.047 0.044 132.733 0.256 0.079 0.149 -0.085
0 0 24.774 7.872 2.046 2.144 5.741 0.256 93.686 5.718 7.971 1.832
0 0 5.805 3.227 -1.637 -0.447 1.446 0.079 5.718 123.838 3.365 -1.075
0 0 13.938 4.745 0.667 0.99 3.253 0.149 7.971 3.365 94.557 0.687
0 0 -15.008 0.325 -9.034 -4.795 -3.109 -0.085 1.832 -1.075 0.687 185.142

 Mean vectors and covariance matrices before rotation --- 3th cluster >>

 mean vector (mu'=Q*mu)>>
0 17.474 8.259 8.32 9.073 7.004 9.817 7.727 8.643 7.172 7.177 8.325

 covariance matrix (Sigma'=Q*Sigma*t(Q))>>

5.035 1.152 0 0 0 0 0 0 0 0 0 0
1.152 6.217 0 0 0 0 0 0 0 0 0 0
0 0 145.242 12.819 -21.062 -9.572 0.399 0.162 24.774 5.805 13.938 -15.008
0 0 12.819 101.106 0.182 0.716 3.012 0.141 7.872 3.227 4.745 0.325
0 0 -21.062 0.182 182.729 -6.54 -4.382 -0.123 2.046 -1.637 0.667 -9.034
0 0 -9.572 0.716 -6.54 178.765 -1.946 -0.047 2.144 -0.447 0.99 -4.795
0 0 0.399 3.012 -4.382 -1.946 145.095 0.044 5.741 1.446 3.253 -3.109
0 0 0.162 0.141 -0.123 -0.047 0.044 132.733 0.256 0.079 0.149 -0.085
0 0 24.774 7.872 2.046 2.144 5.741 0.256 93.686 5.718 7.971 1.832
0 0 5.805 3.227 -1.637 -0.447 1.446 0.079 5.718 123.838 3.365 -1.075
0 0 13.938 4.745 0.667 0.99 3.253 0.149 7.971 3.365 94.557 0.687
0 0 -15.008 0.325 -9.034 -4.795 -3.109 -0.085 1.832 -1.075 0.687 185.142

 Mean vectors and covariance matrices before rotation --- 4th cluster >>

 mean vector (mu'=Q*mu)>>
30.266 0 8.259 8.32 9.073 7.004 9.817 7.727 8.643 7.172 7.177 8.325

 covariance matrix (Sigma'=Q*Sigma*t(Q))>>

6.338 0.364 0 0 0 0 0 0 0 0 0 0
0.364 6.611 0 0 0 0 0 0 0 0 0 0
0 0 145.242 12.819 -21.062 -9.572 0.399 0.162 24.774 5.805 13.938 -15.008
0 0 12.819 101.106 0.182 0.716 3.012 0.141 7.872 3.227 4.745 0.325
0 0 -21.062 0.182 182.729 -6.54 -4.382 -0.123 2.046 -1.637 0.667 -9.034
0 0 -9.572 0.716 -6.54 178.765 -1.946 -0.047 2.144 -0.447 0.99 -4.795
0 0 0.399 3.012 -4.382 -1.946 145.095 0.044 5.741 1.446 3.253 -3.109
0 0 0.162 0.141 -0.123 -0.047 0.044 132.733 0.256 0.079 0.149 -0.085
0 0 24.774 7.872 2.046 2.144 5.741 0.256 93.686 5.718 7.971 1.832
0 0 5.805 3.227 -1.637 -0.447 1.446 0.079 5.718 123.838 3.365 -1.075
0 0 13.938 4.745 0.667 0.99 3.253 0.149 7.971 3.365 94.557 0.687
0 0 -15.008 0.325 -9.034 -4.795 -3.109 -0.085 1.832 -1.075 0.687 185.142

 Mean vectors and covariance matrices before rotation --- 5th cluster >>

 mean vector (mu'=Q*mu)>>
20.177 17.474 8.259 8.32 9.073 7.004 9.817 7.727 8.643 7.172 7.177 8.325

 covariance matrix (Sigma'=Q*Sigma*t(Q))>>

5.059 -1.477 0 0 0 0 0 0 0 0 0 0
-1.477 5.457 0 0 0 0 0 0 0 0 0 0
0 0 145.242 12.819 -21.062 -9.572 0.399 0.162 24.774 5.805 13.938 -15.008
0 0 12.819 101.106 0.182 0.716 3.012 0.141 7.872 3.227 4.745 0.325
0 0 -21.062 0.182 182.729 -6.54 -4.382 -0.123 2.046 -1.637 0.667 -9.034
0 0 -9.572 0.716 -6.54 178.765 -1.946 -0.047 2.144 -0.447 0.99 -4.795
0 0 0.399 3.012 -4.382 -1.946 145.095 0.044 5.741 1.446 3.253 -3.109
0 0 0.162 0.141 -0.123 -0.047 0.044 132.733 0.256 0.079 0.149 -0.085
0 0 24.774 7.872 2.046 2.144 5.741 0.256 93.686 5.718 7.971 1.832
0 0 5.805 3.227 -1.637 -0.447 1.446 0.079 5.718 123.838 3.365 -1.075
0 0 13.938 4.745 0.667 0.99 3.253 0.149 7.971 3.365 94.557 0.687
0 0 -15.008 0.325 -9.034 -4.795 -3.109 -0.085 1.832 -1.075 0.687 185.142

 Final eigenvalues for each cluster >> 
 (rows correspond to clusters)
194.987 191.792 182.172 147.784 144.793 132.731 121.85 96.46 89.731 80.595 7.113 5.529
194.987 191.792 182.172 147.784 144.793 132.731 121.85 96.46 89.731 80.595 8.385 5.017
194.987 191.792 182.172 147.784 144.793 132.731 121.85 96.46 89.731 80.595 6.921 4.331
194.987 191.792 182.172 147.784 144.793 132.731 121.85 96.46 89.731 80.595 6.864 6.086
194.987 191.792 182.172 147.784 144.793 132.731 121.85 96.46 89.731 80.595 6.749 3.768

 *************************************************

 ********************* rotation ******************

 *************************************************


 The orthogonal matrix Q >>
0.841 0.541
0.541 -0.841

 Mean vectors and covariance matrices after rotation --- 1th cluster >>

 mean vector (mu'=Q*mu)>>
8.325 7.004 8.643 7.172 7.727 7.177 -8.487 8.32 9.817 9.073 -5.454 8.259

 covariance matrix (Sigma'=Q*Sigma*t(Q))>>

185.142 -4.795 1.832 -1.075 -0.085 0.687 0 0.325 -3.109 -9.034 0 -15.008
-4.795 178.765 2.144 -0.447 -0.047 0.99 0 0.716 -1.946 -6.54 0 -9.572
1.832 2.144 93.686 5.718 0.256 7.971 0 7.872 5.741 2.046 0 24.774
-1.075 -0.447 5.718 123.838 0.079 3.365 0 3.227 1.446 -1.637 0 5.805
-0.085 -0.047 0.256 0.079 132.733 0.149 0 0.141 0.044 -0.123 0 0.162
0.687 0.99 7.971 3.365 0.149 94.557 0 4.745 3.253 0.667 0 13.938
0 0 0 0 0 0 6.736 0 0 0 0.674 0
0.325 0.716 7.872 3.227 0.141 4.745 0 101.106 3.012 0.182 0 12.819
-3.109 -1.946 5.741 1.446 0.044 3.253 0 3.012 145.095 -4.382 0 0.399
-9.034 -6.54 2.046 -1.637 -0.123 0.667 0 0.182 -4.382 182.729 0 -21.062
0 0 0 0 0 0 0.674 0 0 0 5.906 0
-15.008 -9.572 24.774 5.805 0.162 13.938 0 12.819 0.399 -21.062 0 145.242

 Mean vectors and covariance matrices after rotation --- 2th cluster >>

 mean vector (mu'=Q*mu)>>
8.325 7.004 8.643 7.172 7.727 7.177 8.487 8.32 9.817 9.073 5.454 8.259

 covariance matrix (Sigma'=Q*Sigma*t(Q))>>

185.142 -4.795 1.832 -1.075 -0.085 0.687 0 0.325 -3.109 -9.034 0 -15.008
-4.795 178.765 2.144 -0.447 -0.047 0.99 0 0.716 -1.946 -6.54 0 -9.572
1.832 2.144 93.686 5.718 0.256 7.971 0 7.872 5.741 2.046 0 24.774
-1.075 -0.447 5.718 123.838 0.079 3.365 0 3.227 1.446 -1.637 0 5.805
-0.085 -0.047 0.256 0.079 132.733 0.149 0 0.141 0.044 -0.123 0 0.162
0.687 0.99 7.971 3.365 0.149 94.557 0 4.745 3.253 0.667 0 13.938
0 0 0 0 0 0 7.797 0 0 0 -1.278 0
0.325 0.716 7.872 3.227 0.141 4.745 0 101.106 3.012 0.182 0 12.819
-3.109 -1.946 5.741 1.446 0.044 3.253 0 3.012 145.095 -4.382 0 0.399
-9.034 -6.54 2.046 -1.637 -0.123 0.667 0 0.182 -4.382 182.729 0 -21.062
0 0 0 0 0 0 -1.278 0 0 0 5.604 0
-15.008 -9.572 24.774 5.805 0.162 13.938 0 12.819 0.399 -21.062 0 145.242

 Mean vectors and covariance matrices after rotation --- 3th cluster >>

 mean vector (mu'=Q*mu)>>
8.325 7.004 8.643 7.172 7.727 7.177 9.446 8.32 9.817 9.073 -14.701 8.259

 covariance matrix (Sigma'=Q*Sigma*t(Q))>>

185.142 -4.795 1.832 -1.075 -0.085 0.687 0 0.325 -3.109 -9.034 0 -15.008
-4.795 178.765 2.144 -0.447 -0.047 0.99 0 0.716 -1.946 -6.54 0 -9.572
1.832 2.144 93.686 5.718 0.256 7.971 0 7.872 5.741 2.046 0 24.774
-1.075 -0.447 5.718 123.838 0.079 3.365 0 3.227 1.446 -1.637 0 5.805
-0.085 -0.047 0.256 0.079 132.733 0.149 0 0.141 0.044 -0.123 0 0.162
0.687 0.99 7.971 3.365 0.149 94.557 0 4.745 3.253 0.667 0 13.938
0 0 0 0 0 0 6.428 0 0 0 -1.016 0
0.325 0.716 7.872 3.227 0.141 4.745 0 101.106 3.012 0.182 0 12.819
-3.109 -1.946 5.741 1.446 0.044 3.253 0 3.012 145.095 -4.382 0 0.399
-9.034 -6.54 2.046 -1.637 -0.123 0.667 0 0.182 -4.382 182.729 0 -21.062
0 0 0 0 0 0 -1.016 0 0 0 4.823 0
-15.008 -9.572 24.774 5.805 0.162 13.938 0 12.819 0.399 -21.062 0 145.242

 Mean vectors and covariance matrices after rotation --- 4th cluster >>

 mean vector (mu'=Q*mu)>>
8.325 7.004 8.643 7.172 7.727 7.177 25.462 8.32 9.817 9.073 16.362 8.259

 covariance matrix (Sigma'=Q*Sigma*t(Q))>>

185.142 -4.795 1.832 -1.075 -0.085 0.687 0 0.325 -3.109 -9.034 0 -15.008
-4.795 178.765 2.144 -0.447 -0.047 0.99 0 0.716 -1.946 -6.54 0 -9.572
1.832 2.144 93.686 5.718 0.256 7.971 0 7.872 5.741 2.046 0 24.774
-1.075 -0.447 5.718 123.838 0.079 3.365 0 3.227 1.446 -1.637 0 5.805
-0.085 -0.047 0.256 0.079 132.733 0.149 0 0.141 0.044 -0.123 0 0.162
0.687 0.99 7.971 3.365 0.149 94.557 0 4.745 3.253 0.667 0 13.938
0 0 0 0 0 0 6.749 0 0 0 -0.275 0
0.325 0.716 7.872 3.227 0.141 4.745 0 101.106 3.012 0.182 0 12.819
-3.109 -1.946 5.741 1.446 0.044 3.253 0 3.012 145.095 -4.382 0 0.399
-9.034 -6.54 2.046 -1.637 -0.123 0.667 0 0.182 -4.382 182.729 0 -21.062
0 0 0 0 0 0 -0.275 0 0 0 6.2 0
-15.008 -9.572 24.774 5.805 0.162 13.938 0 12.819 0.399 -21.062 0 145.242

 Mean vectors and covariance matrices after rotation --- 5th cluster >>

 mean vector (mu'=Q*mu)>>
8.325 7.004 8.643 7.172 7.727 7.177 26.421 8.32 9.817 9.073 -3.793 8.259

 covariance matrix (Sigma'=Q*Sigma*t(Q))>>

185.142 -4.795 1.832 -1.075 -0.085 0.687 0 0.325 -3.109 -9.034 0 -15.008
-4.795 178.765 2.144 -0.447 -0.047 0.99 0 0.716 -1.946 -6.54 0 -9.572
1.832 2.144 93.686 5.718 0.256 7.971 0 7.872 5.741 2.046 0 24.774
-1.075 -0.447 5.718 123.838 0.079 3.365 0 3.227 1.446 -1.637 0 5.805
-0.085 -0.047 0.256 0.079 132.733 0.149 0 0.141 0.044 -0.123 0 0.162
0.687 0.99 7.971 3.365 0.149 94.557 0 4.745 3.253 0.667 0 13.938
0 0 0 0 0 0 3.832 0 0 0 0.433 0
0.325 0.716 7.872 3.227 0.141 4.745 0 101.106 3.012 0.182 0 12.819
-3.109 -1.946 5.741 1.446 0.044 3.253 0 3.012 145.095 -4.382 0 0.399
-9.034 -6.54 2.046 -1.637 -0.123 0.667 0 0.182 -4.382 182.729 0 -21.062
0 0 0 0 0 0 0.433 0 0 0 6.684 0
-15.008 -9.572 24.774 5.805 0.162 13.938 0 12.819 0.399 -21.062 0 145.242

 Final eigenvalues for each cluster >> 
 (rows correspond to clusters)
194.987 191.792 182.172 147.784 144.793 132.731 121.85 96.46 89.731 80.595 7.113 5.529
194.987 191.792 182.172 147.784 144.793 132.731 121.85 96.46 89.731 80.595 8.385 5.017
194.987 191.792 182.172 147.784 144.793 132.731 121.85 96.46 89.731 80.595 6.921 4.331
194.987 191.792 182.172 147.784 144.793 132.731 121.85 96.46 89.731 80.595 6.864 6.086
194.987 191.792 182.172 147.784 144.793 132.731 121.85 96.46 89.731 80.595 6.749 3.768

 theoretical Separation index matrix >>

-1 0.34 0.34 0.598 0.593
0.34 -1 0.39 0.354 0.355
0.34 0.39 -1 0.593 0.393
0.598 0.354 0.593 -1 0.34
0.593 0.355 0.393 0.34 -1

 theoretical projection directions >>

**** cluster 1 and 2
0 0 0 0 0 0 0.764 0 0 0 0.645 0

**** cluster 1 and 3
0 0 0 0 0 0 0.852 0 0 0 -0.523 0

**** cluster 1 and 4
0 0 0 0 0 0 0.82 0 0 0 0.573 0

**** cluster 1 and 5
0 0 0 0 0 0 0.999 0 0 0 -0.047 0

**** cluster 2 and 3
0 0 0 0 0 0 -0.126 0 0 0 -0.992 0

**** cluster 2 and 4
0 0 0 0 0 0 0.76 0 0 0 0.65 0

**** cluster 2 and 5
0 0 0 0 0 0 0.923 0 0 0 -0.384 0

**** cluster 3 and 4
0 0 0 0 0 0 0.45 0 0 0 0.893 0

**** cluster 3 and 5
0 0 0 0 0 0 0.857 0 0 0 0.516 0

**** cluster 4 and 5
0 0 0 0 0 0 0.071 0 0 0 -0.997 0

 empirical Separation index matrix (alpha= 0.05 )>>

-1 0.395 0.346 0.357 0.351
0.395 -1 0.415 0.626 0.334
0.346 0.415 -1 0.371 0.596
0.357 0.626 0.371 -1 0.626
0.351 0.334 0.596 0.626 -1

 empirical projection directions >>

**** cluster 1 and 2
0.024 0.001 0.001 -0.042 0.027 -0.006 -0.086 0.013 -0.041 0.015 -0.994 0.002

**** cluster 1 and 3
0.024 -0.046 0.021 0.044 0.011 0.029 0.91 0.021 -0.034 0.022 -0.404 0.025

**** cluster 1 and 4
-0.006 -0.053 0.003 0.033 0.006 0.013 0.783 -0.026 0.029 0.002 0.617 0.028

**** cluster 1 and 5
-0.014 0.063 -0.033 -0.014 0.046 -0.054 -0.824 0.041 0.005 0.054 -0.553 0.013

**** cluster 2 and 3
-0.003 0.036 -0.022 0.028 0.022 0.012 0.769 -0.025 0.049 -0.016 0.633 0.036

**** cluster 2 and 4
-0.022 -0.016 0.01 0.001 0.009 0 0.45 -0.026 0.011 -0.018 0.891 0.025

**** cluster 2 and 5
0.032 0.021 -0.03 0.044 -0.033 0.029 -0.903 0.01 0.009 0.043 0.419 0.002

**** cluster 3 and 4
0.014 0.025 -0.042 -0.038 -0.006 0.032 0.105 -0.042 0.04 -0.039 0.989 -0.005

**** cluster 3 and 5
-0.032 0.005 0.017 0.003 0.004 -0.035 -0.982 0.033 0.018 0.042 -0.172 0.016

**** cluster 4 and 5
0.001 0.042 -0.032 0.041 0.002 -0.013 -0.814 0.03 0.003 0.039 -0.575 0.015
