
 Log information for the data set datasetJHG5v10nv10out0_2.dat >>

 alpha = 0.05 sepVal = 0.34

 Number of clusters >> 5

 cluster sizes >>
50 50 50 50 50

 Number of data points >> 250

 Number of dimensions >> 20

 Number of noisy dimensions >> 10

 noisy variables >>
1 2 3 8 9 10 15 17 19 20

 Number of outliers >> 0

 initial eigenvalues for each cluster >> 
 (rows correspond to clusters)
9.19 5.308 5.923 2.349 4.224 1.795 7.902 9.465 6.015 2.599
5.731 6.811 5.126 8.377 6.047 5.301 2.763 4.334 9.275 3.442
6.196 1.071 6.373 8.956 4.714 7.441 1.378 3.646 5.512 9.038
5.804 5.92 5.778 5.621 8.176 1.572 4.767 2.547 2.305 2.756
8.659 3.193 4.902 9.556 8.19 1.07 6.065 7.763 3.632 9.991

 Mean vectors and covariance matrices before rotation --- 1th cluster >>

 mean vector (mu'=Q*mu)>>
-10.717 0 0 0 0 0 0 0 0 0 0.792 0.125 1.465 4.092 2.883 5.928 3.635 2.357 0.171 3.96

 covariance matrix (Sigma'=Q*Sigma*t(Q))>>

9.242 0.801 0.151 1.742 0.735 1.571 -0.673 -0.412 0.761 1.909 0 0 0 0 0 0 0 0 0 0
0.801 8.802 0.182 0.776 0.434 0.665 0.458 0.05 0.994 0.874 0 0 0 0 0 0 0 0 0 0
0.151 0.182 9.131 0.222 0.121 0.191 0.111 0.008 0.267 0.25 0 0 0 0 0 0 0 0 0 0
1.742 0.776 0.222 4.396 0.477 0.67 0.706 0.124 1.222 0.902 0 0 0 0 0 0 0 0 0 0
0.735 0.434 0.121 0.477 6.751 0.406 0.344 0.05 0.664 0.539 0 0 0 0 0 0 0 0 0 0
1.571 0.665 0.191 0.67 0.406 3.316 0.621 0.113 1.052 0.761 0 0 0 0 0 0 0 0 0 0
-0.673 0.458 0.111 0.706 0.344 0.621 12.173 -0.065 0.593 0.783 0 0 0 0 0 0 0 0 0 0
-0.412 0.05 0.008 0.124 0.05 0.113 -0.065 14.477 0.04 0.136 0 0 0 0 0 0 0 0 0 0
0.761 0.994 0.267 1.222 0.664 1.052 0.593 0.04 10.675 1.371 0 0 0 0 0 0 0 0 0 0
1.909 0.874 0.25 0.902 0.539 0.761 0.783 0.136 1.371 5.008 0 0 0 0 0 0 0 0 0 0
0 0 0 0 0 0 0 0 0 0 24.013 0.073 -2.628 -8.864 0.264 0.382 0.148 -0.276 -2.255 -2.159
0 0 0 0 0 0 0 0 0 0 0.073 19.864 -0.985 -2.662 -0.763 0.044 -0.188 -0.307 -1.01 -0.645
0 0 0 0 0 0 0 0 0 0 -2.628 -0.985 30.111 -2.69 -1.507 -0.018 -0.393 -0.506 -1.311 -0.649
0 0 0 0 0 0 0 0 0 0 -8.864 -2.662 -2.69 36.467 -4.098 -0.114 -1.081 -1.313 -3.143 -1.379
0 0 0 0 0 0 0 0 0 0 0.264 -0.763 -1.507 -4.098 18.957 0.07 -0.278 -0.461 -1.538 -0.993
0 0 0 0 0 0 0 0 0 0 0.382 0.044 -0.018 -0.114 0.07 6.784 0.02 0.014 -0.003 -0.028
0 0 0 0 0 0 0 0 0 0 0.148 -0.188 -0.393 -1.081 -0.278 0.02 19.476 -0.116 -0.398 -0.262
0 0 0 0 0 0 0 0 0 0 -0.276 -0.307 -0.506 -1.313 -0.461 0.014 -0.116 22.197 -0.532 -0.318
0 0 0 0 0 0 0 0 0 0 -2.255 -1.01 -1.311 -3.143 -1.538 -0.003 -0.398 -0.532 26.289 -0.759
0 0 0 0 0 0 0 0 0 0 -2.159 -0.645 -0.649 -1.379 -0.993 -0.028 -0.262 -0.318 -0.759 42.317

 Mean vectors and covariance matrices before rotation --- 2th cluster >>

 mean vector (mu'=Q*mu)>>
10.717 0 0 0 0 0 0 0 0 0 0.792 0.125 1.465 4.092 2.883 5.928 3.635 2.357 0.171 3.96

 covariance matrix (Sigma'=Q*Sigma*t(Q))>>

6.366 -0.257 0.17 -0.589 0.003 0.314 0.34 0.866 -1.386 0.964 0 0 0 0 0 0 0 0 0 0
-0.257 6.455 0.006 -0.399 -0.005 -0.012 0.105 0.174 -0.843 0.268 0 0 0 0 0 0 0 0 0 0
0.17 0.006 5.159 -0.054 0.002 0.065 0.052 0.147 -0.143 0.152 0 0 0 0 0 0 0 0 0 0
-0.589 -0.399 -0.054 8.039 -0.008 -0.131 0.022 -0.076 -0.662 0.018 0 0 0 0 0 0 0 0 0 0
0.003 -0.005 0.002 -0.008 6.047 0.003 0.004 0.009 -0.019 0.01 0 0 0 0 0 0 0 0 0 0
0.314 -0.012 0.065 -0.131 0.003 5.427 0.107 0.296 -0.333 0.311 0 0 0 0 0 0 0 0 0 0
0.34 0.105 0.052 0.022 0.004 0.107 2.817 0.187 0 0.169 0 0 0 0 0 0 0 0 0 0
0.866 0.174 0.147 -0.076 0.009 0.296 0.187 4.917 -0.289 0.565 0 0 0 0 0 0 0 0 0 0
-1.386 -0.843 -0.143 -0.662 -0.019 -0.333 0 -0.289 8.015 -0.096 0 0 0 0 0 0 0 0 0 0
0.964 0.268 0.152 0.018 0.01 0.311 0.169 0.565 -0.096 3.965 0 0 0 0 0 0 0 0 0 0
0 0 0 0 0 0 0 0 0 0 24.013 0.073 -2.628 -8.864 0.264 0.382 0.148 -0.276 -2.255 -2.159
0 0 0 0 0 0 0 0 0 0 0.073 19.864 -0.985 -2.662 -0.763 0.044 -0.188 -0.307 -1.01 -0.645
0 0 0 0 0 0 0 0 0 0 -2.628 -0.985 30.111 -2.69 -1.507 -0.018 -0.393 -0.506 -1.311 -0.649
0 0 0 0 0 0 0 0 0 0 -8.864 -2.662 -2.69 36.467 -4.098 -0.114 -1.081 -1.313 -3.143 -1.379
0 0 0 0 0 0 0 0 0 0 0.264 -0.763 -1.507 -4.098 18.957 0.07 -0.278 -0.461 -1.538 -0.993
0 0 0 0 0 0 0 0 0 0 0.382 0.044 -0.018 -0.114 0.07 6.784 0.02 0.014 -0.003 -0.028
0 0 0 0 0 0 0 0 0 0 0.148 -0.188 -0.393 -1.081 -0.278 0.02 19.476 -0.116 -0.398 -0.262
0 0 0 0 0 0 0 0 0 0 -0.276 -0.307 -0.506 -1.313 -0.461 0.014 -0.116 22.197 -0.532 -0.318
0 0 0 0 0 0 0 0 0 0 -2.255 -1.01 -1.311 -3.143 -1.538 -0.003 -0.398 -0.532 26.289 -0.759
0 0 0 0 0 0 0 0 0 0 -2.159 -0.645 -0.649 -1.379 -0.993 -0.028 -0.262 -0.318 -0.759 42.317

 Mean vectors and covariance matrices before rotation --- 3th cluster >>

 mean vector (mu'=Q*mu)>>
0 18.562 0 0 0 0 0 0 0 0 0.792 0.125 1.465 4.092 2.883 5.928 3.635 2.357 0.171 3.96

 covariance matrix (Sigma'=Q*Sigma*t(Q))>>

12.216 0.649 -1.502 -1.562 0.085 -1.727 4.362 1.237 -0.944 -0.789 0 0 0 0 0 0 0 0 0 0
0.649 2.978 0.181 0.019 0.268 0.087 0.581 0.358 0.313 0.009 0 0 0 0 0 0 0 0 0 0
-1.502 0.181 16.747 -0.478 -0.025 -0.541 1.214 0.307 -0.346 -0.241 0 0 0 0 0 0 0 0 0 0
-1.562 0.019 -0.478 23.926 -0.297 -0.408 0.098 -0.198 -0.532 -0.15 0 0 0 0 0 0 0 0 0 0
0.085 0.268 -0.025 -0.297 13.196 -0.224 1.845 0.833 0.303 -0.151 0 0 0 0 0 0 0 0 0 0
-1.727 0.087 -0.541 -0.408 -0.224 19.618 0.557 -0.019 -0.522 -0.205 0 0 0 0 0 0 0 0 0 0
4.362 0.581 1.214 0.098 1.845 0.557 7.83 2.498 2.134 0.042 0 0 0 0 0 0 0 0 0 0
1.237 0.358 0.307 -0.198 0.833 -0.019 2.498 11.164 0.803 -0.103 0 0 0 0 0 0 0 0 0 0
-0.944 0.313 -0.346 -0.532 0.303 -0.522 2.134 0.803 14.895 -0.27 0 0 0 0 0 0 0 0 0 0
-0.789 0.009 -0.241 -0.15 -0.151 -0.205 0.042 -0.103 -0.27 24.373 0 0 0 0 0 0 0 0 0 0
0 0 0 0 0 0 0 0 0 0 24.013 0.073 -2.628 -8.864 0.264 0.382 0.148 -0.276 -2.255 -2.159
0 0 0 0 0 0 0 0 0 0 0.073 19.864 -0.985 -2.662 -0.763 0.044 -0.188 -0.307 -1.01 -0.645
0 0 0 0 0 0 0 0 0 0 -2.628 -0.985 30.111 -2.69 -1.507 -0.018 -0.393 -0.506 -1.311 -0.649
0 0 0 0 0 0 0 0 0 0 -8.864 -2.662 -2.69 36.467 -4.098 -0.114 -1.081 -1.313 -3.143 -1.379
0 0 0 0 0 0 0 0 0 0 0.264 -0.763 -1.507 -4.098 18.957 0.07 -0.278 -0.461 -1.538 -0.993
0 0 0 0 0 0 0 0 0 0 0.382 0.044 -0.018 -0.114 0.07 6.784 0.02 0.014 -0.003 -0.028
0 0 0 0 0 0 0 0 0 0 0.148 -0.188 -0.393 -1.081 -0.278 0.02 19.476 -0.116 -0.398 -0.262
0 0 0 0 0 0 0 0 0 0 -0.276 -0.307 -0.506 -1.313 -0.461 0.014 -0.116 22.197 -0.532 -0.318
0 0 0 0 0 0 0 0 0 0 -2.255 -1.01 -1.311 -3.143 -1.538 -0.003 -0.398 -0.532 26.289 -0.759
0 0 0 0 0 0 0 0 0 0 -2.159 -0.645 -0.649 -1.379 -0.993 -0.028 -0.262 -0.318 -0.759 42.317

 Mean vectors and covariance matrices before rotation --- 4th cluster >>

 mean vector (mu'=Q*mu)>>
0 6.187 17.501 0 0 0 0 0 0 0 0.792 0.125 1.465 4.092 2.883 5.928 3.635 2.357 0.171 3.96

 covariance matrix (Sigma'=Q*Sigma*t(Q))>>

5.459 -0.114 -0.003 -0.01 -1.423 1.137 0.196 0.181 1.391 0.131 0 0 0 0 0 0 0 0 0 0
-0.114 5.887 -0.001 -0.008 -0.329 0.245 0.037 0.039 0.297 0.028 0 0 0 0 0 0 0 0 0 0
-0.003 -0.001 5.778 0 -0.012 0.009 0.002 0.001 0.011 0.001 0 0 0 0 0 0 0 0 0 0
-0.01 -0.008 0 5.624 -0.183 0.164 0.033 0.027 0.203 0.019 0 0 0 0 0 0 0 0 0 0
-1.423 -0.329 -0.012 -0.183 7.169 0.171 -0.141 0.014 0.141 0.008 0 0 0 0 0 0 0 0 0 0
1.137 0.245 0.009 0.164 0.171 2.023 0.236 0.084 0.616 0.063 0 0 0 0 0 0 0 0 0 0
0.196 0.037 0.002 0.033 -0.141 0.236 4.841 0.04 0.302 0.03 0 0 0 0 0 0 0 0 0 0
0.181 0.039 0.001 0.027 0.014 0.084 0.04 2.562 0.113 0.011 0 0 0 0 0 0 0 0 0 0
1.391 0.297 0.011 0.203 0.141 0.616 0.302 0.113 3.138 0.085 0 0 0 0 0 0 0 0 0 0
0.131 0.028 0.001 0.019 0.008 0.063 0.03 0.011 0.085 2.765 0 0 0 0 0 0 0 0 0 0
0 0 0 0 0 0 0 0 0 0 24.013 0.073 -2.628 -8.864 0.264 0.382 0.148 -0.276 -2.255 -2.159
0 0 0 0 0 0 0 0 0 0 0.073 19.864 -0.985 -2.662 -0.763 0.044 -0.188 -0.307 -1.01 -0.645
0 0 0 0 0 0 0 0 0 0 -2.628 -0.985 30.111 -2.69 -1.507 -0.018 -0.393 -0.506 -1.311 -0.649
0 0 0 0 0 0 0 0 0 0 -8.864 -2.662 -2.69 36.467 -4.098 -0.114 -1.081 -1.313 -3.143 -1.379
0 0 0 0 0 0 0 0 0 0 0.264 -0.763 -1.507 -4.098 18.957 0.07 -0.278 -0.461 -1.538 -0.993
0 0 0 0 0 0 0 0 0 0 0.382 0.044 -0.018 -0.114 0.07 6.784 0.02 0.014 -0.003 -0.028
0 0 0 0 0 0 0 0 0 0 0.148 -0.188 -0.393 -1.081 -0.278 0.02 19.476 -0.116 -0.398 -0.262
0 0 0 0 0 0 0 0 0 0 -0.276 -0.307 -0.506 -1.313 -0.461 0.014 -0.116 22.197 -0.532 -0.318
0 0 0 0 0 0 0 0 0 0 -2.255 -1.01 -1.311 -3.143 -1.538 -0.003 -0.398 -0.532 26.289 -0.759
0 0 0 0 0 0 0 0 0 0 -2.159 -0.645 -0.649 -1.379 -0.993 -0.028 -0.262 -0.318 -0.759 42.317

 Mean vectors and covariance matrices before rotation --- 5th cluster >>

 mean vector (mu'=Q*mu)>>
0 6.187 4.375 16.945 0 0 0 0 0 0 0.792 0.125 1.465 4.092 2.883 5.928 3.635 2.357 0.171 3.96

 covariance matrix (Sigma'=Q*Sigma*t(Q))>>

5.704 1.32 0.657 -0.348 -0.484 2.099 0.109 -0.568 0.223 -0.302 0 0 0 0 0 0 0 0 0 0
1.32 4.177 0.808 0.08 0.316 1.189 0.389 0.558 0.182 0.05 0 0 0 0 0 0 0 0 0 0
0.657 0.808 5.526 0.025 0.178 1.021 0.282 0.339 0.147 0.008 0 0 0 0 0 0 0 0 0 0
-0.348 0.08 0.025 9.519 -0.062 0.145 -0.008 -0.081 0.013 -0.031 0 0 0 0 0 0 0 0 0 0
-0.484 0.316 0.178 -0.062 8.117 0.479 0.046 -0.074 0.054 -0.055 0 0 0 0 0 0 0 0 0 0
2.099 1.189 1.021 0.145 0.479 2.452 0.514 0.814 0.222 0.1 0 0 0 0 0 0 0 0 0 0
0.109 0.389 0.282 -0.008 0.046 0.514 6.183 0.105 0.07 -0.012 0 0 0 0 0 0 0 0 0 0
-0.568 0.558 0.339 -0.081 -0.074 0.814 0.105 7.712 0.097 -0.075 0 0 0 0 0 0 0 0 0 0
0.223 0.182 0.147 0.013 0.054 0.222 0.07 0.097 3.666 0.008 0 0 0 0 0 0 0 0 0 0
-0.302 0.05 0.008 -0.031 -0.055 0.1 -0.012 -0.075 0.008 9.964 0 0 0 0 0 0 0 0 0 0
0 0 0 0 0 0 0 0 0 0 24.013 0.073 -2.628 -8.864 0.264 0.382 0.148 -0.276 -2.255 -2.159
0 0 0 0 0 0 0 0 0 0 0.073 19.864 -0.985 -2.662 -0.763 0.044 -0.188 -0.307 -1.01 -0.645
0 0 0 0 0 0 0 0 0 0 -2.628 -0.985 30.111 -2.69 -1.507 -0.018 -0.393 -0.506 -1.311 -0.649
0 0 0 0 0 0 0 0 0 0 -8.864 -2.662 -2.69 36.467 -4.098 -0.114 -1.081 -1.313 -3.143 -1.379
0 0 0 0 0 0 0 0 0 0 0.264 -0.763 -1.507 -4.098 18.957 0.07 -0.278 -0.461 -1.538 -0.993
0 0 0 0 0 0 0 0 0 0 0.382 0.044 -0.018 -0.114 0.07 6.784 0.02 0.014 -0.003 -0.028
0 0 0 0 0 0 0 0 0 0 0.148 -0.188 -0.393 -1.081 -0.278 0.02 19.476 -0.116 -0.398 -0.262
0 0 0 0 0 0 0 0 0 0 -0.276 -0.307 -0.506 -1.313 -0.461 0.014 -0.116 22.197 -0.532 -0.318
0 0 0 0 0 0 0 0 0 0 -2.255 -1.01 -1.311 -3.143 -1.538 -0.003 -0.398 -0.532 26.289 -0.759
0 0 0 0 0 0 0 0 0 0 -2.159 -0.645 -0.649 -1.379 -0.993 -0.028 -0.262 -0.318 -0.759 42.317

 Final eigenvalues for each cluster >> 
 (rows correspond to clusters)
42.649 42.197 31.277 27.733 22.371 20.377 20.09 19.544 14.512 14.089 13.465 12.115 9.222 9.082 8.138 6.773 6.476 3.985 3.601 2.752
42.649 42.197 31.277 27.733 22.371 20.377 20.09 19.544 13.465 9.275 8.377 6.811 6.773 6.047 5.731 5.301 5.126 4.334 3.442 2.763
42.649 42.197 31.277 27.733 24.448 24.226 22.371 20.377 20.128 20.09 19.544 17.238 16.759 14.91 13.465 12.75 9.862 6.773 3.727 2.896
42.649 42.197 31.277 27.733 22.371 20.377 20.09 19.544 13.465 8.176 6.773 5.92 5.804 5.778 5.621 4.767 2.756 2.547 2.305 1.572
42.649 42.197 31.277 27.733 22.371 20.377 20.09 19.544 13.465 9.991 9.556 8.659 8.19 7.763 6.773 6.065 4.902 3.632 3.193 1.07

 *************************************************

 ********************* rotation ******************

 *************************************************


 The orthogonal matrix Q >>
0.214 0.269 0.097 0.201 0.364 0.349 0.378 0.542 0.015 0.376
0.269 -0.94 0.022 0.045 0.081 0.077 0.084 0.12 0.003 0.083
0.097 0.022 -0.992 0.016 0.029 0.028 0.03 0.044 0.001 0.03
0.201 0.045 0.016 -0.967 0.06 0.058 0.063 0.09 0.003 0.062
0.364 0.081 0.029 0.06 -0.891 0.104 0.113 0.162 0.005 0.113
0.349 0.077 0.028 0.058 0.104 -0.9 0.109 0.156 0.004 0.108
0.378 0.084 0.03 0.063 0.113 0.109 -0.882 0.169 0.005 0.117
0.542 0.12 0.044 0.09 0.162 0.156 0.169 -0.758 0.007 0.168
0.015 0.003 0.001 0.003 0.005 0.004 0.005 0.007 -1 0.005
0.376 0.083 0.03 0.062 0.113 0.108 0.117 0.168 0.005 -0.884

 Mean vectors and covariance matrices after rotation --- 1th cluster >>

 mean vector (mu'=Q*mu)>>
3.96 1.465 4.092 -0.163 -2.292 -5.811 -3.898 2.883 0.171 2.357 -1.045 -2.155 -4.049 -3.738 0.792 -2.883 3.635 -4.025 5.928 0.125

 covariance matrix (Sigma'=Q*Sigma*t(Q))>>

42.317 -0.649 -1.379 0 0 0 0 -0.993 -0.759 -0.318 0 0 0 0 -2.159 0 -0.262 0 -0.028 -0.645
-0.649 30.111 -2.69 0 0 0 0 -1.507 -1.311 -0.506 0 0 0 0 -2.628 0 -0.393 0 -0.018 -0.985
-1.379 -2.69 36.467 0 0 0 0 -4.098 -3.143 -1.313 0 0 0 0 -8.864 0 -1.081 0 -0.114 -2.662
0 0 0 10.605 -2.035 -1.231 -0.176 0 0 0 0.038 0.731 -0.285 0.243 0 0.354 0 0.487 0 0
0 0 0 -2.035 12.186 -0.824 1.389 0 0 0 -0.002 0.034 -0.42 1.973 0 -0.143 0 1.31 0 0
0 0 0 -1.231 -0.824 13.522 -0.175 0 0 0 -0.199 -0.925 -0.489 -0.204 0 -0.754 0 -0.667 0 0
0 0 0 -0.176 1.389 -0.175 6.879 0 0 0 0.057 -0.073 0.349 0.461 0 0.1 0 0.289 0 0
-0.993 -1.507 -4.098 0 0 0 0 18.957 -1.538 -0.461 0 0 0 0 0.264 0 -0.278 0 0.07 -0.763
-0.759 -1.311 -3.143 0 0 0 0 -1.538 26.289 -0.532 0 0 0 0 -2.255 0 -0.398 0 -0.003 -1.01
-0.318 -0.506 -1.313 0 0 0 0 -0.461 -0.532 22.197 0 0 0 0 -0.276 0 -0.116 0 0.014 -0.307
0 0 0 0.038 -0.002 -0.199 0.057 0 0 0 9.087 0.021 0.01 0.112 0 0.02 0 0.081 0 0
0 0 0 0.731 0.034 -0.925 -0.073 0 0 0 0.021 3.749 0.064 0.106 0 0.133 0 0.123 0 0
0 0 0 -0.285 -0.42 -0.489 0.349 0 0 0 0.01 0.064 12.045 0.556 0 0.018 0 0.391 0 0
0 0 0 0.243 1.973 -0.204 0.461 0 0 0 0.112 0.106 0.556 3.304 0 0.295 0 0.451 0 0
-2.159 -2.628 -8.864 0 0 0 0 0.264 -2.255 -0.276 0 0 0 0 24.013 0 0.148 0 0.382 0.073
0 0 0 0.354 -0.143 -0.754 0.1 0 0 0 0.02 0.133 0.018 0.295 0 8.24 0 0.247 0 0
-0.262 -0.393 -1.081 0 0 0 0 -0.278 -0.398 -0.116 0 0 0 0 0.148 0 19.476 0 0.02 -0.188
0 0 0 0.487 1.31 -0.667 0.289 0 0 0 0.081 0.123 0.391 0.451 0 0.247 0 4.355 0 0
-0.028 -0.018 -0.114 0 0 0 0 0.07 -0.003 0.014 0 0 0 0 0.382 0 0.02 0 6.784 0.044
-0.645 -0.985 -2.662 0 0 0 0 -0.763 -1.01 -0.307 0 0 0 0 0.073 0 -0.188 0 0.044 19.864

 Mean vectors and covariance matrices after rotation --- 2th cluster >>

 mean vector (mu'=Q*mu)>>
3.96 1.465 4.092 0.163 2.292 5.811 3.898 2.883 0.171 2.357 1.045 2.155 4.049 3.738 0.792 2.883 3.635 4.025 5.928 0.125

 covariance matrix (Sigma'=Q*Sigma*t(Q))>>

42.317 -0.649 -1.379 0 0 0 0 -0.993 -0.759 -0.318 0 0 0 0 -2.159 0 -0.262 0 -0.028 -0.645
-0.649 30.111 -2.69 0 0 0 0 -1.507 -1.311 -0.506 0 0 0 0 -2.628 0 -0.393 0 -0.018 -0.985
-1.379 -2.69 36.467 0 0 0 0 -4.098 -3.143 -1.313 0 0 0 0 -8.864 0 -1.081 0 -0.114 -2.662
0 0 0 8.074 0.968 0.758 0.691 0 0 0 0.043 -0.262 0.744 0.343 0 -0.317 0 0.625 0 0
0 0 0 0.968 6.023 0.409 0.268 0 0 0 -0.044 0.076 1.194 0.124 0 0.014 0 0.29 0 0
0 0 0 0.758 0.409 4.577 0.036 0 0 0 0.027 0.171 0.474 0.124 0 0.227 0 0.17 0 0
0 0 0 0.691 0.268 0.036 6.236 0 0 0 -0.033 0.252 0.374 0.051 0 0.157 0 -0.078 0 0
-0.993 -1.507 -4.098 0 0 0 0 18.957 -1.538 -0.461 0 0 0 0 0.264 0 -0.278 0 0.07 -0.763
-0.759 -1.311 -3.143 0 0 0 0 -1.538 26.289 -0.532 0 0 0 0 -2.255 0 -0.398 0 -0.003 -1.01
-0.318 -0.506 -1.313 0 0 0 0 -0.461 -0.532 22.197 0 0 0 0 -0.276 0 -0.116 0 0.014 -0.307
0 0 0 0.043 -0.044 0.027 -0.033 0 0 0 5.127 -0.032 0.062 -0.003 0 -0.014 0 0.04 0 0
0 0 0 -0.262 0.076 0.171 0.252 0 0 0 -0.032 8.269 0.388 0.045 0 -0.195 0 0.13 0 0
0 0 0 0.744 1.194 0.474 0.374 0 0 0 0.062 0.388 3.381 0.324 0 0.402 0 0.256 0 0
0 0 0 0.343 0.124 0.124 0.051 0 0 0 -0.003 0.045 0.324 5.346 0 0.046 0 0.089 0 0
-2.159 -2.628 -8.864 0 0 0 0 0.264 -2.255 -0.276 0 0 0 0 24.013 0 0.148 0 0.382 0.073
0 0 0 -0.317 0.014 0.227 0.157 0 0 0 -0.014 -0.195 0.402 0.046 0 6.592 0 0.225 0 0
-0.262 -0.393 -1.081 0 0 0 0 -0.278 -0.398 -0.116 0 0 0 0 0.148 0 19.476 0 0.02 -0.188
0 0 0 0.625 0.29 0.17 -0.078 0 0 0 0.04 0.13 0.256 0.089 0 0.225 0 3.581 0 0
-0.028 -0.018 -0.114 0 0 0 0 0.07 -0.003 0.014 0 0 0 0 0.382 0 0.02 0 6.784 0.044
-0.645 -0.985 -2.662 0 0 0 0 -0.763 -1.01 -0.307 0 0 0 0 0.073 0 -0.188 0 0.044 19.864

 Mean vectors and covariance matrices after rotation --- 3th cluster >>

 mean vector (mu'=Q*mu)>>
3.96 1.465 4.092 0.063 4.993 2.23 1.496 2.883 0.171 2.357 0.401 0.827 1.554 1.435 0.792 -17.456 3.635 1.545 5.928 0.125

 covariance matrix (Sigma'=Q*Sigma*t(Q))>>

42.317 -0.649 -1.379 0 0 0 0 -0.993 -0.759 -0.318 0 0 0 0 -2.159 0 -0.262 0 -0.028 -0.645
-0.649 30.111 -2.69 0 0 0 0 -1.507 -1.311 -0.506 0 0 0 0 -2.628 0 -0.393 0 -0.018 -0.985
-1.379 -2.69 36.467 0 0 0 0 -4.098 -3.143 -1.313 0 0 0 0 -8.864 0 -1.081 0 -0.114 -2.662
0 0 0 14.899 -0.783 0.853 0.337 0 0 0 -0.318 -0.503 2.11 -0.477 0 0.366 0 -0.258 0 0
0 0 0 -0.783 16.414 1.395 0.199 0 0 0 0.025 -0.708 -0.173 -0.598 0 2.96 0 -2.52 0 0
0 0 0 0.853 1.395 10.467 0.37 0 0 0 0.852 -0.101 -0.062 -0.008 0 1.011 0 -1.408 0 0
0 0 0 0.337 0.199 0.37 12.887 0 0 0 0.341 -0.23 0.13 -0.214 0 0.707 0 -1.024 0 0
-0.993 -1.507 -4.098 0 0 0 0 18.957 -1.538 -0.461 0 0 0 0 0.264 0 -0.278 0 0.07 -0.763
-0.759 -1.311 -3.143 0 0 0 0 -1.538 26.289 -0.532 0 0 0 0 -2.255 0 -0.398 0 -0.003 -1.01
-0.318 -0.506 -1.313 0 0 0 0 -0.461 -0.532 22.197 0 0 0 0 -0.276 0 -0.116 0 0.014 -0.307
0 0 0 -0.318 0.025 0.852 0.341 0 0 0 16.966 -0.212 1.22 -0.108 0 0.631 0 -0.012 0 0
0 0 0 -0.503 -0.708 -0.101 -0.23 0 0 0 -0.212 24.094 -0.605 -0.175 0 0.437 0 -0.388 0 0
0 0 0 2.11 -0.173 -0.062 0.13 0 0 0 1.22 -0.605 4.6 -0.77 0 0.006 0 -2.304 0 0
0 0 0 -0.477 -0.598 -0.008 -0.214 0 0 0 -0.108 -0.175 -0.77 19.92 0 0.734 0 -0.726 0 0
-2.159 -2.628 -8.864 0 0 0 0 0.264 -2.255 -0.276 0 0 0 0 24.013 0 0.148 0 0.382 0.073
0 0 0 0.366 2.96 1.011 0.707 0 0 0 0.631 0.437 0.006 0.734 0 3.797 0 0.053 0 0
-0.262 -0.393 -1.081 0 0 0 0 -0.278 -0.398 -0.116 0 0 0 0 0.148 0 19.476 0 0.02 -0.188
0 0 0 -0.258 -2.52 -1.408 -1.024 0 0 0 -0.012 -0.388 -2.304 -0.726 0 0.053 0 22.9 0 0
-0.028 -0.018 -0.114 0 0 0 0 0.07 -0.003 0.014 0 0 0 0 0.382 0 0.02 0 6.784 0.044
-0.645 -0.985 -2.662 0 0 0 0 -0.763 -1.01 -0.307 0 0 0 0 0.073 0 -0.188 0 0.044 19.864

 Mean vectors and covariance matrices after rotation --- 4th cluster >>

 mean vector (mu'=Q*mu)>>
3.96 1.465 4.092 0.042 3.37 1.505 1.01 2.883 0.171 2.357 -17.23 0.558 1.049 0.968 0.792 -5.441 3.635 1.043 5.928 0.125

 covariance matrix (Sigma'=Q*Sigma*t(Q))>>

42.317 -0.649 -1.379 0 0 0 0 -0.993 -0.759 -0.318 0 0 0 0 -2.159 0 -0.262 0 -0.028 -0.645
-0.649 30.111 -2.69 0 0 0 0 -1.507 -1.311 -0.506 0 0 0 0 -2.628 0 -0.393 0 -0.018 -0.985
-1.379 -2.69 36.467 0 0 0 0 -4.098 -3.143 -1.313 0 0 0 0 -8.864 0 -1.081 0 -0.114 -2.662
0 0 0 3.081 -0.872 -0.882 -0.522 0 0 0 -0.171 -0.173 -0.403 -0.041 0 -0.204 0 -0.605 0 0
0 0 0 -0.872 4.211 0.942 -0.558 0 0 0 -0.125 -0.249 -0.254 0.292 0 -0.361 0 0.57 0 0
0 0 0 -0.882 0.942 3.492 0.796 0 0 0 0.053 0.138 0.25 0.085 0 0.221 0 0.616 0 0
0 0 0 -0.522 -0.558 0.796 7.8 0 0 0 0.051 -0.049 0.11 0.274 0 -0.129 0 0.523 0 0
-0.993 -1.507 -4.098 0 0 0 0 18.957 -1.538 -0.461 0 0 0 0 0.264 0 -0.278 0 0.07 -0.763
-0.759 -1.311 -3.143 0 0 0 0 -1.538 26.289 -0.532 0 0 0 0 -2.255 0 -0.398 0 -0.003 -1.01
-0.318 -0.506 -1.313 0 0 0 0 -0.461 -0.532 22.197 0 0 0 0 -0.276 0 -0.116 0 0.014 -0.307
0 0 0 -0.171 -0.125 0.053 0.051 0 0 0 5.767 -0.023 -0.041 -0.065 0 -0.026 0 0.03 0 0
0 0 0 -0.173 -0.249 0.138 -0.049 0 0 0 -0.023 5.579 -0.051 0.015 0 -0.056 0 0.082 0 0
0 0 0 -0.403 -0.254 0.25 0.11 0 0 0 -0.041 -0.051 4.681 -0.044 0 -0.053 0 0.147 0 0
0 0 0 -0.041 0.292 0.085 0.274 0 0 0 -0.065 0.015 -0.044 1.64 0 0.066 0 0.039 0 0
-2.159 -2.628 -8.864 0 0 0 0 0.264 -2.255 -0.276 0 0 0 0 24.013 0 0.148 0 0.382 0.073
0 0 0 -0.204 -0.361 0.221 -0.129 0 0 0 -0.026 -0.056 -0.053 0.066 0 5.838 0 0.134 0 0
-0.262 -0.393 -1.081 0 0 0 0 -0.278 -0.398 -0.116 0 0 0 0 0.148 0 19.476 0 0.02 -0.188
0 0 0 -0.605 0.57 0.616 0.523 0 0 0 0.03 0.082 0.147 0.039 0 0.134 0 3.156 0 0
-0.028 -0.018 -0.114 0 0 0 0 0.07 -0.003 0.014 0 0 0 0 0.382 0 0.02 0 6.784 0.044
-0.645 -0.985 -2.662 0 0 0 0 -0.763 -1.01 -0.307 0 0 0 0 0.073 0 -0.188 0 0.044 19.864

 Mean vectors and covariance matrices after rotation --- 5th cluster >>

 mean vector (mu'=Q*mu)>>
3.96 1.465 4.092 0.069 5.499 2.456 1.648 2.883 0.171 2.357 -3.934 -16.034 1.712 1.58 0.792 -4.969 3.635 1.701 5.928 0.125

 covariance matrix (Sigma'=Q*Sigma*t(Q))>>

42.317 -0.649 -1.379 0 0 0 0 -0.993 -0.759 -0.318 0 0 0 0 -2.159 0 -0.262 0 -0.028 -0.645
-0.649 30.111 -2.69 0 0 0 0 -1.507 -1.311 -0.506 0 0 0 0 -2.628 0 -0.393 0 -0.018 -0.985
-1.379 -2.69 36.467 0 0 0 0 -4.098 -3.143 -1.313 0 0 0 0 -8.864 0 -1.081 0 -0.114 -2.662
0 0 0 3.654 -0.22 -0.108 -0.083 0 0 0 0.091 -0.064 -0.075 0.062 0 0.056 0 -0.143 0 0
0 0 0 -0.22 8.446 0.057 -0.009 0 0 0 -0.799 -0.144 0.434 0.326 0 -0.242 0 -0.501 0 0
0 0 0 -0.108 0.057 7.723 -0.041 0 0 0 -0.36 -0.09 0.064 -0.15 0 -0.273 0 -0.349 0 0
0 0 0 -0.083 -0.009 -0.041 8.156 0 0 0 -0.286 -0.058 0.035 -0.152 0 -0.228 0 -0.222 0 0
-0.993 -1.507 -4.098 0 0 0 0 18.957 -1.538 -0.461 0 0 0 0 0.264 0 -0.278 0 0.07 -0.763
-0.759 -1.311 -3.143 0 0 0 0 -1.538 26.289 -0.532 0 0 0 0 -2.255 0 -0.398 0 -0.003 -1.01
-0.318 -0.506 -1.313 0 0 0 0 -0.461 -0.532 22.197 0 0 0 0 -0.276 0 -0.116 0 0.014 -0.307
0 0 0 0.091 -0.799 -0.36 -0.286 0 0 0 5.275 -0.237 -0.214 0.397 0 0.311 0 -0.527 0 0
0 0 0 -0.064 -0.144 -0.09 -0.058 0 0 0 -0.237 9.511 -0.032 -0.221 0 -0.234 0 -0.142 0 0
0 0 0 -0.075 0.434 0.064 0.035 0 0 0 -0.214 -0.032 6.119 -0.19 0 -0.214 0 -0.238 0 0
0 0 0 0.062 0.326 -0.15 -0.152 0 0 0 0.397 -0.221 -0.19 1.206 0 0.173 0 -0.75 0 0
-2.159 -2.628 -8.864 0 0 0 0 0.264 -2.255 -0.276 0 0 0 0 24.013 0 0.148 0 0.382 0.073
0 0 0 0.056 -0.242 -0.273 -0.228 0 0 0 0.311 -0.234 -0.214 0.173 0 3.351 0 -0.665 0 0
-0.262 -0.393 -1.081 0 0 0 0 -0.278 -0.398 -0.116 0 0 0 0 0.148 0 19.476 0 0.02 -0.188
0 0 0 -0.143 -0.501 -0.349 -0.222 0 0 0 -0.527 -0.142 -0.238 -0.75 0 -0.665 0 9.579 0 0
-0.028 -0.018 -0.114 0 0 0 0 0.07 -0.003 0.014 0 0 0 0 0.382 0 0.02 0 6.784 0.044
-0.645 -0.985 -2.662 0 0 0 0 -0.763 -1.01 -0.307 0 0 0 0 0.073 0 -0.188 0 0.044 19.864

 Final eigenvalues for each cluster >> 
 (rows correspond to clusters)
42.649 42.197 31.277 27.733 22.371 20.377 20.09 19.544 14.512 14.089 13.465 12.115 9.222 9.082 8.138 6.773 6.476 3.985 3.601 2.752
42.649 42.197 31.277 27.733 22.371 20.377 20.09 19.544 13.465 9.275 8.377 6.811 6.773 6.047 5.731 5.301 5.126 4.334 3.442 2.763
42.649 42.197 31.277 27.733 24.448 24.226 22.371 20.377 20.128 20.09 19.544 17.238 16.759 14.91 13.465 12.75 9.862 6.773 3.727 2.896
42.649 42.197 31.277 27.733 22.371 20.377 20.09 19.544 13.465 8.176 6.773 5.92 5.804 5.778 5.621 4.767 2.756 2.547 2.305 1.572
42.649 42.197 31.277 27.733 22.371 20.377 20.09 19.544 13.465 9.991 9.556 8.659 8.19 7.763 6.773 6.065 4.902 3.632 3.193 1.07

 theoretical Separation index matrix >>

-1 0.345 0.362 0.348 0.34
0.345 -1 0.417 0.398 0.34
0.362 0.417 -1 0.34 0.355
0.348 0.398 0.34 -1 0.36
0.34 0.34 0.355 0.36 -1

 theoretical projection directions >>

**** cluster 1 and 2
0 0 0 -0.051 0.025 0.443 0.326 0 0 0 0.088 0.212 0.256 0.438 0 0.216 0 0.581 0 0

**** cluster 1 and 3
0 0 0 0.029 0.241 0.225 0.164 0 0 0 0.031 0.089 0.249 0.144 0 -0.863 0 0.165 0 0

**** cluster 1 and 4
0 0 0 0.086 0.121 0.282 0.143 0 0 0 -0.673 0.178 0.175 0.485 0 -0.12 0 0.336 0 0

**** cluster 1 and 5
0 0 0 0.073 0.137 0.231 0.184 0 0 0 -0.119 -0.602 0.174 0.638 0 -0.098 0 0.254 0 0

**** cluster 2 and 3
0 0 0 0.027 0.194 -0.044 -0.01 0 0 0 0.028 -0.004 -0.135 -0.004 0 -0.97 0 -0.025 0 0

**** cluster 2 and 4
0 0 0 -0.025 0.09 -0.219 -0.074 0 0 0 -0.861 -0.055 -0.143 -0.191 0 -0.328 0 -0.168 0 0

**** cluster 2 and 5
0 0 0 -0.004 0.139 -0.185 -0.106 0 0 0 -0.31 -0.676 -0.135 -0.226 0 -0.536 0 -0.158 0 0

**** cluster 3 and 4
0 0 0 -0.043 -0.16 -0.047 -0.03 0 0 0 -0.496 -0.027 0.022 -0.052 0 0.848 0 -0.033 0 0

**** cluster 3 and 5
0 0 0 -0.04 -0.104 -0.019 -0.019 0 0 0 -0.149 -0.263 0.032 -0.041 0 0.945 0 0.003 0 0

**** cluster 4 and 5
0 0 0 0.034 0.134 0.06 0.032 0 0 0 0.731 -0.661 0.047 -0.006 0 0.005 0 0.056 0 0

 empirical Separation index matrix (alpha= 0.05 )>>

-1 0.416 0.401 0.355 0.469
0.416 -1 0.358 0.387 0.393
0.401 0.358 -1 0.362 0.395
0.355 0.387 0.362 -1 0.336
0.469 0.393 0.395 0.336 -1

 empirical projection directions >>

**** cluster 1 and 2
-0.014 0.069 -0.036 -0.101 -0.172 -0.229 -0.084 0.053 -0.148 0.121 0.005 -0.017 -0.223 -0.191 -0.008 0.843 -0.112 -0.201 0.072 -0.002

**** cluster 1 and 3
-0.002 0.08 0.027 0.096 -0.094 -0.066 -0.023 0.016 -0.042 0.019 -0.062 -0.211 0.166 -0.027 0.053 0.937 -0.006 -0.033 -0.097 -0.017

**** cluster 1 and 4
-0.025 0.04 -0.035 -0.097 -0.112 -0.166 0.036 0.137 -0.003 -0.011 -0.458 0.048 0.28 -0.15 -0.004 0.779 0.007 -0.075 0.013 0.033

**** cluster 1 and 5
0.004 -0.028 0.078 0.107 -0.04 0.012 0.095 0.075 0.035 -0.008 -0.084 0.033 0.319 -0.002 0.077 0.914 0.041 0.008 0.107 -0.003

**** cluster 2 and 3
-0.041 0.001 -0.028 0.188 0.126 0.294 0.168 0.011 0.088 0.022 -0.019 -0.64 0.012 0.526 -0.08 -0.081 0.027 0.326 -0.123 0.03

**** cluster 2 and 4
-0.02 -0.025 0.026 0.124 0.111 0.355 0.098 0.022 0.044 -0.009 -0.52 0.309 0.165 0.522 0.086 -0.063 0.016 0.379 -0.097 -0.048

**** cluster 2 and 5
-0.034 0.018 -0.013 0.029 0.077 0.476 0.221 0.045 0.084 0.073 -0.099 0.324 0.171 0.328 0.079 0.297 -0.025 0.56 -0.172 0.107

**** cluster 3 and 4
0.049 -0.076 -0.079 -0.085 -0.179 -0.177 -0.019 0.01 -0.021 -0.026 -0.575 0.676 0.142 0.1 0.062 0.051 0.03 -0.17 0.243 -0.008

**** cluster 3 and 5
0.045 0.012 0.013 0.174 -0.035 0.022 0.016 -0.097 -0.017 -0.033 0.033 0.643 0.124 0.183 0.064 0.685 -0.028 0.091 0.082 0.043

**** cluster 4 and 5
0.016 -0.026 -0.041 0.202 -0.089 0.038 0.158 -0.117 -0.029 -0.055 0.594 0.147 -0.038 0.299 0.017 0.347 0.006 0.538 -0.16 0.063
