
 Log information for the data set datasetJLG5v10nv10out0_3.dat >>

 alpha = 0.05 sepVal = 0.01

 Number of clusters >> 5

 cluster sizes >>
50 50 50 50 50

 Number of data points >> 250

 Number of dimensions >> 20

 Number of noisy dimensions >> 10

 noisy variables >>
2 3 4 5 7 10 13 15 18 20

 Number of outliers >> 0

 initial eigenvalues for each cluster >> 
 (rows correspond to clusters)
6.436 8.883 3.689 6.86 2.879 5.801 5.147 6.531 5.742 8.956
2.062 5.427 3.458 7.129 7.423 1.372 9.682 5.159 6.303 4.696
8.454 2.21 1.015 4.956 2.738 9.477 9.524 8.407 8.696 5.75
1.004 8.271 2.307 5.567 5.749 7.224 6.333 5.699 9.872 8.237
9.203 6.378 6.868 9.791 8.241 8.127 9.717 4.43 3.418 7.727

 Mean vectors and covariance matrices before rotation --- 1th cluster >>

 mean vector (mu'=Q*mu)>>
-5.401 0 0 0 0 0 0 0 0 0 0.042 0.18 0.393 2.712 1.918 1.239 3.116 2.993 2.223 1.145

 covariance matrix (Sigma'=Q*Sigma*t(Q))>>

6.168 -0.881 0.757 -0.087 1.152 0.157 0.265 -0.121 0.156 -1.018 0 0 0 0 0 0 0 0 0 0
-0.881 8.437 0.007 -0.111 0.081 -0.199 -0.089 -0.285 -0.169 -0.509 0 0 0 0 0 0 0 0 0 0
0.757 0.007 4.065 0.068 0.499 0.282 0.224 0.228 0.25 0.001 0 0 0 0 0 0 0 0 0 0
-0.087 -0.111 0.068 6.845 0.109 0 0.017 -0.031 0.002 -0.128 0 0 0 0 0 0 0 0 0 0
1.152 0.081 0.499 0.109 3.531 0.408 0.313 0.35 0.36 0.084 0 0 0 0 0 0 0 0 0 0
0.157 -0.199 0.282 0 0.408 5.918 0.125 0.038 0.108 -0.232 0 0 0 0 0 0 0 0 0 0
0.265 -0.089 0.224 0.017 0.313 0.125 5.261 0.075 0.113 -0.105 0 0 0 0 0 0 0 0 0 0
-0.121 -0.285 0.228 -0.031 0.35 0.038 0.075 6.481 0.039 -0.329 0 0 0 0 0 0 0 0 0 0
0.156 -0.169 0.25 0.002 0.36 0.108 0.113 0.039 5.841 -0.197 0 0 0 0 0 0 0 0 0 0
-1.018 -0.509 0.001 -0.128 0.084 -0.232 -0.105 -0.329 -0.197 8.376 0 0 0 0 0 0 0 0 0 0
0 0 0 0 0 0 0 0 0 0 12.73 0.499 -0.002 -0.504 -0.462 -0.084 -3.306 0.321 0.497 -2.833
0 0 0 0 0 0 0 0 0 0 0.499 6.962 -0.001 -0.048 -0.052 -0.012 -0.301 0.027 0.04 -0.256
0 0 0 0 0 0 0 0 0 0 -0.002 -0.001 10.859 -0.026 -0.056 -0.021 -0.113 0 -0.002 -0.087
0 0 0 0 0 0 0 0 0 0 -0.504 -0.048 -0.026 13.479 -0.503 -0.193 -0.828 -0.022 -0.062 -0.609
0 0 0 0 0 0 0 0 0 0 -0.462 -0.052 -0.056 -0.503 10.52 -0.431 -2.152 -0.015 -0.084 -1.626
0 0 0 0 0 0 0 0 0 0 -0.084 -0.012 -0.021 -0.193 -0.431 11.025 -0.844 -0.001 -0.024 -0.642
0 0 0 0 0 0 0 0 0 0 -3.306 -0.301 -0.113 -0.828 -2.152 -0.844 14.089 -0.155 -0.364 -2.205
0 0 0 0 0 0 0 0 0 0 0.321 0.027 0 -0.022 -0.015 -0.001 -0.155 6.386 0.027 -0.135
0 0 0 0 0 0 0 0 0 0 0.497 0.04 -0.002 -0.062 -0.084 -0.024 -0.364 0.027 7.42 -0.304
0 0 0 0 0 0 0 0 0 0 -2.833 -0.256 -0.087 -0.609 -1.626 -0.642 -2.205 -0.135 -0.304 17.996

 Mean vectors and covariance matrices before rotation --- 2th cluster >>

 mean vector (mu'=Q*mu)>>
5.401 0 0 0 0 0 0 0 0 0 0.042 0.18 0.393 2.712 1.918 1.239 3.116 2.993 2.223 1.145

 covariance matrix (Sigma'=Q*Sigma*t(Q))>>

4.391 -0.853 0.036 -0.284 -0.72 1.319 -1.813 -0.218 -0.203 -0.32 0 0 0 0 0 0 0 0 0 0
-0.853 4.288 -0.109 -0.244 -0.593 -0.195 -1.211 -0.333 -0.204 -0.683 0 0 0 0 0 0 0 0 0 0
0.036 -0.109 3.453 -0.027 -0.068 0.039 -0.152 -0.031 -0.022 -0.058 0 0 0 0 0 0 0 0 0 0
-0.284 -0.244 -0.027 7.08 -0.118 -0.092 -0.229 -0.072 -0.042 -0.153 0 0 0 0 0 0 0 0 0 0
-0.72 -0.593 -0.068 -0.118 7.14 -0.238 -0.546 -0.176 -0.102 -0.374 0 0 0 0 0 0 0 0 0 0
1.319 -0.195 0.039 -0.092 -0.238 2.062 -0.654 -0.042 -0.059 -0.022 0 0 0 0 0 0 0 0 0 0
-1.813 -1.211 -0.152 -0.229 -0.546 -0.654 8.671 -0.363 -0.202 -0.785 0 0 0 0 0 0 0 0 0 0
-0.218 -0.333 -0.031 -0.072 -0.176 -0.042 -0.363 5.062 -0.06 -0.198 0 0 0 0 0 0 0 0 0 0
-0.203 -0.204 -0.022 -0.042 -0.102 -0.059 -0.202 -0.06 6.267 -0.126 0 0 0 0 0 0 0 0 0 0
-0.32 -0.683 -0.058 -0.153 -0.374 -0.022 -0.785 -0.198 -0.126 4.299 0 0 0 0 0 0 0 0 0 0
0 0 0 0 0 0 0 0 0 0 12.73 0.499 -0.002 -0.504 -0.462 -0.084 -3.306 0.321 0.497 -2.833
0 0 0 0 0 0 0 0 0 0 0.499 6.962 -0.001 -0.048 -0.052 -0.012 -0.301 0.027 0.04 -0.256
0 0 0 0 0 0 0 0 0 0 -0.002 -0.001 10.859 -0.026 -0.056 -0.021 -0.113 0 -0.002 -0.087
0 0 0 0 0 0 0 0 0 0 -0.504 -0.048 -0.026 13.479 -0.503 -0.193 -0.828 -0.022 -0.062 -0.609
0 0 0 0 0 0 0 0 0 0 -0.462 -0.052 -0.056 -0.503 10.52 -0.431 -2.152 -0.015 -0.084 -1.626
0 0 0 0 0 0 0 0 0 0 -0.084 -0.012 -0.021 -0.193 -0.431 11.025 -0.844 -0.001 -0.024 -0.642
0 0 0 0 0 0 0 0 0 0 -3.306 -0.301 -0.113 -0.828 -2.152 -0.844 14.089 -0.155 -0.364 -2.205
0 0 0 0 0 0 0 0 0 0 0.321 0.027 0 -0.022 -0.015 -0.001 -0.155 6.386 0.027 -0.135
0 0 0 0 0 0 0 0 0 0 0.497 0.04 -0.002 -0.062 -0.084 -0.024 -0.364 0.027 7.42 -0.304
0 0 0 0 0 0 0 0 0 0 -2.833 -0.256 -0.087 -0.609 -1.626 -0.642 -2.205 -0.135 -0.304 17.996

 Mean vectors and covariance matrices before rotation --- 3th cluster >>

 mean vector (mu'=Q*mu)>>
0 9.355 0 0 0 0 0 0 0 0 0.042 0.18 0.393 2.712 1.918 1.239 3.116 2.993 2.223 1.145

 covariance matrix (Sigma'=Q*Sigma*t(Q))>>

7.651 3.01 1.536 0.244 1.526 -0.945 -2.4 -0.197 -0.243 0.208 0 0 0 0 0 0 0 0 0 0
3.01 6.397 1.462 0.645 1.853 0.36 0.888 0.151 0.153 1.432 0 0 0 0 0 0 0 0 0 0
1.536 1.462 2.037 0.293 0.816 0.199 0.492 0.077 0.079 0.662 0 0 0 0 0 0 0 0 0 0
0.244 0.645 0.293 6.963 0.351 0.006 0.012 0.013 0.011 0.223 0 0 0 0 0 0 0 0 0 0
1.526 1.853 0.816 0.351 4.811 0.173 0.425 0.077 0.077 0.771 0 0 0 0 0 0 0 0 0 0
-0.945 0.36 0.199 0.006 0.173 12.908 -0.506 -0.046 -0.055 -0.049 0 0 0 0 0 0 0 0 0 0
-2.4 0.888 0.492 0.012 0.425 -0.506 11.892 -0.118 -0.14 -0.132 0 0 0 0 0 0 0 0 0 0
-0.197 0.151 0.077 0.013 0.077 -0.046 -0.118 11.618 -0.012 0.012 0 0 0 0 0 0 0 0 0 0
-0.243 0.153 0.079 0.011 0.077 -0.055 -0.14 -0.012 12.012 0.005 0 0 0 0 0 0 0 0 0 0
0.208 1.432 0.662 0.223 0.771 -0.049 -0.132 0.012 0.005 8.394 0 0 0 0 0 0 0 0 0 0
0 0 0 0 0 0 0 0 0 0 12.73 0.499 -0.002 -0.504 -0.462 -0.084 -3.306 0.321 0.497 -2.833
0 0 0 0 0 0 0 0 0 0 0.499 6.962 -0.001 -0.048 -0.052 -0.012 -0.301 0.027 0.04 -0.256
0 0 0 0 0 0 0 0 0 0 -0.002 -0.001 10.859 -0.026 -0.056 -0.021 -0.113 0 -0.002 -0.087
0 0 0 0 0 0 0 0 0 0 -0.504 -0.048 -0.026 13.479 -0.503 -0.193 -0.828 -0.022 -0.062 -0.609
0 0 0 0 0 0 0 0 0 0 -0.462 -0.052 -0.056 -0.503 10.52 -0.431 -2.152 -0.015 -0.084 -1.626
0 0 0 0 0 0 0 0 0 0 -0.084 -0.012 -0.021 -0.193 -0.431 11.025 -0.844 -0.001 -0.024 -0.642
0 0 0 0 0 0 0 0 0 0 -3.306 -0.301 -0.113 -0.828 -2.152 -0.844 14.089 -0.155 -0.364 -2.205
0 0 0 0 0 0 0 0 0 0 0.321 0.027 0 -0.022 -0.015 -0.001 -0.155 6.386 0.027 -0.135
0 0 0 0 0 0 0 0 0 0 0.497 0.04 -0.002 -0.062 -0.084 -0.024 -0.364 0.027 7.42 -0.304
0 0 0 0 0 0 0 0 0 0 -2.833 -0.256 -0.087 -0.609 -1.626 -0.642 -2.205 -0.135 -0.304 17.996

 Mean vectors and covariance matrices before rotation --- 4th cluster >>

 mean vector (mu'=Q*mu)>>
0 3.118 8.82 0 0 0 0 0 0 0 0.042 0.18 0.393 2.712 1.918 1.239 3.116 2.993 2.223 1.145

 covariance matrix (Sigma'=Q*Sigma*t(Q))>>

10.544 -0.376 0.833 -0.014 -0.207 -1.308 -0.206 -0.17 -1.804 -2.256 0 0 0 0 0 0 0 0 0 0
-0.376 13.181 -0.072 -0.054 -0.338 -0.439 -0.124 -0.329 -0.314 -0.536 0 0 0 0 0 0 0 0 0 0
0.833 -0.072 3.766 -0.021 -0.143 -0.299 -0.067 -0.136 -0.308 -0.436 0 0 0 0 0 0 0 0 0 0
-0.014 -0.054 -0.021 8.903 -0.181 -0.256 -0.069 -0.176 -0.201 -0.326 0 0 0 0 0 0 0 0 0 0
-0.207 -0.338 -0.143 -0.181 8.078 -1.609 -0.437 -1.113 -1.254 -2.043 0 0 0 0 0 0 0 0 0 0
-1.308 -0.439 -0.299 -0.256 -1.609 9.444 -0.6 -1.568 -1.583 -2.656 0 0 0 0 0 0 0 0 0 0
-0.206 -0.124 -0.067 -0.069 -0.437 -0.6 9.996 -0.425 -0.456 -0.753 0 0 0 0 0 0 0 0 0 0
-0.17 -0.329 -0.136 -0.176 -1.113 -1.568 -0.425 8.062 -1.224 -1.992 0 0 0 0 0 0 0 0 0 0
-1.804 -0.314 -0.308 -0.201 -1.254 -1.583 -0.456 -1.224 14.743 -1.905 0 0 0 0 0 0 0 0 0 0
-2.256 -0.536 -0.436 -0.326 -2.043 -2.656 -0.753 -1.992 -1.905 9.969 0 0 0 0 0 0 0 0 0 0
0 0 0 0 0 0 0 0 0 0 12.73 0.499 -0.002 -0.504 -0.462 -0.084 -3.306 0.321 0.497 -2.833
0 0 0 0 0 0 0 0 0 0 0.499 6.962 -0.001 -0.048 -0.052 -0.012 -0.301 0.027 0.04 -0.256
0 0 0 0 0 0 0 0 0 0 -0.002 -0.001 10.859 -0.026 -0.056 -0.021 -0.113 0 -0.002 -0.087
0 0 0 0 0 0 0 0 0 0 -0.504 -0.048 -0.026 13.479 -0.503 -0.193 -0.828 -0.022 -0.062 -0.609
0 0 0 0 0 0 0 0 0 0 -0.462 -0.052 -0.056 -0.503 10.52 -0.431 -2.152 -0.015 -0.084 -1.626
0 0 0 0 0 0 0 0 0 0 -0.084 -0.012 -0.021 -0.193 -0.431 11.025 -0.844 -0.001 -0.024 -0.642
0 0 0 0 0 0 0 0 0 0 -3.306 -0.301 -0.113 -0.828 -2.152 -0.844 14.089 -0.155 -0.364 -2.205
0 0 0 0 0 0 0 0 0 0 0.321 0.027 0 -0.022 -0.015 -0.001 -0.155 6.386 0.027 -0.135
0 0 0 0 0 0 0 0 0 0 0.497 0.04 -0.002 -0.062 -0.084 -0.024 -0.364 0.027 7.42 -0.304
0 0 0 0 0 0 0 0 0 0 -2.833 -0.256 -0.087 -0.609 -1.626 -0.642 -2.205 -0.135 -0.304 17.996

 Mean vectors and covariance matrices before rotation --- 5th cluster >>

 mean vector (mu'=Q*mu)>>
0 3.118 2.205 8.54 0 0 0 0 0 0 0.042 0.18 0.393 2.712 1.918 1.239 3.116 2.993 2.223 1.145

 covariance matrix (Sigma'=Q*Sigma*t(Q))>>

6.89 0.329 0.29 -0.541 -0.343 -0.121 -0.043 0.543 1.84 -0.04 0 0 0 0 0 0 0 0 0 0
0.329 6.625 0.339 0.027 0.208 0.092 0.003 0.224 0.668 0.1 0 0 0 0 0 0 0 0 0 0
0.29 0.339 7.324 0.004 0.249 0.112 0.001 0.321 0.971 0.127 0 0 0 0 0 0 0 0 0 0
-0.541 0.027 0.004 9.672 -0.107 -0.041 -0.01 0.076 0.274 -0.025 0 0 0 0 0 0 0 0 0 0
-0.343 0.208 0.249 -0.107 8.276 0.022 -0.008 0.243 0.776 0.045 0 0 0 0 0 0 0 0 0 0
-0.121 0.092 0.112 -0.041 0.022 8.139 -0.003 0.105 0.332 0.022 0 0 0 0 0 0 0 0 0 0
-0.043 0.003 0.001 -0.01 -0.008 -0.003 9.716 0.007 0.023 -0.002 0 0 0 0 0 0 0 0 0 0
0.543 0.224 0.321 0.076 0.243 0.105 0.007 4.61 0.518 0.105 0 0 0 0 0 0 0 0 0 0
1.84 0.668 0.971 0.274 0.776 0.332 0.023 0.518 4.889 0.328 0 0 0 0 0 0 0 0 0 0
-0.04 0.1 0.127 -0.025 0.045 0.022 -0.002 0.105 0.328 7.757 0 0 0 0 0 0 0 0 0 0
0 0 0 0 0 0 0 0 0 0 12.73 0.499 -0.002 -0.504 -0.462 -0.084 -3.306 0.321 0.497 -2.833
0 0 0 0 0 0 0 0 0 0 0.499 6.962 -0.001 -0.048 -0.052 -0.012 -0.301 0.027 0.04 -0.256
0 0 0 0 0 0 0 0 0 0 -0.002 -0.001 10.859 -0.026 -0.056 -0.021 -0.113 0 -0.002 -0.087
0 0 0 0 0 0 0 0 0 0 -0.504 -0.048 -0.026 13.479 -0.503 -0.193 -0.828 -0.022 -0.062 -0.609
0 0 0 0 0 0 0 0 0 0 -0.462 -0.052 -0.056 -0.503 10.52 -0.431 -2.152 -0.015 -0.084 -1.626
0 0 0 0 0 0 0 0 0 0 -0.084 -0.012 -0.021 -0.193 -0.431 11.025 -0.844 -0.001 -0.024 -0.642
0 0 0 0 0 0 0 0 0 0 -3.306 -0.301 -0.113 -0.828 -2.152 -0.844 14.089 -0.155 -0.364 -2.205
0 0 0 0 0 0 0 0 0 0 0.321 0.027 0 -0.022 -0.015 -0.001 -0.155 6.386 0.027 -0.135
0 0 0 0 0 0 0 0 0 0 0.497 0.04 -0.002 -0.062 -0.084 -0.024 -0.364 0.027 7.42 -0.304
0 0 0 0 0 0 0 0 0 0 -2.833 -0.256 -0.087 -0.609 -1.626 -0.642 -2.205 -0.135 -0.304 17.996

 Final eigenvalues for each cluster >> 
 (rows correspond to clusters)
19.545 17.183 13.685 11.666 11.185 10.862 8.956 8.883 7.381 6.921 6.86 6.669 6.531 6.436 6.369 5.801 5.742 5.147 3.689 2.879
19.545 17.183 13.685 11.666 11.185 10.862 9.682 7.423 7.381 7.129 6.921 6.669 6.369 6.303 5.427 5.159 4.696 3.458 2.062 1.372
19.545 17.183 13.685 13.172 13.108 12.027 11.693 11.666 11.628 11.185 10.862 7.953 7.381 6.921 6.855 6.669 6.369 3.787 3.057 1.404
19.545 17.183 15.839 13.685 13.27 13.216 11.666 11.59 11.185 10.862 10.161 9.224 9.144 8.931 7.381 6.921 6.669 6.369 3.702 1.611
19.545 17.183 13.685 11.666 11.185 10.862 9.791 9.717 9.203 8.241 8.127 7.727 7.381 6.921 6.868 6.669 6.378 6.369 4.43 3.418

 *************************************************

 ********************* rotation ******************

 *************************************************


 The orthogonal matrix Q >>
0.073 0.564 0.323 0.496 0.196 0.219 0.301 0.139 0.354 0.065
0.564 -0.703 0.17 0.261 0.103 0.115 0.158 0.073 0.186 0.034
0.323 0.17 -0.903 0.149 0.059 0.066 0.09 0.042 0.106 0.02
0.496 0.261 0.149 -0.77 0.09 0.101 0.139 0.064 0.164 0.03
0.196 0.103 0.059 0.09 -0.964 0.04 0.055 0.025 0.064 0.012
0.219 0.115 0.066 0.101 0.04 -0.955 0.061 0.028 0.072 0.013
0.301 0.158 0.09 0.139 0.055 0.061 -0.916 0.039 0.099 0.018
0.139 0.073 0.042 0.064 0.025 0.028 0.039 -0.982 0.046 0.008
0.354 0.186 0.106 0.164 0.064 0.072 0.099 0.046 -0.883 0.021
0.065 0.034 0.02 0.03 0.012 0.013 0.018 0.008 0.021 -0.996

 Mean vectors and covariance matrices after rotation --- 1th cluster >>

 mean vector (mu'=Q*mu)>>
-1.91 2.712 1.145 0.393 3.116 -1.056 1.918 -0.396 -0.351 2.223 -1.624 -0.753 0.18 -3.047 2.993 -1.184 -2.682 0.042 -1.745 1.239

 covariance matrix (Sigma'=Q*Sigma*t(Q))>>

5.808 0 0 0 0 -0.073 0 0.209 0.295 0 0.072 0.079 0 -0.169 0 0.041 -0.042 0 0.097 0
0 13.479 -0.609 -0.026 -0.828 0 -0.503 0 0 -0.062 0 0 -0.048 0 -0.022 0 0 -0.504 0 -0.193
0 -0.609 17.996 -0.087 -2.205 0 -1.626 0 0 -0.304 0 0 -0.256 0 -0.135 0 0 -2.833 0 -0.642
0 -0.026 -0.087 10.859 -0.113 0 -0.056 0 0 -0.002 0 0 -0.001 0 0 0 0 -0.002 0 -0.021
0 -0.828 -2.205 -0.113 14.089 0 -2.152 0 0 -0.364 0 0 -0.301 0 -0.155 0 0 -3.306 0 -0.844
-0.073 0 0 0 0 3.062 0 -0.078 0.28 0 -0.063 0.208 0 -0.581 0 0.114 -0.498 0 0.036 0
0 -0.503 -1.626 -0.056 -2.152 0 10.52 0 0 -0.084 0 0 -0.052 0 -0.015 0 0 -0.462 0 -0.431
0.209 0 0 0 0 -0.078 0 6.796 0.502 0 0.271 0.06 0 -0.637 0 0.051 -0.006 0 0.433 0
0.295 0 0 0 0 0.28 0 0.502 8.558 0 0.31 -0.126 0 0.285 0 0.064 0.563 0 0.427 0
0 -0.062 -0.304 -0.002 -0.364 0 -0.084 0 0 7.42 0 0 0.04 0 0.027 0 0 0.497 0 -0.024
0.072 0 0 0 0 -0.063 0 0.271 0.31 0 5.215 0.104 0 -0.11 0 0.061 -0.038 0 0.082 0
0.079 0 0 0 0 0.208 0 0.06 -0.126 0 0.104 6.518 0 -0.201 0 0.044 0.025 0 0.215 0
0 -0.048 -0.256 -0.001 -0.301 0 -0.052 0 0 0.04 0 0 6.962 0 0.027 0 0 0.499 0 -0.012
-0.169 0 0 0 0 -0.581 0 -0.637 0.285 0 -0.11 -0.201 0 8.52 0 -0.273 -0.108 0 -0.19 0
0 -0.022 -0.135 0 -0.155 0 -0.015 0 0 0.027 0 0 0.027 0 6.386 0 0 0.321 0 -0.001
0.041 0 0 0 0 0.114 0 0.051 0.064 0 0.061 0.044 0 -0.273 0 5.849 -0.092 0 0.145 0
-0.042 0 0 0 0 -0.498 0 -0.006 0.563 0 -0.038 0.025 0 -0.108 0 -0.092 6.786 0 -0.144 0
0 -0.504 -2.833 -0.002 -3.306 0 -0.462 0 0 0.497 0 0 0.499 0 0.321 0 0 12.73 0 -0.084
0.097 0 0 0 0 0.036 0 0.433 0.427 0 0.082 0.215 0 -0.19 0 0.145 -0.144 0 3.813 0
0 -0.193 -0.642 -0.021 -0.844 0 -0.431 0 0 -0.024 0 0 -0.012 0 -0.001 0 0 -0.084 0 11.025

 Mean vectors and covariance matrices after rotation --- 2th cluster >>

 mean vector (mu'=Q*mu)>>
1.91 2.712 1.145 0.393 3.116 1.056 1.918 0.396 0.351 2.223 1.624 0.753 0.18 3.047 2.993 1.184 2.682 0.042 1.745 1.239

 covariance matrix (Sigma'=Q*Sigma*t(Q))>>

5.841 0 0 0 0 0.012 0 -0.929 0.208 0 0.125 -0.018 0 -0.184 0 -0.446 -0.793 0 -0.219 0
0 13.479 -0.609 -0.026 -0.828 0 -0.503 0 0 -0.062 0 0 -0.048 0 -0.022 0 0 -0.504 0 -0.193
0 -0.609 17.996 -0.087 -2.205 0 -1.626 0 0 -0.304 0 0 -0.256 0 -0.135 0 0 -2.833 0 -0.642
0 -0.026 -0.087 10.859 -0.113 0 -0.056 0 0 -0.002 0 0 -0.001 0 0 0 0 -0.002 0 -0.021
0 -0.828 -2.205 -0.113 14.089 0 -2.152 0 0 -0.364 0 0 -0.301 0 -0.155 0 0 -3.306 0 -0.844
0.012 0 0 0 0 7.395 0 -0.064 -0.125 0 -0.069 -0.015 0 -0.025 0 -0.235 -0.043 0 0.142 0
0 -0.503 -1.626 -0.056 -2.152 0 10.52 0 0 -0.084 0 0 -0.052 0 -0.015 0 0 -0.462 0 -0.431
-0.929 0 0 0 0 -0.064 0 3.901 0.798 0 -0.339 0.133 0 0.111 0 0.497 -1.771 0 -0.046 0
0.208 0 0 0 0 -0.125 0 0.798 4.436 0 -0.375 -0.027 0 -0.022 0 0.162 0.288 0 0.282 0
0 -0.062 -0.304 -0.002 -0.364 0 -0.084 0 0 7.42 0 0 0.04 0 0.027 0 0 0.497 0 -0.024
0.125 0 0 0 0 -0.069 0 -0.339 -0.375 0 9.536 -0.056 0 -0.094 0 -0.556 0.1 0 0.31 0
-0.018 0 0 0 0 -0.015 0 0.133 -0.027 0 -0.056 5.162 0 0.01 0 -0.064 -0.074 0 0.084 0
0 -0.048 -0.256 -0.001 -0.301 0 -0.052 0 0 0.04 0 0 6.962 0 0.027 0 0 0.499 0 -0.012
-0.184 0 0 0 0 -0.025 0 0.111 -0.022 0 -0.094 0.01 0 5.437 0 -0.377 -0.46 0 0.216 0
0 -0.022 -0.135 0 -0.155 0 -0.015 0 0 0.027 0 0 0.027 0 6.386 0 0 0.321 0 -0.001
-0.446 0 0 0 0 -0.235 0 0.497 0.162 0 -0.556 -0.064 0 -0.377 0 1.746 -0.729 0 -0.195 0
-0.793 0 0 0 0 -0.043 0 -1.771 0.288 0 0.1 -0.074 0 -0.46 0 -0.729 5.81 0 -0.444 0
0 -0.504 -2.833 -0.002 -3.306 0 -0.462 0 0 0.497 0 0 0.499 0 0.321 0 0 12.73 0 -0.084
-0.219 0 0 0 0 0.142 0 -0.046 0.282 0 0.31 0.084 0 0.216 0 -0.195 -0.444 0 3.448 0
0 -0.193 -0.642 -0.021 -0.844 0 -0.431 0 0 -0.024 0 0 -0.012 0 -0.001 0 0 -0.084 0 11.025

 Mean vectors and covariance matrices after rotation --- 3th cluster >>

 mean vector (mu'=Q*mu)>>
1.739 2.712 1.145 0.393 3.116 0.962 1.918 5.278 0.32 2.223 1.479 0.686 0.18 -6.581 2.993 1.078 2.441 0.042 1.588 1.239

 covariance matrix (Sigma'=Q*Sigma*t(Q))>>

11.738 0 0 0 0 -0.756 0 -0.237 -0.46 0 0.251 -0.083 0 -0.951 0 -0.033 0.099 0 -0.17 0
0 13.479 -0.609 -0.026 -0.828 0 -0.503 0 0 -0.062 0 0 -0.048 0 -0.022 0 0 -0.504 0 -0.193
0 -0.609 17.996 -0.087 -2.205 0 -1.626 0 0 -0.304 0 0 -0.256 0 -0.135 0 0 -2.833 0 -0.642
0 -0.026 -0.087 10.859 -0.113 0 -0.056 0 0 -0.002 0 0 -0.001 0 0 0 0 -0.002 0 -0.021
0 -0.828 -2.205 -0.113 14.089 0 -2.152 0 0 -0.364 0 0 -0.301 0 -0.155 0 0 -3.306 0 -0.844
-0.756 0 0 0 0 3.974 0 -0.539 0.389 0 0.061 -0.231 0 0.155 0 -0.237 -0.557 0 0.056 0
0 -0.503 -1.626 -0.056 -2.152 0 10.52 0 0 -0.084 0 0 -0.052 0 -0.015 0 0 -0.462 0 -0.431
-0.237 0 0 0 0 -0.539 0 10.207 -1.049 0 -0.503 -0.083 0 0.994 0 -0.36 1.687 0 1.544 0
-0.46 0 0 0 0 0.389 0 -1.049 8.232 0 -0.413 -0.165 0 0.568 0 -0.302 -0.343 0 0.237 0
0 -0.062 -0.304 -0.002 -0.364 0 -0.084 0 0 7.42 0 0 0.04 0 0.027 0 0 0.497 0 -0.024
0.251 0 0 0 0 0.061 0 -0.503 -0.413 0 12.754 0.068 0 0.944 0 -0.101 0.962 0 0.85 0
-0.083 0 0 0 0 -0.231 0 -0.083 -0.165 0 0.068 11.604 0 -0.225 0 -0.015 0.099 0 0.012 0
0 -0.048 -0.256 -0.001 -0.301 0 -0.052 0 0 0.04 0 0 6.962 0 0.027 0 0 0.499 0 -0.012
-0.951 0 0 0 0 0.155 0 0.994 0.568 0 0.944 -0.225 0 3.571 0 -0.018 -0.15 0 0.455 0
0 -0.022 -0.135 0 -0.155 0 -0.015 0 0 0.027 0 0 0.027 0 6.386 0 0 0.321 0 -0.001
-0.033 0 0 0 0 -0.237 0 -0.36 -0.302 0 -0.101 -0.015 0 -0.018 0 13.04 0.33 0 0.219 0
0.099 0 0 0 0 -0.557 0 1.687 -0.343 0 0.962 0.099 0 -0.15 0 0.33 7.751 0 0.376 0
0 -0.504 -2.833 -0.002 -3.306 0 -0.462 0 0 0.497 0 0 0.499 0 0.321 0 0 12.73 0 -0.084
-0.17 0 0 0 0 0.056 0 1.544 0.237 0 0.85 0.012 0 0.455 0 0.219 0.376 0 1.81 0
0 -0.193 -0.642 -0.021 -0.844 0 -0.431 0 0 -0.024 0 0 -0.012 0 -0.001 0 0 -0.084 0 11.025

 Mean vectors and covariance matrices after rotation --- 4th cluster >>

 mean vector (mu'=Q*mu)>>
1.518 2.712 1.145 0.393 3.116 0.84 1.918 4.609 0.279 2.223 1.291 0.599 0.18 -0.696 2.993 0.941 2.132 0.042 -7.433 1.239

 covariance matrix (Sigma'=Q*Sigma*t(Q))>>

15.448 0 0 0 0 -0.461 0 -1.137 -0.166 0 -0.046 -0.496 0 -0.374 0 -0.35 0.294 0 0.312 0
0 13.479 -0.609 -0.026 -0.828 0 -0.503 0 0 -0.062 0 0 -0.048 0 -0.022 0 0 -0.504 0 -0.193
0 -0.609 17.996 -0.087 -2.205 0 -1.626 0 0 -0.304 0 0 -0.256 0 -0.135 0 0 -2.833 0 -0.642
0 -0.026 -0.087 10.859 -0.113 0 -0.056 0 0 -0.002 0 0 -0.001 0 0 0 0 -0.002 0 -0.021
0 -0.828 -2.205 -0.113 14.089 0 -2.152 0 0 -0.364 0 0 -0.301 0 -0.155 0 0 -3.306 0 -0.844
-0.461 0 0 0 0 8.739 0 1.385 -1.008 0 0.132 -0.552 0 0.272 0 -0.678 0.659 0 0.567 0
0 -0.503 -1.626 -0.056 -2.152 0 10.52 0 0 -0.084 0 0 -0.052 0 -0.015 0 0 -0.462 0 -0.431
-1.137 0 0 0 0 1.385 0 8.096 2.75 0 -0.215 1.46 0 -2.908 0 1.52 -0.581 0 1.368 0
-0.166 0 0 0 0 -1.008 0 2.75 10.584 0 0.691 -1.224 0 2.02 0 -1.433 2.023 0 1.147 0
0 -0.062 -0.304 -0.002 -0.364 0 -0.084 0 0 7.42 0 0 0.04 0 0.027 0 0 0.497 0 -0.024
-0.046 0 0 0 0 0.132 0 -0.215 0.691 0 10.183 0.12 0 -0.478 0 0.331 0.085 0 0.287 0
-0.496 0 0 0 0 -0.552 0 1.46 -1.224 0 0.12 8.527 0 0.366 0 -0.802 0.652 0 0.519 0
0 -0.048 -0.256 -0.001 -0.301 0 -0.052 0 0 0.04 0 0 6.962 0 0.027 0 0 0.499 0 -0.012
-0.374 0 0 0 0 0.272 0 -2.908 2.02 0 -0.478 0.366 0 11.195 0 0.794 -0.928 0 -0.166 0
0 -0.022 -0.135 0 -0.155 0 -0.015 0 0 0.027 0 0 0.027 0 6.386 0 0 0.321 0 -0.001
-0.35 0 0 0 0 -0.678 0 1.52 -1.433 0 0.331 -0.802 0 0.794 0 10.701 1.168 0 0.812 0
0.294 0 0 0 0 0.659 0 -0.581 2.023 0 0.085 0.652 0 -0.928 0 1.168 8.902 0 0.397 0
0 -0.504 -2.833 -0.002 -3.306 0 -0.462 0 0 0.497 0 0 0.499 0 0.321 0 0 12.73 0 -0.084
0.312 0 0 0 0 0.567 0 1.368 1.147 0 0.287 0.519 0 -0.166 0 0.812 0.397 0 4.31 0
0 -0.193 -0.642 -0.021 -0.844 0 -0.431 0 0 -0.024 0 0 -0.012 0 -0.001 0 0 -0.084 0 11.025

 Mean vectors and covariance matrices after rotation --- 5th cluster >>

 mean vector (mu'=Q*mu)>>
2.211 2.712 1.145 0.393 3.116 1.223 1.918 6.712 0.406 2.223 1.88 0.872 0.18 0.41 2.993 1.37 -5.436 0.042 -0.185 1.239

 covariance matrix (Sigma'=Q*Sigma*t(Q))>>

3.645 0 0 0 0 0.409 0 0.276 0.167 0 -0.623 0.08 0 -0.264 0 -0.06 -0.647 0 0.195 0
0 13.479 -0.609 -0.026 -0.828 0 -0.503 0 0 -0.062 0 0 -0.048 0 -0.022 0 0 -0.504 0 -0.193
0 -0.609 17.996 -0.087 -2.205 0 -1.626 0 0 -0.304 0 0 -0.256 0 -0.135 0 0 -2.833 0 -0.642
0 -0.026 -0.087 10.859 -0.113 0 -0.056 0 0 -0.002 0 0 -0.001 0 0 0 0 -0.002 0 -0.021
0 -0.828 -2.205 -0.113 14.089 0 -2.152 0 0 -0.364 0 0 -0.301 0 -0.155 0 0 -3.306 0 -0.844
0.409 0 0 0 0 8.251 0 -0.232 0.015 0 -0.092 0.128 0 0.206 0 0.005 -0.165 0 0.114 0
0 -0.503 -1.626 -0.056 -2.152 0 10.52 0 0 -0.084 0 0 -0.052 0 -0.015 0 0 -0.462 0 -0.431
0.276 0 0 0 0 -0.232 0 8.856 -0.125 0 -0.124 0.085 0 1.03 0 0.06 -0.232 0 -0.044 0
0.167 0 0 0 0 0.015 0 -0.125 7.739 0 -0.064 0.051 0 0.035 0 -0.009 -0.101 0 0.045 0
0 -0.062 -0.304 -0.002 -0.364 0 -0.084 0 0 7.42 0 0 0.04 0 0.027 0 0 0.497 0 -0.024
-0.623 0 0 0 0 -0.092 0 -0.124 -0.064 0 9.517 -0.204 0 -0.133 0 -0.081 -0.215 0 -0.283 0
0.08 0 0 0 0 0.128 0 0.085 0.051 0 -0.204 4.458 0 -0.06 0 -0.017 -0.213 0 0.063 0
0 -0.048 -0.256 -0.001 -0.301 0 -0.052 0 0 0.04 0 0 6.962 0 0.027 0 0 0.499 0 -0.012
-0.264 0 0 0 0 0.206 0 1.03 0.035 0 -0.133 -0.06 0 6.819 0 0.119 0.036 0 0.064 0
0 -0.022 -0.135 0 -0.155 0 -0.015 0 0 0.027 0 0 0.027 0 6.386 0 0 0.321 0 -0.001
-0.06 0 0 0 0 0.005 0 0.06 -0.009 0 -0.081 -0.017 0 0.119 0 8.132 -0.08 0 -0.023 0
-0.647 0 0 0 0 -0.165 0 -0.232 -0.101 0 -0.215 -0.213 0 0.036 0 -0.08 9.538 0 -0.332 0
0 -0.504 -2.833 -0.002 -3.306 0 -0.462 0 0 0.497 0 0 0.499 0 0.321 0 0 12.73 0 -0.084
0.195 0 0 0 0 0.114 0 -0.044 0.045 0 -0.283 0.063 0 0.064 0 -0.023 -0.332 0 6.944 0
0 -0.193 -0.642 -0.021 -0.844 0 -0.431 0 0 -0.024 0 0 -0.012 0 -0.001 0 0 -0.084 0 11.025

 Final eigenvalues for each cluster >> 
 (rows correspond to clusters)
19.545 17.183 13.685 11.666 11.185 10.862 8.956 8.883 7.381 6.921 6.86 6.669 6.531 6.436 6.369 5.801 5.742 5.147 3.689 2.879
19.545 17.183 13.685 11.666 11.185 10.862 9.682 7.423 7.381 7.129 6.921 6.669 6.369 6.303 5.427 5.159 4.696 3.458 2.062 1.372
19.545 17.183 13.685 13.172 13.108 12.027 11.693 11.666 11.628 11.185 10.862 7.953 7.381 6.921 6.855 6.669 6.369 3.787 3.057 1.404
19.545 17.183 15.839 13.685 13.27 13.216 11.666 11.59 11.185 10.862 10.161 9.224 9.144 8.931 7.381 6.921 6.669 6.369 3.702 1.611
19.545 17.183 13.685 11.666 11.185 10.862 9.791 9.717 9.203 8.241 8.127 7.727 7.381 6.921 6.868 6.669 6.378 6.369 4.43 3.418

 theoretical Separation index matrix >>

-1 0.121 0.01 0.1 0.015
0.121 -1 0.137 0.151 0.01
0.01 0.137 -1 0.219 0.041
0.1 0.151 0.219 -1 0.01
0.015 0.01 0.041 0.01 -1

 theoretical projection directions >>

**** cluster 1 and 2
0.351 0 0 0 0 0.196 0 0.18 -0.057 0 0.173 0.096 0 0.428 0 0.414 0.485 0 0.417 0

**** cluster 1 and 3
0.252 0 0 0 0 0.438 0 0.333 0.038 0 0.177 0.079 0 -0.338 0 0.134 0.393 0 0.554 0

**** cluster 1 and 4
0.183 0 0 0 0 0.142 0 0.441 -0.045 0 0.189 0.061 0 0.203 0 0.091 0.306 0 -0.753 0

**** cluster 1 and 5
0.532 0 0 0 0 0.262 0 0.558 0.015 0 0.332 0.17 0 0.31 0 0.231 -0.164 0 0.144 0

**** cluster 2 and 3
-0.052 0 0 0 0 0.016 0 0.343 0.055 0 0.055 -0.016 0 -0.931 0 -0.026 -0.066 0 -0.032 0

**** cluster 2 and 4
0.02 0 0 0 0 0.004 0 0.344 0.013 0 0.022 -0.004 0 -0.106 0 -0.02 0.013 0 -0.932 0

**** cluster 2 and 5
-0.034 0 0 0 0 0.024 0 0.589 -0.007 0 0.022 -0.014 0 -0.357 0 -0.092 -0.657 0 -0.289 0

**** cluster 3 and 4
0.019 0 0 0 0 0.026 0 0.142 0.022 0 0.041 0.012 0 0.27 0 0.022 0.028 0 -0.95 0

**** cluster 3 and 5
0.08 0 0 0 0 -0.019 0 0.072 -0.027 0 0.019 0.026 0 0.791 0 0.023 -0.514 0 -0.309 0

**** cluster 4 and 5
0.023 0 0 0 0 0.003 0 0.072 -0.009 0 0.037 -0.002 0 0.066 0 0.013 -0.528 0 0.842 0

 empirical Separation index matrix (alpha= 0.05 )>>

-1 0.046 0.103 0.094 0.037
0.046 -1 0.171 0.205 0.224
0.103 0.171 -1 0.179 0.061
0.094 0.205 0.179 -1 0.189
0.037 0.224 0.061 0.189 -1

 empirical projection directions >>

**** cluster 1 and 2
0.015 -0.017 -0.129 -0.056 0.023 0.027 -0.02 -0.081 -0.006 -0.238 -0.037 0.142 0.096 -0.059 0.089 -0.144 0.365 0.031 -0.839 -0.121

**** cluster 1 and 3
-0.638 0.005 -0.076 -0.093 0 -0.245 0.04 -0.31 -0.17 0.17 -0.408 -0.232 -0.134 -0.197 0.09 -0.186 0.1 -0.039 -0.174 -0.032

**** cluster 1 and 4
0.079 -0.059 0.047 0.081 0.113 0.1 -0.092 -0.464 0.035 -0.062 -0.101 0.004 -0.023 0.362 -0.027 0.292 0.634 0.011 0.295 -0.118

**** cluster 1 and 5
-0.111 0.038 0.046 0.021 0.028 -0.07 -0.034 0.148 -0.045 0.009 -0.027 -0.089 0.031 -0.786 0.153 -0.188 0.501 0.034 0.067 -0.095

**** cluster 2 and 3
-0.217 -0.008 -0.074 0.051 -0.058 -0.185 0.083 -0.436 -0.17 0.189 -0.221 -0.123 0.107 -0.183 -0.04 0.084 -0.28 -0.054 0.669 -0.006

**** cluster 2 and 4
0.089 0.075 -0.004 0.098 -0.018 -0.032 -0.069 -0.436 -0.03 0.069 -0.031 0.042 0.041 0.093 -0.05 0.078 0.022 -0.008 0.867 -0.018

**** cluster 2 and 5
0.017 0.012 0.003 0.001 0.041 -0.058 -0.012 -0.21 -0.1 0.047 -0.045 -0.009 -0.028 -0.293 -0.026 0.05 0.019 -0.008 0.92 -0.001

**** cluster 3 and 4
0.33 0.017 0.092 0.071 -0.025 0.184 -0.141 0.072 0.063 -0.003 0.188 0.16 -0.112 0.454 -0.004 0.372 0.466 0.114 0.394 0.1

**** cluster 3 and 5
0.296 -0.062 0.059 -0.051 0.022 0.326 -0.09 0.314 0.206 -0.139 0.255 0.231 0.058 -0.443 -0.115 0.037 0.411 -0.035 0.344 -0.082

**** cluster 4 and 5
-0.079 0.047 -0.028 0.048 0.032 -0.011 -0.032 0.358 0.012 0.051 -0.01 -0.196 -0.053 -0.833 0.003 -0.185 0.007 0.045 -0.283 -0.066
