
 Log information for the data set datasetJHG5v5nv1out0_3.dat >>

 alpha = 0.05 sepVal = 0.34

 Number of clusters >> 5

 cluster sizes >>
50 50 50 50 50

 Number of data points >> 250

 Number of dimensions >> 6

 Number of noisy dimensions >> 1

 noisy variables >>
6

 Number of outliers >> 0

 initial eigenvalues for each cluster >> 
 (rows correspond to clusters)
3.072 7.593 8.984 4.218 3.903
7.964 4.989 2.896 6.139 2.366
1.626 4.266 5.611 2.163 3.983
4.628 4.055 6.342 4.875 6.033
3.424 1.295 3.467 4.285 5.37

 Mean vectors and covariance matrices before rotation --- 1th cluster >>

 mean vector (mu'=Q*mu)>>
-9.669 0 0 0 0 4.549

 covariance matrix (Sigma'=Q*Sigma*t(Q))>>

4.879 -1.091 -1.373 0.076 0.584 0
-1.091 6.745 -0.863 -0.253 -0.986 0
-1.373 -0.863 8.128 -0.291 -1.155 0
0.076 -0.253 -0.291 4.193 -0.062 0
0.584 -0.986 -1.155 -0.062 3.826 0
0 0 0 0 0 5.399

 Mean vectors and covariance matrices before rotation --- 2th cluster >>

 mean vector (mu'=Q*mu)>>
9.669 0 0 0 0 4.549

 covariance matrix (Sigma'=Q*Sigma*t(Q))>>

7.271 0.82 0.474 0.628 0.103 0
0.82 5.291 0.133 0.329 0.028 0
0.474 0.133 2.951 0.155 0.011 0
0.628 0.329 0.155 6.474 0.033 0
0.103 0.028 0.011 0.033 2.369 0
0 0 0 0 0 5.399

 Mean vectors and covariance matrices before rotation --- 3th cluster >>

 mean vector (mu'=Q*mu)>>
0 16.747 0 0 0 4.549

 covariance matrix (Sigma'=Q*Sigma*t(Q))>>

5.966 -0.393 -1.864 0.723 -0.301 0
-0.393 5.598 -1.199 -0.188 -0.59 0
-1.864 -1.199 5.463 -0.649 -1.413 0
0.723 -0.188 -0.649 3.22 -0.183 0
-0.301 -0.59 -1.413 -0.183 5.034 0
0 0 0 0 0 5.399

 Mean vectors and covariance matrices before rotation --- 4th cluster >>

 mean vector (mu'=Q*mu)>>
0 5.582 15.789 0 0 4.549

 covariance matrix (Sigma'=Q*Sigma*t(Q))>>

4.835 0.247 -0.396 -0.025 -0.446 0
0.247 4.146 -0.051 0.017 -0.049 0
-0.396 -0.051 6.229 -0.048 -0.142 0
-0.025 0.017 -0.048 4.868 -0.056 0
-0.446 -0.049 -0.142 -0.056 5.855 0
0 0 0 0 0 5.399

 Mean vectors and covariance matrices before rotation --- 5th cluster >>

 mean vector (mu'=Q*mu)>>
0 5.582 3.947 15.288 0 4.549

 covariance matrix (Sigma'=Q*Sigma*t(Q))>>

5.99 0.605 0.011 -0.66 -0.062 0
0.605 2.26 0.04 0.105 0.001 0
0.011 0.04 5.77 -0.047 -0.004 0
-0.66 0.105 -0.047 6.732 -0.026 0
-0.062 0.001 -0.004 -0.026 8.934 0
0 0 0 0 0 5.399

 Final eigenvalues for each cluster >> 
 (rows correspond to clusters)
8.984 7.593 5.399 4.218 3.903 3.072
7.964 6.139 5.399 4.989 2.896 2.366
8.037 6.111 5.705 5.399 3.098 2.329
6.342 6.033 5.399 4.875 4.628 4.055
8.935 7.13 5.77 5.697 5.399 2.154

 *************************************************

 ********************* rotation ******************

 *************************************************


 The orthogonal matrix Q >>
0.096 0.212 0.589 0.249 0.732
0.212 -0.959 0.114 0.048 0.141
0.589 0.114 -0.683 0.134 0.394
0.249 0.048 0.134 -0.944 0.166
0.732 0.141 0.394 0.166 -0.511

 Mean vectors and covariance matrices after rotation --- 1th cluster >>

 mean vector (mu'=Q*mu)>>
-5.699 -0.932 -7.082 -2.047 -2.406 4.549

 covariance matrix (Sigma'=Q*Sigma*t(Q))>>

8.192 -1.625 -0.98 0.153 -0.228 0
-1.625 3.716 0.447 0.665 0.035 0
-0.98 0.447 4.162 0.31 0.055 0
0.153 0.665 0.31 7.466 0.189 0
-0.228 0.035 0.055 0.189 4.234 0
0 0 0 0 0 5.399

 Mean vectors and covariance matrices after rotation --- 2th cluster >>

 mean vector (mu'=Q*mu)>>
5.699 0.932 7.082 2.047 2.406 4.549

 covariance matrix (Sigma'=Q*Sigma*t(Q))>>

4.291 0.647 2.231 -0.118 -0.085 0
0.647 3.277 1.35 -0.479 -0.799 0
2.231 1.35 5.817 -0.084 -0.031 0
-0.118 -0.479 -0.084 4.938 -0.066 0
-0.085 -0.799 -0.031 -0.066 6.032 0
0 0 0 0 0 5.399

 Mean vectors and covariance matrices after rotation --- 3th cluster >>

 mean vector (mu'=Q*mu)>>
1.906 3.545 2.369 -16.063 0.805 4.549

 covariance matrix (Sigma'=Q*Sigma*t(Q))>>

7.943 -0.385 0.22 -0.13 -0.222 0
-0.385 2.889 -1.157 0.471 0.195 0
0.22 -1.157 5.263 0.219 -0.264 0
-0.13 0.471 0.219 6.046 0.04 0
-0.222 0.195 -0.264 0.04 3.139 0
0 0 0 0 0 5.399

 Mean vectors and covariance matrices after rotation --- 4th cluster >>

 mean vector (mu'=Q*mu)>>
-10.15 10.488 7.008 -3.557 2.381 4.549

 covariance matrix (Sigma'=Q*Sigma*t(Q))>>

5.86 -0.546 -0.508 -0.167 -0.099 0
-0.546 5.556 -0.458 0.224 0.107 0
-0.508 -0.458 5.518 -0.16 -0.08 0
-0.167 0.224 -0.16 4.11 0.005 0
-0.099 0.107 -0.08 0.005 4.89 0
0 0 0 0 0 5.399

 Mean vectors and covariance matrices after rotation --- 5th cluster >>

 mean vector (mu'=Q*mu)>>
-0.016 7.313 4.886 -4.17 -13.628 4.549

 covariance matrix (Sigma'=Q*Sigma*t(Q))>>

6.253 0.827 -0.604 0.231 0.432 0
0.827 7.351 -1.282 0.929 0.195 0
-0.604 -1.282 6.696 -0.194 0.062 0
0.231 0.929 -0.194 2.334 0.284 0
0.432 0.195 0.062 0.284 7.051 0
0 0 0 0 0 5.399

 Final eigenvalues for each cluster >> 
 (rows correspond to clusters)
8.984 7.593 5.399 4.218 3.903 3.072
7.964 6.139 5.399 4.989 2.896 2.366
8.037 6.111 5.705 5.399 3.098 2.329
6.342 6.033 5.399 4.875 4.628 4.055
8.935 7.13 5.77 5.697 5.399 2.154

 theoretical Separation index matrix >>

-1 0.34 0.395 0.379 0.387
0.34 -1 0.356 0.391 0.34
0.395 0.356 -1 0.34 0.391
0.379 0.391 0.34 -1 0.34
0.387 0.34 0.391 0.34 -1

 theoretical projection directions >>

**** cluster 1 and 2
0.484 0.072 0.801 0.167 0.301 0

**** cluster 1 and 3
0.305 0.534 0.541 -0.528 0.226 0

**** cluster 1 and 4
0.026 0.625 0.726 -0.127 0.255 0

**** cluster 1 and 5
0.301 0.476 0.63 -0.171 -0.506 0

**** cluster 2 and 3
-0.162 0.238 -0.2 -0.932 -0.095 0

**** cluster 2 and 4
-0.791 0.532 0.084 -0.289 0.024 0

**** cluster 2 and 5
-0.336 0.385 -0.072 -0.506 -0.691 0

**** cluster 3 and 4
-0.472 0.434 0.308 0.697 0.091 0

**** cluster 3 and 5
-0.061 0.14 0.114 0.684 -0.704 0

**** cluster 4 and 5
0.527 -0.151 -0.081 -0.004 -0.833 0

 empirical Separation index matrix (alpha= 0.05 )>>

-1 0.411 0.362 0.431 0.38
0.411 -1 0.387 0.432 0.422
0.362 0.387 -1 0.394 0.362
0.431 0.432 0.394 -1 0.421
0.38 0.422 0.362 0.421 -1

 empirical projection directions >>

**** cluster 1 and 2
-0.109 -0.62 -0.705 0.104 -0.3 0.076

**** cluster 1 and 3
0.8 -0.446 -0.231 0.241 -0.152 0.163

**** cluster 1 and 4
0.265 0.113 -0.158 -0.278 -0.894 -0.123

**** cluster 1 and 5
0.507 -0.143 -0.306 -0.742 -0.225 0.167

**** cluster 2 and 3
0.421 0.139 0.824 0.104 0.336 -0.012

**** cluster 2 and 4
0.222 0.638 0.484 -0.166 -0.53 0.027

**** cluster 2 and 5
0.326 0.597 0.53 -0.438 0.252 -0.041

**** cluster 3 and 4
-0.297 0.447 -0.142 -0.428 -0.713 0.013

**** cluster 3 and 5
-0.098 0.207 -0.274 -0.913 0.02 0.196

**** cluster 4 and 5
0.113 -0.198 -0.011 -0.637 0.733 0.068
