
 Log information for the data set datasetJLG2v10nv10out0_2.dat >>

 alpha = 0.05 sepVal = 0.01

 Number of clusters >> 2

 cluster sizes >>
50 50

 Number of data points >> 100

 Number of dimensions >> 20

 Number of noisy dimensions >> 10

 noisy variables >>
1 3 5 6 8 12 13 15 16 19

 Number of outliers >> 0

 initial eigenvalues for each cluster >> 
 (rows correspond to clusters)
4.187 3.576 4.547 8.452 8.121 4.946 1.739 1.207 9.833 7.2
1.594 1.984 6.154 9.365 6.525 7.533 5.957 9.343 8.207 5.777

 Mean vectors and covariance matrices before rotation --- 1th cluster >>

 mean vector (mu'=Q*mu)>>
-4.549 0 0 0 0 0 0 0 0 0 0 0 0 0 0 0 0 0 0 0

 covariance matrix (Sigma'=Q*Sigma*t(Q))>>

5.066 0.002 0.052 -1.933 -0.086 -0.02 0.652 1.703 -1.369 -0.353 0 0 0 0 0 0 0 0 0 0
0.002 3.576 0 -0.002 0 0 0.001 0.002 -0.001 0 0 0 0 0 0 0 0 0 0 0
0.052 0 4.541 -0.339 -0.015 -0.009 0.092 0.244 -0.234 -0.065 0 0 0 0 0 0 0 0 0 0
-1.933 -0.002 -0.339 7.028 -0.067 -0.165 -0.092 -0.116 -0.862 -0.331 0 0 0 0 0 0 0 0 0 0
-0.086 0 -0.015 -0.067 8.118 -0.007 -0.003 -0.003 -0.041 -0.015 0 0 0 0 0 0 0 0 0 0
-0.02 0 -0.009 -0.165 -0.007 4.938 0.035 0.095 -0.111 -0.033 0 0 0 0 0 0 0 0 0 0
0.652 0.001 0.092 -0.092 -0.003 0.035 1.905 0.405 -0.1 0 0 0 0 0 0 0 0 0 0 0
1.703 0.002 0.244 -0.116 -0.003 0.095 0.405 2.185 -0.177 0.024 0 0 0 0 0 0 0 0 0 0
-1.369 -0.001 -0.234 -0.862 -0.041 -0.111 -0.1 -0.177 9.323 -0.206 0 0 0 0 0 0 0 0 0 0
-0.353 0 -0.065 -0.331 -0.015 -0.033 0 0.024 -0.206 7.126 0 0 0 0 0 0 0 0 0 0
0 0 0 0 0 0 0 0 0 0 17.684 -1.654 -2.292 -4.815 -3.76 0.002 -0.102 3.623 1.375 0.228
0 0 0 0 0 0 0 0 0 0 -1.654 20.938 -1.506 -2.011 -1.559 -0.05 -0.123 -0.078 -0.713 -0.456
0 0 0 0 0 0 0 0 0 0 -2.292 -1.506 18.107 -3.301 -2.559 -0.078 -0.196 -0.004 -1.071 -0.706
0 0 0 0 0 0 0 0 0 0 -4.815 -2.011 -3.301 21.708 -3.275 -0.118 -0.279 -0.555 -1.817 -1.095
0 0 0 0 0 0 0 0 0 0 -3.76 -1.559 -2.559 -3.275 23.542 -0.092 -0.216 -0.439 -1.414 -0.851
0 0 0 0 0 0 0 0 0 0 0.002 -0.05 -0.078 -0.118 -0.092 15.195 -0.006 0.024 -0.018 -0.017
0 0 0 0 0 0 0 0 0 0 -0.102 -0.123 -0.196 -0.279 -0.216 -0.006 17.693 0.026 -0.069 -0.05
0 0 0 0 0 0 0 0 0 0 3.623 -0.078 -0.004 -0.555 -0.439 0.024 0.026 4.602 0.769 0.288
0 0 0 0 0 0 0 0 0 0 1.375 -0.713 -1.071 -1.817 -1.414 -0.018 -0.069 0.769 11.844 -0.121
0 0 0 0 0 0 0 0 0 0 0.228 -0.456 -0.706 -1.095 -0.851 -0.017 -0.05 0.288 -0.121 14.043

 Mean vectors and covariance matrices before rotation --- 2th cluster >>

 mean vector (mu'=Q*mu)>>
4.549 0 0 0 0 0 0 0 0 0 0 0 0 0 0 0 0 0 0 0

 covariance matrix (Sigma'=Q*Sigma*t(Q))>>

6.539 1.421 -0.012 -0.839 -0.117 -0.816 0.07 -0.889 -0.147 0.037 0 0 0 0 0 0 0 0 0 0
1.421 2.388 -0.045 -0.295 -0.072 -0.327 -0.031 -0.313 -0.055 -0.002 0 0 0 0 0 0 0 0 0 0
-0.012 -0.045 5.678 -0.622 -0.44 -1.062 -0.582 -0.662 -0.144 -0.139 0 0 0 0 0 0 0 0 0 0
-0.839 -0.295 -0.622 8.691 -0.557 -1.254 -0.774 -0.718 -0.164 -0.188 0 0 0 0 0 0 0 0 0 0
-0.117 -0.072 -0.44 -0.557 6.12 -0.965 -0.54 -0.593 -0.13 -0.129 0 0 0 0 0 0 0 0 0 0
-0.816 -0.327 -1.062 -1.254 -0.965 5.293 -1.311 -1.335 -0.298 -0.316 0 0 0 0 0 0 0 0 0 0
0.07 -0.031 -0.582 -0.774 -0.54 -1.311 5.246 -0.823 -0.178 -0.169 0 0 0 0 0 0 0 0 0 0
-0.889 -0.313 -0.662 -0.718 -0.593 -1.335 -0.823 8.579 -0.175 -0.2 0 0 0 0 0 0 0 0 0 0
-0.147 -0.055 -0.144 -0.164 -0.13 -0.298 -0.178 -0.175 8.168 -0.043 0 0 0 0 0 0 0 0 0 0
0.037 -0.002 -0.139 -0.188 -0.129 -0.316 -0.169 -0.2 -0.043 5.737 0 0 0 0 0 0 0 0 0 0
0 0 0 0 0 0 0 0 0 0 17.684 -1.654 -2.292 -4.815 -3.76 0.002 -0.102 3.623 1.375 0.228
0 0 0 0 0 0 0 0 0 0 -1.654 20.938 -1.506 -2.011 -1.559 -0.05 -0.123 -0.078 -0.713 -0.456
0 0 0 0 0 0 0 0 0 0 -2.292 -1.506 18.107 -3.301 -2.559 -0.078 -0.196 -0.004 -1.071 -0.706
0 0 0 0 0 0 0 0 0 0 -4.815 -2.011 -3.301 21.708 -3.275 -0.118 -0.279 -0.555 -1.817 -1.095
0 0 0 0 0 0 0 0 0 0 -3.76 -1.559 -2.559 -3.275 23.542 -0.092 -0.216 -0.439 -1.414 -0.851
0 0 0 0 0 0 0 0 0 0 0.002 -0.05 -0.078 -0.118 -0.092 15.195 -0.006 0.024 -0.018 -0.017
0 0 0 0 0 0 0 0 0 0 -0.102 -0.123 -0.196 -0.279 -0.216 -0.006 17.693 0.026 -0.069 -0.05
0 0 0 0 0 0 0 0 0 0 3.623 -0.078 -0.004 -0.555 -0.439 0.024 0.026 4.602 0.769 0.288
0 0 0 0 0 0 0 0 0 0 1.375 -0.713 -1.071 -1.817 -1.414 -0.018 -0.069 0.769 11.844 -0.121
0 0 0 0 0 0 0 0 0 0 0.228 -0.456 -0.706 -1.095 -0.851 -0.017 -0.05 0.288 -0.121 14.043

 Final eigenvalues for each cluster >> 
 (rows correspond to clusters)
26.078 25.937 21.866 20.536 17.708 15.197 14.177 11.809 9.833 8.617 8.452 8.121 7.2 4.946 4.547 4.187 3.576 3.431 1.739 1.207
26.078 25.937 21.866 20.536 17.708 15.197 14.177 11.809 9.365 9.343 8.617 8.207 7.533 6.525 6.154 5.957 5.777 3.431 1.984 1.594

 *************************************************

 ********************* rotation ******************

 *************************************************


 The orthogonal matrix Q >>
0.433 0.055 0.304 0.321 0.161 0.255 0.268 0.412 0.21 0.487
0.055 -0.998 0.012 0.012 0.006 0.01 0.01 0.016 0.008 0.019
0.304 0.012 -0.935 0.068 0.034 0.054 0.057 0.088 0.045 0.103
0.321 0.012 0.068 -0.928 0.036 0.057 0.06 0.092 0.047 0.109
0.161 0.006 0.034 0.036 -0.982 0.029 0.03 0.046 0.024 0.055
0.255 0.01 0.054 0.057 0.029 -0.955 0.048 0.073 0.037 0.087
0.268 0.01 0.057 0.06 0.03 0.048 -0.95 0.077 0.039 0.091
0.412 0.016 0.088 0.092 0.046 0.073 0.077 -0.881 0.06 0.14
0.21 0.008 0.045 0.047 0.024 0.037 0.039 0.06 -0.969 0.071
0.487 0.019 0.103 0.109 0.055 0.087 0.091 0.14 0.071 -0.834

 Mean vectors and covariance matrices after rotation --- 1th cluster >>

 mean vector (mu'=Q*mu)>>
0 -0.25 0 -1.969 0 0 -1.461 0 -1.217 -2.215 -1.876 0 0 -0.954 0 0 -0.732 -1.384 0 -1.16

 covariance matrix (Sigma'=Q*Sigma*t(Q))>>

17.684 0 -3.76 0 -1.654 -2.292 0 -4.815 0 0 0 -0.102 0.228 0 0.002 3.623 0 0 1.375 0
0 3.581 0 0.06 0 0 0.114 0 0.001 0.004 -0.037 0 0 0.07 0 0 -0.007 0.017 0 0.013
-3.76 0 23.542 0 -1.559 -2.559 0 -3.275 0 0 0 -0.216 -0.851 0 -0.092 -0.439 0 0 -1.414 0
0 0.06 0 4.739 0 0 0.657 0 0.311 -0.862 0.154 0 0 0.205 0 0 -0.468 0.093 0 -0.006
-1.654 0 -1.559 0 20.938 -1.506 0 -2.011 0 0 0 -0.123 -0.456 0 -0.05 -0.078 0 0 -0.713 0
-2.292 0 -2.559 0 -1.506 18.107 0 -3.301 0 0 0 -0.196 -0.706 0 -0.078 -0.004 0 0 -1.071 0
0 0.114 0 0.657 0 0 8.206 0 0.329 0.46 0.303 0 0 -0.119 0 0 0.147 0.236 0 0.313
-4.815 0 -3.275 0 -2.011 -3.301 0 21.708 0 0 0 -0.279 -1.095 0 -0.118 -0.555 0 0 -1.817 0
0 0.001 0 0.311 0 0 0.329 0 1.789 -0.19 0.035 0 0 0.153 0 0 -0.106 0.04 0 -0.013
0 0.004 0 -0.862 0 0 0.46 0 -0.19 6.817 -0.616 0 0 0.271 0 0 -0.19 -0.135 0 -0.099
0 -0.037 0 0.154 0 0 0.303 0 0.035 -0.616 1.321 0 0 0.064 0 0 -0.276 -0.053 0 -0.16
-0.102 0 -0.216 0 -0.123 -0.196 0 -0.279 0 0 0 17.693 -0.05 0 -0.006 0.026 0 0 -0.069 0
0.228 0 -0.851 0 -0.456 -0.706 0 -1.095 0 0 0 -0.05 14.043 0 -0.017 0.288 0 0 -0.121 0
0 0.07 0 0.205 0 0 -0.119 0 0.153 0.271 0.064 0 0 9.791 0 0 0.086 0.116 0 0.179
0.002 0 -0.092 0 -0.05 -0.078 0 -0.118 0 0 0 -0.006 -0.017 0 15.195 0.024 0 0 -0.018 0
3.623 0 -0.439 0 -0.078 -0.004 0 -0.555 0 0 0 0.026 0.288 0 0.024 4.602 0 0 0.769 0
0 -0.007 0 -0.468 0 0 0.147 0 -0.106 -0.19 -0.276 0 0 0.086 0 0 8.036 -0.084 0 -0.067
0 0.017 0 0.093 0 0 0.236 0 0.04 -0.135 -0.053 0 0 0.116 0 0 -0.084 4.573 0 0.013
1.375 0 -1.414 0 -0.713 -1.071 0 -1.817 0 0 0 -0.069 -0.121 0 -0.018 0.769 0 0 11.844 0
0 0.013 0 -0.006 0 0 0.313 0 -0.013 -0.099 -0.16 0 0 0.179 0 0 -0.067 0.013 0 4.954

 Mean vectors and covariance matrices after rotation --- 2th cluster >>

 mean vector (mu'=Q*mu)>>
0 0.25 0 1.969 0 0 1.461 0 1.217 2.215 1.876 0 0 0.954 0 0 0.732 1.384 0 1.16

 covariance matrix (Sigma'=Q*Sigma*t(Q))>>

17.684 0 -3.76 0 -1.654 -2.292 0 -4.815 0 0 0 -0.102 0.228 0 0.002 3.623 0 0 1.375 0
0 2.27 0 -0.18 0 0 -0.594 0 -0.275 -0.53 -0.719 0 0 -0.286 0 0 -0.206 -0.339 0 -0.483
-3.76 0 23.542 0 -1.559 -2.559 0 -3.275 0 0 0 -0.216 -0.851 0 -0.092 -0.439 0 0 -1.414 0
0 -0.18 0 3.511 0 0 0.061 0 0.912 -0.58 -0.314 0 0 -0.499 0 0 0.732 0.528 0 2.01
-1.654 0 -1.559 0 20.938 -1.506 0 -2.011 0 0 0 -0.123 -0.456 0 -0.05 -0.078 0 0 -0.713 0
-2.292 0 -2.559 0 -1.506 18.107 0 -3.301 0 0 0 -0.196 -0.706 0 -0.078 -0.004 0 0 -1.071 0
0 -0.594 0 0.061 0 0 9.247 0 -0.29 0.211 -0.134 0 0 -0.012 0 0 -0.189 -0.165 0 -0.339
-4.815 0 -3.275 0 -2.011 -3.301 0 21.708 0 0 0 -0.279 -1.095 0 -0.118 -0.555 0 0 -1.817 0
0 -0.275 0 0.912 0 0 -0.29 0 5.666 0.194 -0.311 0 0 -0.038 0 0 -0.223 -0.183 0 -0.533
0 -0.53 0 -0.58 0 0 0.211 0 0.194 5.668 0.114 0 0 -0.102 0 0 0.205 0.132 0 0.718
0 -0.719 0 -0.314 0 0 -0.134 0 -0.311 0.114 9.161 0 0 -0.064 0 0 -0.186 -0.199 0 -0.264
-0.102 0 -0.216 0 -0.123 -0.196 0 -0.279 0 0 0 17.693 -0.05 0 -0.006 0.026 0 0 -0.069 0
0.228 0 -0.851 0 -0.456 -0.706 0 -1.095 0 0 0 -0.05 14.043 0 -0.017 0.288 0 0 -0.121 0
0 -0.286 0 -0.499 0 0 -0.012 0 -0.038 -0.102 -0.064 0 0 8.13 0 0 0.004 -0.046 0 0.132
0.002 0 -0.092 0 -0.05 -0.078 0 -0.118 0 0 0 -0.006 -0.017 0 15.195 0.024 0 0 -0.018 0
3.623 0 -0.439 0 -0.078 -0.004 0 -0.555 0 0 0 0.026 0.288 0 0.024 4.602 0 0 0.769 0
0 -0.206 0 0.732 0 0 -0.189 0 -0.223 0.205 -0.186 0 0 0.004 0 0 6.349 -0.127 0 -0.435
0 -0.339 0 0.528 0 0 -0.165 0 -0.183 0.132 -0.199 0 0 -0.046 0 0 -0.127 6.043 0 -0.251
1.375 0 -1.414 0 -0.713 -1.071 0 -1.817 0 0 0 -0.069 -0.121 0 -0.018 0.769 0 0 11.844 0
0 -0.483 0 2.01 0 0 -0.339 0 -0.533 0.718 -0.264 0 0 0.132 0 0 -0.435 -0.251 0 6.394

 Final eigenvalues for each cluster >> 
 (rows correspond to clusters)
26.078 25.937 21.866 20.536 17.708 15.197 14.177 11.809 9.833 8.617 8.452 8.121 7.2 4.946 4.547 4.187 3.576 3.431 1.739 1.207
26.078 25.937 21.866 20.536 17.708 15.197 14.177 11.809 9.365 9.343 8.617 8.207 7.533 6.525 6.154 5.957 5.777 3.431 1.984 1.594

 theoretical Separation index matrix >>

-1 0.01
0.01 -1

 theoretical projection directions >>

**** cluster 1 and 2
0 0.245 0 0.475 0 0 0.137 0 0.337 0.448 0.49 0 0 0.109 0 0 0.139 0.283 0 0.173

 empirical Separation index matrix (alpha= 0.05 )>>

-1 0.101
0.101 -1

 empirical projection directions >>

**** cluster 1 and 2
0.224 0.167 0.028 0.429 0.128 0.015 0.102 0.18 0.254 0.419 0.433 0.097 0.059 0.266 0.069 0.054 0.16 0.334 0.093 0.112
