
 Log information for the data set datasetJHG5v5nv3out0_3.dat >>

 alpha = 0.05 sepVal = 0.34

 Number of clusters >> 5

 cluster sizes >>
50 50 50 50 50

 Number of data points >> 250

 Number of dimensions >> 8

 Number of noisy dimensions >> 3

 noisy variables >>
1 5 7

 Number of outliers >> 0

 initial eigenvalues for each cluster >> 
 (rows correspond to clusters)
1.87 1.206 8.545 5.365 4.982
6.965 6.097 2.328 6.124 9.349
4.299 3.05 5.176 3.425 4.904
6.602 2.122 8.253 6.188 1.52
3.853 4.443 3.703 9.402 9.095

 Mean vectors and covariance matrices before rotation --- 1th cluster >>

 mean vector (mu'=Q*mu)>>
-10.678 0 0 0 0 1.796 2.325 0.877

 covariance matrix (Sigma'=Q*Sigma*t(Q))>>

9.416 2.336 -3.477 -1.292 -1.105 0 0 0
2.336 3.326 -0.936 -0.202 -0.099 0 0 0
-3.477 -0.936 14.538 -2.348 -2.698 0 0 0
-1.292 -0.202 -2.348 8.947 -1.998 0 0 0
-1.105 -0.099 -2.698 -1.998 7.777 0 0 0
0 0 0 0 0 38.586 -3.336 0.943
0 0 0 0 0 -3.336 41.474 -0.478
0 0 0 0 0 0.943 -0.478 35.269

 Mean vectors and covariance matrices before rotation --- 2th cluster >>

 mean vector (mu'=Q*mu)>>
10.678 0 0 0 0 1.796 2.325 0.877

 covariance matrix (Sigma'=Q*Sigma*t(Q))>>

4.905 -0.762 1.958 -0.339 -2.124 0 0 0
-0.762 6.725 1.109 -0.061 -0.71 0 0 0
1.958 1.109 6.864 0.48 -0.042 0 0 0
-0.339 -0.061 0.48 6.861 -0.312 0 0 0
-2.124 -0.71 -0.042 -0.312 9.361 0 0 0
0 0 0 0 0 38.586 -3.336 0.943
0 0 0 0 0 -3.336 41.474 -0.478
0 0 0 0 0 0.943 -0.478 35.269

 Mean vectors and covariance matrices before rotation --- 3th cluster >>

 mean vector (mu'=Q*mu)>>
0 18.495 0 0 0 1.796 2.325 0.877

 covariance matrix (Sigma'=Q*Sigma*t(Q))>>

9.975 0.724 -0.564 1.08 -0.931 0 0 0
0.724 7.559 0.03 0.493 0.133 0 0 0
-0.564 0.03 12.199 -0.02 -0.35 0 0 0
1.08 0.493 -0.02 9.076 0.096 0 0 0
-0.931 0.133 -0.35 0.096 11.06 0 0 0
0 0 0 0 0 38.586 -3.336 0.943
0 0 0 0 0 -3.336 41.474 -0.478
0 0 0 0 0 0.943 -0.478 35.269

 Mean vectors and covariance matrices before rotation --- 4th cluster >>

 mean vector (mu'=Q*mu)>>
0 6.165 17.437 0 0 1.796 2.325 0.877

 covariance matrix (Sigma'=Q*Sigma*t(Q))>>

6.05 0.255 -0.337 0.053 1.295 0 0 0
0.255 2.142 0.016 0.12 0.095 0 0 0
-0.337 0.016 8.189 -0.114 0.088 0 0 0
0.053 0.12 -0.114 6.335 0.604 0 0 0
1.295 0.095 0.088 0.604 1.968 0 0 0
0 0 0 0 0 38.586 -3.336 0.943
0 0 0 0 0 -3.336 41.474 -0.478
0 0 0 0 0 0.943 -0.478 35.269

 Mean vectors and covariance matrices before rotation --- 5th cluster >>

 mean vector (mu'=Q*mu)>>
0 6.165 4.359 16.884 0 1.796 2.325 0.877

 covariance matrix (Sigma'=Q*Sigma*t(Q))>>

6.558 0.231 1.51 -1.255 -1.863 0 0 0
0.231 4.46 0.132 -0.172 -0.259 0 0 0
1.51 0.132 4.543 -0.627 -0.926 0 0 0
-1.255 -0.172 -0.627 8.381 -1.612 0 0 0
-1.863 -0.259 -0.926 -1.612 6.555 0 0 0
0 0 0 0 0 38.586 -3.336 0.943
0 0 0 0 0 -3.336 41.474 -0.478
0 0 0 0 0 0.943 -0.478 35.269

 Final eigenvalues for each cluster >> 
 (rows correspond to clusters)
43.765 36.587 34.977 17.116 10.746 9.98 3.746 2.417
43.765 36.587 34.977 10.517 7.834 6.889 6.858 2.619
43.765 36.587 34.977 12.377 11.726 10.281 8.19 7.294
43.765 36.587 34.977 8.253 6.602 6.188 2.122 1.52
43.765 36.587 34.977 9.402 9.095 4.443 3.853 3.703

 *************************************************

 ********************* rotation ******************

 *************************************************


 The orthogonal matrix Q >>
0.269 0.442 0.534 0.432 0.511
0.442 -0.846 0.186 0.151 0.178
0.534 0.186 -0.776 0.182 0.215
0.432 0.151 0.182 -0.853 0.174
0.511 0.178 0.215 0.174 -0.795

 Mean vectors and covariance matrices after rotation --- 1th cluster >>

 mean vector (mu'=Q*mu)>>
0.877 -2.874 -5.697 -4.719 1.796 -4.618 2.325 -5.452

 covariance matrix (Sigma'=Q*Sigma*t(Q))>>

35.269 0 0 0 0.943 0 -0.478 0
0 4.124 -2.033 0.18 0 0.446 0 0.57
0 -2.033 16.687 -0.565 0 -0.367 0 -0.518
0 0.18 -0.565 2.467 0 0.297 0 0.357
0.943 0 0 0 38.586 0 -3.336 0
0 0.446 -0.367 0.297 0 10.746 0 -0.003
-0.478 0 0 0 -3.336 0 41.474 0
0 0.57 -0.518 0.357 0 -0.003 0 9.98

 Mean vectors and covariance matrices after rotation --- 2th cluster >>

 mean vector (mu'=Q*mu)>>
0.877 2.874 5.697 4.719 1.796 4.618 2.325 5.452

 covariance matrix (Sigma'=Q*Sigma*t(Q))>>

35.269 0 0 0 0.943 0 -0.478 0
0 7.304 -1.46 -0.149 0 -0.185 0 -0.477
0 -1.46 3.567 -0.174 0 -0.964 0 -1.13
0 -0.149 -0.174 6.861 0 -0.083 0 -0.226
0.943 0 0 0 38.586 0 -3.336 0
0 -0.185 -0.964 -0.083 0 6.687 0 -0.018
-0.478 0 0 0 -3.336 0 41.474 0
0 -0.477 -1.13 -0.226 0 -0.018 0 10.298

 Mean vectors and covariance matrices after rotation --- 3th cluster >>

 mean vector (mu'=Q*mu)>>
0.877 8.173 3.436 -15.65 1.796 2.785 2.325 3.288

 covariance matrix (Sigma'=Q*Sigma*t(Q))>>

35.269 0 0 0 0.943 0 -0.478 0
0 10.361 -0.693 0.714 0 -0.023 0 -0.057
0 -0.693 12.022 -0.076 0 -0.583 0 -0.1
0 0.714 -0.076 7.505 0 0.06 0 0.379
0.943 0 0 0 38.586 0 -3.336 0
0 -0.023 -0.583 0.06 0 8.279 0 -0.102
-0.478 0 0 0 -3.336 0 41.474 0
0 -0.057 -0.1 0.379 0 -0.102 0 11.701

 Mean vectors and covariance matrices after rotation --- 4th cluster >>

 mean vector (mu'=Q*mu)>>
0.877 12.027 -12.382 -1.977 1.796 4.098 2.325 4.838

 covariance matrix (Sigma'=Q*Sigma*t(Q))>>

35.269 0 0 0 0.943 0 -0.478 0
0 5.575 -0.993 1.599 0 -0.39 0 1.443
0 -0.993 7.721 0.422 0 -0.456 0 -0.034
0 1.599 0.422 3.135 0 0.481 0 0.753
0.943 0 0 0 38.586 0 -3.336 0
0 -0.39 -0.456 0.481 0 6.089 0 0.541
-0.478 0 0 0 -3.336 0 41.474 0
0 1.443 -0.034 0.753 0 0.541 0 2.163

 Mean vectors and covariance matrices after rotation --- 5th cluster >>

 mean vector (mu'=Q*mu)>>
0.877 12.351 0.833 -1.865 1.796 -12.676 2.325 4.968

 covariance matrix (Sigma'=Q*Sigma*t(Q))>>

35.269 0 0 0 0.943 0 -0.478 0
0 3.973 0.021 -0.103 0 -0.297 0 0.533
0 0.021 3.748 -0.148 0 -0.361 0 -0.081
0 -0.103 -0.148 4.541 0 0.354 0 0.803
0.943 0 0 0 38.586 0 -3.336 0
0 -0.297 -0.361 0.354 0 9.333 0 -0.056
-0.478 0 0 0 -3.336 0 41.474 0
0 0.533 -0.081 0.803 0 -0.056 0 8.901

 Final eigenvalues for each cluster >> 
 (rows correspond to clusters)
43.765 36.587 34.977 17.116 10.746 9.98 3.746 2.417
43.765 36.587 34.977 10.517 7.834 6.889 6.858 2.619
43.765 36.587 34.977 12.377 11.726 10.281 8.19 7.294
43.765 36.587 34.977 8.253 6.602 6.188 2.122 1.52
43.765 36.587 34.977 9.402 9.095 4.443 3.853 3.703

 theoretical Separation index matrix >>

-1 0.365 0.357 0.34 0.401
0.365 -1 0.34 0.376 0.35
0.357 0.34 -1 0.344 0.34
0.34 0.376 0.344 -1 0.34
0.401 0.35 0.34 0.34 -1

 theoretical projection directions >>

**** cluster 1 and 2
0 0.42 0.503 0.576 0 0.342 0 0.348

**** cluster 1 and 3
0 0.539 0.224 -0.738 0 0.229 0 0.25

**** cluster 1 and 4
0 0.867 -0.044 -0.098 0 0.309 0 0.375

**** cluster 1 and 5
0 0.911 0.243 0.19 0 -0.19 0 0.199

**** cluster 2 and 3
0 0.218 -0.098 -0.965 0 -0.092 0 -0.061

**** cluster 2 and 4
0 0.252 -0.885 -0.361 0 -0.1 0 -0.11

**** cluster 2 and 5
0 0.418 -0.476 -0.342 0 -0.692 0 -0.04

**** cluster 3 and 4
0 -0.053 -0.514 0.856 0 -0.023 0 -0.008

**** cluster 3 and 5
0 0.147 -0.132 0.778 0 -0.597 0 -0.002

**** cluster 4 and 5
0 0.032 0.726 0.047 0 -0.685 0 0.032

 empirical Separation index matrix (alpha= 0.05 )>>

-1 0.349 0.383 0.372 0.385
0.349 -1 0.34 0.335 0.33
0.383 0.34 -1 0.377 0.338
0.372 0.335 0.377 -1 0.347
0.385 0.33 0.338 0.347 -1

 empirical projection directions >>

**** cluster 1 and 2
0.056 -0.264 0.227 -0.696 -0.005 0.612 0.005 0.123

**** cluster 1 and 3
-0.037 -0.139 -0.675 -0.218 -0.015 0.658 -0.03 0.203

**** cluster 1 and 4
-0.036 -0.494 0.299 0.475 -0.004 0.662 -0.009 0.036

**** cluster 1 and 5
-0.036 -0.919 -0.257 -0.211 -0.032 0.158 -0.029 -0.132

**** cluster 2 and 3
-0.041 -0.049 -0.63 0.745 -0.046 -0.103 -0.032 -0.171

**** cluster 2 and 4
-0.092 -0.301 0.065 0.936 0.007 0.111 -0.008 0.09

**** cluster 2 and 5
-0.037 -0.543 -0.304 0.659 -0.044 -0.238 -0.045 -0.341

**** cluster 3 and 4
-0.023 -0.332 0.749 0.572 -0.007 0.015 0.036 -0.005

**** cluster 3 and 5
0.026 -0.841 0.04 0.329 0.004 -0.371 0.066 -0.202

**** cluster 4 and 5
-0.029 -0.353 -0.384 -0.706 -0.06 -0.25 -0.028 -0.403
