
 Log information for the data set datasetJLG2v10nv0out0_3.dat >>

 alpha = 0.05 sepVal = 0.01

 Number of clusters >> 2

 cluster sizes >>
50 50

 Number of data points >> 100

 Number of dimensions >> 10

 Number of noisy dimensions >> 0

 noisy variables >>
0

 Number of outliers >> 0

 initial eigenvalues for each cluster >> 
 (rows correspond to clusters)
3.363 1.344 9.889 3.326 8.873 3.726 2.744 4.01 9.705 9.795
5.084 5.231 1.507 1.285 5.753 5.275 8.754 7.386 7.817 6.856

 Mean vectors and covariance matrices before rotation --- 1th cluster >>

 mean vector (mu'=Q*mu)>>
-4.221 0 0 0 0 0 0 0 0 0

 covariance matrix (Sigma'=Q*Sigma*t(Q))>>

6.138 1.491 -2.076 0.981 -0.047 0.932 0.316 0.575 -0.902 -1.351
1.491 1.986 -0.307 0.524 -0.005 0.538 0.155 0.356 -0.127 -0.195
-2.076 -0.307 7.318 -0.717 -0.071 -0.889 -0.161 -0.672 -1.15 -1.698
0.981 0.524 -0.717 3.673 -0.016 0.331 0.112 0.204 -0.311 -0.466
-0.047 -0.005 -0.071 -0.016 8.871 -0.021 -0.003 -0.016 -0.032 -0.047
0.932 0.538 -0.889 0.331 -0.021 4.03 0.11 0.182 -0.387 -0.579
0.316 0.155 -0.161 0.112 -0.003 0.11 2.779 0.07 -0.069 -0.104
0.575 0.356 -0.672 0.204 -0.016 0.182 0.07 4.115 -0.294 -0.439
-0.902 -0.127 -1.15 -0.311 -0.032 -0.387 -0.069 -0.294 9.191 -0.759
-1.351 -0.195 -1.698 -0.466 -0.047 -0.579 -0.104 -0.439 -0.759 8.674

 Mean vectors and covariance matrices before rotation --- 2th cluster >>

 mean vector (mu'=Q*mu)>>
4.221 0 0 0 0 0 0 0 0 0

 covariance matrix (Sigma'=Q*Sigma*t(Q))>>

4.907 -0.073 0.075 1.698 -0.243 -0.136 -1.049 -0.621 -0.161 -0.404
-0.073 5.21 0.013 0.301 -0.053 -0.037 -0.201 -0.122 -0.031 -0.081
0.075 0.013 1.509 0.049 0.013 0.021 -0.001 0.004 0.001 0.005
1.698 0.301 0.049 2.359 0.289 0.476 0.001 0.11 0.017 0.127
-0.243 -0.053 0.013 0.289 5.659 -0.089 -0.257 -0.165 -0.041 -0.114
-0.136 -0.037 0.021 0.476 -0.089 5.21 -0.326 -0.198 -0.051 -0.132
-1.049 -0.201 -0.001 0.001 -0.257 -0.326 8.369 -0.291 -0.069 -0.222
-0.621 -0.122 0.004 0.11 -0.165 -0.198 -0.291 7.177 -0.05 -0.155
-0.161 -0.031 0.001 0.017 -0.041 -0.051 -0.069 -0.05 7.805 -0.038
-0.404 -0.081 0.005 0.127 -0.114 -0.132 -0.222 -0.155 -0.038 6.743

 Final eigenvalues for each cluster >> 
 (rows correspond to clusters)
9.889 9.795 9.705 8.873 4.01 3.726 3.363 3.326 2.744 1.344
8.754 7.817 7.386 6.856 5.753 5.275 5.231 5.084 1.507 1.285

 *************************************************

 ********************* rotation ******************

 *************************************************


 The orthogonal matrix Q >>
0.222 0.08 0.466 0.5 0.044 0.354 0.01 0.352 0.236 0.412
0.08 -0.995 0.031 0.033 0.003 0.023 0.001 0.023 0.015 0.027
0.466 0.031 -0.822 0.191 0.017 0.135 0.004 0.134 0.09 0.157
0.5 0.033 0.191 -0.795 0.018 0.145 0.004 0.144 0.097 0.169
0.044 0.003 0.017 0.018 -0.998 0.013 0 0.013 0.008 0.015
0.354 0.023 0.135 0.145 0.013 -0.898 0.003 0.102 0.068 0.119
0.01 0.001 0.004 0.004 0 0.003 -1 0.003 0.002 0.003
0.352 0.023 0.134 0.144 0.013 0.102 0.003 -0.899 0.068 0.119
0.236 0.015 0.09 0.097 0.008 0.068 0.002 0.068 -0.955 0.08
0.412 0.027 0.157 0.169 0.015 0.119 0.003 0.119 0.08 -0.861

 Mean vectors and covariance matrices after rotation --- 1th cluster >>

 mean vector (mu'=Q*mu)>>
-1.494 -1.741 -1.969 -0.995 -0.938 -0.339 -0.186 -0.042 -1.484 -2.112

 covariance matrix (Sigma'=Q*Sigma*t(Q))>>

3.737 -0.315 -0.177 -0.124 0.011 -0.059 -0.055 -0.001 -0.023 0
-0.315 9.69 -0.069 -0.047 -0.328 -0.753 -0.011 -0.216 -0.075 0.006
-0.177 -0.069 9.703 -0.07 0.503 -0.845 0.021 -0.276 0.149 0.4
-0.124 -0.047 -0.07 9.673 0.072 -0.421 0.003 -0.13 0.026 0.118
0.011 -0.328 0.503 0.072 3.281 -0.55 -0.153 -0.062 -0.041 -0.029
-0.059 -0.753 -0.845 -0.421 -0.55 1.731 -0.078 0.115 -0.217 -0.301
-0.055 -0.011 0.021 0.003 -0.153 -0.078 8.867 -0.017 -0.039 -0.054
-0.001 -0.216 -0.276 -0.13 -0.062 0.115 -0.017 2.773 -0.037 -0.042
-0.023 -0.075 0.149 0.026 -0.041 -0.217 -0.039 -0.037 3.997 -0.002
0 0.006 0.4 0.118 -0.029 -0.301 -0.054 -0.042 -0.002 3.325

 Mean vectors and covariance matrices after rotation --- 2th cluster >>

 mean vector (mu'=Q*mu)>>
1.494 1.741 1.969 0.995 0.938 0.339 0.186 0.042 1.484 2.112

 covariance matrix (Sigma'=Q*Sigma*t(Q))>>

5.228 -0.156 0.482 -0.158 -0.144 -0.028 -0.008 0.139 -0.148 0.193
-0.156 6.662 0.483 -0.192 -0.569 -0.08 -0.025 0.318 -0.142 -0.266
0.482 0.483 2.693 0.151 1.576 0.125 0.174 0.623 0.505 0.295
-0.158 -0.192 0.151 7.655 -0.577 -0.052 -0.002 0.237 -0.135 -0.34
-0.144 -0.569 1.576 -0.577 4.641 -0.056 0.028 0.553 -0.517 0.623
-0.028 -0.08 0.125 -0.052 -0.056 5.214 -0.034 -0.096 -0.105 0.245
-0.008 -0.025 0.174 -0.002 0.028 -0.034 5.679 -0.197 -0.08 0.365
0.139 0.318 0.623 0.237 0.553 -0.096 -0.197 8.395 0.171 0.649
-0.148 -0.142 0.505 -0.135 -0.517 -0.105 -0.08 0.171 7.259 -0.126
0.193 -0.266 0.295 -0.34 0.623 0.245 0.365 0.649 -0.126 1.524

 Final eigenvalues for each cluster >> 
 (rows correspond to clusters)
9.889 9.795 9.705 8.873 4.01 3.726 3.363 3.326 2.744 1.344
8.754 7.817 7.386 6.856 5.753 5.275 5.231 5.084 1.507 1.285

 theoretical Separation index matrix >>

-1 0.01
0.01 -1

 theoretical projection directions >>

**** cluster 1 and 2
0.31 0.243 0.206 0.14 0.18 0.177 0.008 -0.065 0.266 0.803

 empirical Separation index matrix (alpha= 0.05 )>>

-1 0.055
0.055 -1

 empirical projection directions >>

**** cluster 1 and 2
0.283 0.118 0.326 0.058 0.164 0.136 -0.048 0.06 0.318 0.802
