
 Log information for the data set datasetJHG2v10nv10out0_3.dat >>

 alpha = 0.05 sepVal = 0.34

 Number of clusters >> 2

 cluster sizes >>
50 50

 Number of data points >> 100

 Number of dimensions >> 20

 Number of noisy dimensions >> 10

 noisy variables >>
1 2 4 6 7 8 9 10 14 15

 Number of outliers >> 0

 initial eigenvalues for each cluster >> 
 (rows correspond to clusters)
2.861 3.385 7.17 9.514 6.249 1.957 9.989 2.404 9.896 1.312
5.961 8.338 1.375 6.832 5.9 8.438 3.236 4.03 3.839 4.391

 Mean vectors and covariance matrices before rotation --- 1th cluster >>

 mean vector (mu'=Q*mu)>>
-8.885 0 0 0 0 0 0 0 0 0 0 0 0 0 0 0 0 0 0 0

 covariance matrix (Sigma'=Q*Sigma*t(Q))>>

5.676 0.419 -0.669 -2.073 -0.18 0.174 -0.064 0.291 -2.295 1.025 0 0 0 0 0 0 0 0 0 0
0.419 3.437 -0.17 -0.482 -0.05 0.029 -0.015 0.047 -0.53 0.181 0 0 0 0 0 0 0 0 0 0
-0.669 -0.17 6.861 -0.666 -0.113 -0.018 -0.02 -0.045 -0.712 -0.05 0 0 0 0 0 0 0 0 0 0
-2.073 -0.482 -0.666 8.173 -0.254 -0.069 -0.039 -0.155 -1.422 -0.276 0 0 0 0 0 0 0 0 0 0
-0.18 -0.05 -0.113 -0.254 6.209 -0.003 -0.008 -0.011 -0.273 -0.001 0 0 0 0 0 0 0 0 0 0
0.174 0.029 -0.018 -0.069 -0.003 1.966 -0.002 0.017 -0.078 0.054 0 0 0 0 0 0 0 0 0 0
-0.064 -0.015 -0.02 -0.039 -0.008 -0.002 9.988 -0.005 -0.041 -0.009 0 0 0 0 0 0 0 0 0 0
0.291 0.047 -0.045 -0.155 -0.011 0.017 -0.005 2.433 -0.173 0.096 0 0 0 0 0 0 0 0 0 0
-2.295 -0.53 -0.712 -1.422 -0.273 -0.078 -0.041 -0.173 8.389 -0.316 0 0 0 0 0 0 0 0 0 0
1.025 0.181 -0.05 -0.276 -0.001 0.054 -0.009 0.096 -0.316 1.605 0 0 0 0 0 0 0 0 0 0
0 0 0 0 0 0 0 0 0 0 38.053 4.653 5.217 9.145 11.01 19.813 -1.978 -12.666 6.35 -4.664
0 0 0 0 0 0 0 0 0 0 4.653 20.845 3.165 3.467 3.618 5.169 0.508 0.957 2.014 0.385
0 0 0 0 0 0 0 0 0 0 5.217 3.165 41.453 6.913 7.333 10.804 0.746 0.688 4.1 0.311
0 0 0 0 0 0 0 0 0 0 9.145 3.467 6.913 31.633 8.013 11.538 1.047 1.776 4.466 0.723
0 0 0 0 0 0 0 0 0 0 11.01 3.618 7.333 8.013 26.532 11.917 1.191 2.29 4.651 0.918
0 0 0 0 0 0 0 0 0 0 19.813 5.169 10.804 11.538 11.917 20.748 1.975 4.488 6.615 1.768
0 0 0 0 0 0 0 0 0 0 -1.978 0.508 0.746 1.047 1.191 1.975 66.161 -0.729 0.678 -0.264
0 0 0 0 0 0 0 0 0 0 -12.666 0.957 0.688 1.776 2.29 4.488 -0.729 78.953 1.34 -1.495
0 0 0 0 0 0 0 0 0 0 6.35 2.014 4.1 4.466 4.651 6.615 0.678 1.34 19.045 0.536
0 0 0 0 0 0 0 0 0 0 -4.664 0.385 0.311 0.723 0.918 1.768 -0.264 -1.495 0.536 81.225

 Mean vectors and covariance matrices before rotation --- 2th cluster >>

 mean vector (mu'=Q*mu)>>
8.885 0 0 0 0 0 0 0 0 0 0 0 0 0 0 0 0 0 0 0

 covariance matrix (Sigma'=Q*Sigma*t(Q))>>

5.641 -0.041 0.74 -0.32 -0.049 -0.911 0.015 0.815 0.288 0.291 0 0 0 0 0 0 0 0 0 0
-0.041 8.338 0.003 -0.01 -0.009 -0.017 0 -0.003 -0.001 -0.002 0 0 0 0 0 0 0 0 0 0
0.74 0.003 1.535 0.111 0.164 0.069 0.004 0.315 0.103 0.134 0 0 0 0 0 0 0 0 0 0
-0.32 -0.01 0.111 6.723 -0.066 -0.226 0.002 0.076 0.03 0.02 0 0 0 0 0 0 0 0 0 0
-0.049 -0.009 0.164 -0.066 5.894 -0.195 0.003 0.185 0.065 0.067 0 0 0 0 0 0 0 0 0 0
-0.911 -0.017 0.069 -0.226 -0.195 8.064 0 -0.075 -0.018 -0.05 0 0 0 0 0 0 0 0 0 0
0.015 0 0.004 0.002 0.003 0 3.236 0.008 0.003 0.003 0 0 0 0 0 0 0 0 0 0
0.815 -0.003 0.315 0.076 0.185 -0.075 0.008 4.539 0.171 0.207 0 0 0 0 0 0 0 0 0 0
0.288 -0.001 0.103 0.03 0.065 -0.018 0.003 0.171 3.897 0.07 0 0 0 0 0 0 0 0 0 0
0.291 -0.002 0.134 0.02 0.067 -0.05 0.003 0.207 0.07 4.474 0 0 0 0 0 0 0 0 0 0
0 0 0 0 0 0 0 0 0 0 38.053 4.653 5.217 9.145 11.01 19.813 -1.978 -12.666 6.35 -4.664
0 0 0 0 0 0 0 0 0 0 4.653 20.845 3.165 3.467 3.618 5.169 0.508 0.957 2.014 0.385
0 0 0 0 0 0 0 0 0 0 5.217 3.165 41.453 6.913 7.333 10.804 0.746 0.688 4.1 0.311
0 0 0 0 0 0 0 0 0 0 9.145 3.467 6.913 31.633 8.013 11.538 1.047 1.776 4.466 0.723
0 0 0 0 0 0 0 0 0 0 11.01 3.618 7.333 8.013 26.532 11.917 1.191 2.29 4.651 0.918
0 0 0 0 0 0 0 0 0 0 19.813 5.169 10.804 11.538 11.917 20.748 1.975 4.488 6.615 1.768
0 0 0 0 0 0 0 0 0 0 -1.978 0.508 0.746 1.047 1.191 1.975 66.161 -0.729 0.678 -0.264
0 0 0 0 0 0 0 0 0 0 -12.666 0.957 0.688 1.776 2.29 4.488 -0.729 78.953 1.34 -1.495
0 0 0 0 0 0 0 0 0 0 6.35 2.014 4.1 4.466 4.651 6.615 0.678 1.34 19.045 0.536
0 0 0 0 0 0 0 0 0 0 -4.664 0.385 0.311 0.723 0.918 1.768 -0.264 -1.495 0.536 81.225

 Final eigenvalues for each cluster >> 
 (rows correspond to clusters)
82.989 81.778 76.286 66.229 35.393 23.986 19.279 18.176 16.458 9.989 9.896 9.514 7.17 6.249 4.074 3.385 2.861 2.404 1.957 1.312
82.989 81.778 76.286 66.229 35.393 23.986 19.279 18.176 16.458 8.438 8.338 6.832 5.961 5.9 4.391 4.074 4.03 3.839 3.236 1.375

 *************************************************

 ********************* rotation ******************

 *************************************************


 The orthogonal matrix Q >>
0.172 0 0.412 0.157 0.487 0.2 0.369 0.441 0.123 0.391
0 -1 0 0 0 0 0 0 0 0
0.412 0 -0.855 0.055 0.171 0.07 0.13 0.155 0.043 0.138
0.157 0 0.055 -0.979 0.065 0.027 0.049 0.059 0.017 0.052
0.487 0 0.171 0.065 -0.798 0.083 0.153 0.183 0.051 0.162
0.2 0 0.07 0.027 0.083 -0.966 0.063 0.075 0.021 0.067
0.369 0 0.13 0.049 0.153 0.063 -0.884 0.139 0.039 0.123
0.441 0 0.155 0.059 0.183 0.075 0.139 -0.834 0.046 0.147
0.123 0 0.043 0.017 0.051 0.021 0.039 0.046 -0.987 0.041
0.391 0 0.138 0.052 0.162 0.067 0.123 0.147 0.041 -0.869

 Mean vectors and covariance matrices after rotation --- 1th cluster >>

 mean vector (mu'=Q*mu)>>
0 0 -3.922 0 -1.095 0 0 0 0 0 -1.526 -4.323 -3.665 0 0 -1.397 -1.776 -0.002 -3.276 -3.476

 covariance matrix (Sigma'=Q*Sigma*t(Q))>>

81.225 -4.664 0 -1.495 0 0.385 0.311 -0.264 1.768 0.723 0 0 0 0.536 0.918 0 0 0 0 0
-4.664 38.053 0 -12.666 0 4.653 5.217 -1.978 19.813 9.145 0 0 0 6.35 11.01 0 0 0 0 0
0 0 3.014 0 1.091 0 0 0 0 0 0.874 0.194 0.326 0 0 0.962 0.292 -0.084 -0.432 0.404
-1.495 -12.666 0 78.953 0 0.957 0.688 -0.729 4.488 1.776 0 0 0 1.34 2.29 0 0 0 0 0
0 0 1.091 0 9.049 0 0 0 0 0 0.791 0.998 0.42 0 0 -0.718 0.497 -0.566 0.759 0.746
0.385 4.653 0 0.957 0 20.845 3.165 0.508 5.169 3.467 0 0 0 2.014 3.618 0 0 0 0 0
0.311 5.217 0 0.688 0 3.165 41.453 0.746 10.804 6.913 0 0 0 4.1 7.333 0 0 0 0 0
-0.264 -1.978 0 -0.729 0 0.508 0.746 66.161 1.975 1.047 0 0 0 0.678 1.191 0 0 0 0 0
1.768 19.813 0 4.488 0 5.169 10.804 1.975 20.748 11.538 0 0 0 6.615 11.917 0 0 0 0 0
0.723 9.145 0 1.776 0 3.467 6.913 1.047 11.538 31.633 0 0 0 4.466 8.013 0 0 0 0 0
0 0 0.874 0 0.791 0 0 0 0 0 4.68 -0.692 -0.578 0 0 0.55 0.47 0.072 -1.999 0.994
0 0 0.194 0 0.998 0 0 0 0 0 -0.692 5.955 -0.111 0 0 0.822 0.103 -0.194 -0.842 -0.047
0 0 0.326 0 0.42 0 0 0 0 0 -0.578 -0.111 7.048 0 0 0.316 0.162 -0.292 -0.562 0.086
0.536 6.35 0 1.34 0 2.014 4.1 0.678 6.615 4.466 0 0 0 19.045 4.651 0 0 0 0 0
0.918 11.01 0 2.29 0 3.618 7.333 1.191 11.917 8.013 0 0 0 4.651 26.532 0 0 0 0 0
0 0 0.962 0 -0.718 0 0 0 0 0 0.55 0.822 0.316 0 0 8.895 0.441 -0.528 0.569 0.64
0 0 0.292 0 0.497 0 0 0 0 0 0.47 0.103 0.162 0 0 0.441 2.096 -0.03 -0.186 0.204
0 0 -0.084 0 -0.566 0 0 0 0 0 0.072 -0.194 -0.292 0 0 -0.528 -0.03 3.437 -0.124 0.066
0 0 -0.432 0 0.759 0 0 0 0 0 -1.999 -0.842 -0.562 0 0 0.569 -0.186 -0.124 8.869 -0.56
0 0 0.404 0 0.746 0 0 0 0 0 0.994 -0.047 0.086 0 0 0.64 0.204 0.066 -0.56 1.695

 Mean vectors and covariance matrices after rotation --- 2th cluster >>

 mean vector (mu'=Q*mu)>>
0 0 3.922 0 1.095 0 0 0 0 0 1.526 4.323 3.665 0 0 1.397 1.776 0.002 3.276 3.476

 covariance matrix (Sigma'=Q*Sigma*t(Q))>>

81.225 -4.664 0 -1.495 0 0.385 0.311 -0.264 1.768 0.723 0 0 0 0.536 0.918 0 0 0 0 0
-4.664 38.053 0 -12.666 0 4.653 5.217 -1.978 19.813 9.145 0 0 0 6.35 11.01 0 0 0 0 0
0 0 4.01 0 -0.008 0 0 0 0 0 -0.012 -0.146 0.29 0 0 0.065 0.099 0.019 0.139 -0.023
-1.495 -12.666 0 78.953 0 0.957 0.688 -0.729 4.488 1.776 0 0 0 1.34 2.29 0 0 0 0 0
0 0 -0.008 0 3.838 0 0 0 0 0 -0.024 -0.061 0.068 0 0 0.016 0.017 0.005 0.013 -0.022
0.385 4.653 0 0.957 0 20.845 3.165 0.508 5.169 3.467 0 0 0 2.014 3.618 0 0 0 0 0
0.311 5.217 0 0.688 0 3.165 41.453 0.746 10.804 6.913 0 0 0 4.1 7.333 0 0 0 0 0
-0.264 -1.978 0 -0.729 0 0.508 0.746 66.161 1.975 1.047 0 0 0 0.678 1.191 0 0 0 0 0
1.768 19.813 0 4.488 0 5.169 10.804 1.975 20.748 11.538 0 0 0 6.615 11.917 0 0 0 0 0
0.723 9.145 0 1.776 0 3.467 6.913 1.047 11.538 31.633 0 0 0 4.466 8.013 0 0 0 0 0
0 0 -0.012 0 -0.024 0 0 0 0 0 4.979 -0.291 1.215 0 0 -0.142 -0.188 0.017 0.844 0.192
0 0 -0.146 0 -0.061 0 0 0 0 0 -0.291 5.807 0.373 0 0 0.012 0.111 0.015 0.358 0.036
0 0 0.29 0 0.068 0 0 0 0 0 1.215 0.373 1.951 0 0 0.269 0.444 0.024 0.519 0.335
0.536 6.35 0 1.34 0 2.014 4.1 0.678 6.615 4.466 0 0 0 19.045 4.651 0 0 0 0 0
0.918 11.01 0 2.29 0 3.618 7.333 1.191 11.917 8.013 0 0 0 4.651 26.532 0 0 0 0 0
0 0 0.065 0 0.016 0 0 0 0 0 -0.142 0.012 0.269 0 0 6.783 -0.083 -0.003 0.197 0.095
0 0 0.099 0 0.017 0 0 0 0 0 -0.188 0.111 0.444 0 0 -0.083 8.33 -0.007 0.405 0.212
0 0 0.019 0 0.005 0 0 0 0 0 0.017 0.015 0.024 0 0 -0.003 -0.007 8.338 0.018 0.017
0 0 0.139 0 0.013 0 0 0 0 0 0.844 0.358 0.519 0 0 0.197 0.405 0.018 3.823 0.318
0 0 -0.023 0 -0.022 0 0 0 0 0 0.192 0.036 0.335 0 0 0.095 0.212 0.017 0.318 4.482

 Final eigenvalues for each cluster >> 
 (rows correspond to clusters)
82.989 81.778 76.286 66.229 35.393 23.986 19.279 18.176 16.458 9.989 9.896 9.514 7.17 6.249 4.074 3.385 2.861 2.404 1.957 1.312
82.989 81.778 76.286 66.229 35.393 23.986 19.279 18.176 16.458 8.438 8.338 6.832 5.961 5.9 4.391 4.074 4.03 3.839 3.236 1.375

 theoretical Separation index matrix >>

-1 0.34
0.34 -1

 theoretical projection directions >>

**** cluster 1 and 2
0 0 0.532 0 -0.073 0 0 0 0 0 0.119 0.406 0.334 0 0 -0.034 0.109 0.012 0.326 0.549

 empirical Separation index matrix (alpha= 0.05 )>>

-1 0.325
0.325 -1

 empirical projection directions >>

**** cluster 1 and 2
-0.01 0.007 -0.462 0.006 -0.012 -0.029 -0.007 -0.024 0.008 -0.029 -0.12 -0.26 -0.259 0.035 -0.008 0.019 -0.314 0.024 -0.236 -0.691
