
 Log information for the data set datasetJMG5v2nv10out0_3.dat >>

 alpha = 0.05 sepVal = 0.21

 Number of clusters >> 5

 cluster sizes >>
50 50 50 50 50

 Number of data points >> 250

 Number of dimensions >> 12

 Number of noisy dimensions >> 10

 noisy variables >>
1 3 4 5 7 8 9 10 11 12

 Number of outliers >> 0

 initial eigenvalues for each cluster >> 
 (rows correspond to clusters)
9.184 7.656
7.515 3.711
4.668 1.748
6.669 7.774
3.204 3.527

 Mean vectors and covariance matrices before rotation --- 1th cluster >>

 mean vector (mu'=Q*mu)>>
-7.77 0 5.949 6.443 7.308 7.718 7.592 5.425 5.446 6.086 7.309 5.738

 covariance matrix (Sigma'=Q*Sigma*t(Q))>>

7.855 0.514 0 0 0 0 0 0 0 0 0 0
0.514 8.985 0 0 0 0 0 0 0 0 0 0
0 0 84.648 -0.905 -0.417 -1.226 9.198 3.666 -2.723 -4.029 -12.457 8.453
0 0 -0.905 119.351 -0.085 -0.33 0.001 -0.148 -0.246 -0.261 -0.561 0.021
0 0 -0.417 -0.085 88.351 0.311 1.468 0.812 -0.058 -0.244 -1.13 1.319
0 0 -1.226 -0.33 0.311 88.849 6.096 3.457 -0.105 -0.867 -4.379 5.467
0 0 9.198 0.001 1.468 6.096 69.976 6.7 2.822 1.921 0.56 7.519
0 0 3.666 -0.148 0.812 3.457 6.7 80.412 1.246 0.492 -1.708 5.899
0 0 -2.723 -0.246 -0.058 -0.105 2.822 1.246 93.582 -1.022 -3.362 2.577
0 0 -4.029 -0.261 -0.244 -0.867 1.921 0.492 -1.022 98.963 -3.636 1.802
0 0 -12.457 -0.561 -1.13 -4.379 0.56 -1.708 -3.362 -3.636 107.825 0.77
0 0 8.453 0.021 1.319 5.467 7.519 5.899 2.577 1.802 0.77 65.488

 Mean vectors and covariance matrices before rotation --- 2th cluster >>

 mean vector (mu'=Q*mu)>>
7.77 0 5.949 6.443 7.308 7.718 7.592 5.425 5.446 6.086 7.309 5.738

 covariance matrix (Sigma'=Q*Sigma*t(Q))>>

4.942 1.706 0 0 0 0 0 0 0 0 0 0
1.706 7.307 0 0 0 0 0 0 0 0 0 0
0 0 84.648 -0.905 -0.417 -1.226 9.198 3.666 -2.723 -4.029 -12.457 8.453
0 0 -0.905 119.351 -0.085 -0.33 0.001 -0.148 -0.246 -0.261 -0.561 0.021
0 0 -0.417 -0.085 88.351 0.311 1.468 0.812 -0.058 -0.244 -1.13 1.319
0 0 -1.226 -0.33 0.311 88.849 6.096 3.457 -0.105 -0.867 -4.379 5.467
0 0 9.198 0.001 1.468 6.096 69.976 6.7 2.822 1.921 0.56 7.519
0 0 3.666 -0.148 0.812 3.457 6.7 80.412 1.246 0.492 -1.708 5.899
0 0 -2.723 -0.246 -0.058 -0.105 2.822 1.246 93.582 -1.022 -3.362 2.577
0 0 -4.029 -0.261 -0.244 -0.867 1.921 0.492 -1.022 98.963 -3.636 1.802
0 0 -12.457 -0.561 -1.13 -4.379 0.56 -1.708 -3.362 -3.636 107.825 0.77
0 0 8.453 0.021 1.319 5.467 7.519 5.899 2.577 1.802 0.77 65.488

 Mean vectors and covariance matrices before rotation --- 3th cluster >>

 mean vector (mu'=Q*mu)>>
0 13.457 5.949 6.443 7.308 7.718 7.592 5.425 5.446 6.086 7.309 5.738

 covariance matrix (Sigma'=Q*Sigma*t(Q))>>

2.767 1.392 0 0 0 0 0 0 0 0 0 0
1.392 3.648 0 0 0 0 0 0 0 0 0 0
0 0 84.648 -0.905 -0.417 -1.226 9.198 3.666 -2.723 -4.029 -12.457 8.453
0 0 -0.905 119.351 -0.085 -0.33 0.001 -0.148 -0.246 -0.261 -0.561 0.021
0 0 -0.417 -0.085 88.351 0.311 1.468 0.812 -0.058 -0.244 -1.13 1.319
0 0 -1.226 -0.33 0.311 88.849 6.096 3.457 -0.105 -0.867 -4.379 5.467
0 0 9.198 0.001 1.468 6.096 69.976 6.7 2.822 1.921 0.56 7.519
0 0 3.666 -0.148 0.812 3.457 6.7 80.412 1.246 0.492 -1.708 5.899
0 0 -2.723 -0.246 -0.058 -0.105 2.822 1.246 93.582 -1.022 -3.362 2.577
0 0 -4.029 -0.261 -0.244 -0.867 1.921 0.492 -1.022 98.963 -3.636 1.802
0 0 -12.457 -0.561 -1.13 -4.379 0.56 -1.708 -3.362 -3.636 107.825 0.77
0 0 8.453 0.021 1.319 5.467 7.519 5.899 2.577 1.802 0.77 65.488

 Mean vectors and covariance matrices before rotation --- 4th cluster >>

 mean vector (mu'=Q*mu)>>
23.309 0 5.949 6.443 7.308 7.718 7.592 5.425 5.446 6.086 7.309 5.738

 covariance matrix (Sigma'=Q*Sigma*t(Q))>>

6.737 -0.266 0 0 0 0 0 0 0 0 0 0
-0.266 7.706 0 0 0 0 0 0 0 0 0 0
0 0 84.648 -0.905 -0.417 -1.226 9.198 3.666 -2.723 -4.029 -12.457 8.453
0 0 -0.905 119.351 -0.085 -0.33 0.001 -0.148 -0.246 -0.261 -0.561 0.021
0 0 -0.417 -0.085 88.351 0.311 1.468 0.812 -0.058 -0.244 -1.13 1.319
0 0 -1.226 -0.33 0.311 88.849 6.096 3.457 -0.105 -0.867 -4.379 5.467
0 0 9.198 0.001 1.468 6.096 69.976 6.7 2.822 1.921 0.56 7.519
0 0 3.666 -0.148 0.812 3.457 6.7 80.412 1.246 0.492 -1.708 5.899
0 0 -2.723 -0.246 -0.058 -0.105 2.822 1.246 93.582 -1.022 -3.362 2.577
0 0 -4.029 -0.261 -0.244 -0.867 1.921 0.492 -1.022 98.963 -3.636 1.802
0 0 -12.457 -0.561 -1.13 -4.379 0.56 -1.708 -3.362 -3.636 107.825 0.77
0 0 8.453 0.021 1.319 5.467 7.519 5.899 2.577 1.802 0.77 65.488

 Mean vectors and covariance matrices before rotation --- 5th cluster >>

 mean vector (mu'=Q*mu)>>
15.539 13.457 5.949 6.443 7.308 7.718 7.592 5.425 5.446 6.086 7.309 5.738

 covariance matrix (Sigma'=Q*Sigma*t(Q))>>

5.752 -0.24 0 0 0 0 0 0 0 0 0 0
-0.24 5.502 0 0 0 0 0 0 0 0 0 0
0 0 84.648 -0.905 -0.417 -1.226 9.198 3.666 -2.723 -4.029 -12.457 8.453
0 0 -0.905 119.351 -0.085 -0.33 0.001 -0.148 -0.246 -0.261 -0.561 0.021
0 0 -0.417 -0.085 88.351 0.311 1.468 0.812 -0.058 -0.244 -1.13 1.319
0 0 -1.226 -0.33 0.311 88.849 6.096 3.457 -0.105 -0.867 -4.379 5.467
0 0 9.198 0.001 1.468 6.096 69.976 6.7 2.822 1.921 0.56 7.519
0 0 3.666 -0.148 0.812 3.457 6.7 80.412 1.246 0.492 -1.708 5.899
0 0 -2.723 -0.246 -0.058 -0.105 2.822 1.246 93.582 -1.022 -3.362 2.577
0 0 -4.029 -0.261 -0.244 -0.867 1.921 0.492 -1.022 98.963 -3.636 1.802
0 0 -12.457 -0.561 -1.13 -4.379 0.56 -1.708 -3.362 -3.636 107.825 0.77
0 0 8.453 0.021 1.319 5.467 7.519 5.899 2.577 1.802 0.77 65.488

 Final eigenvalues for each cluster >> 
 (rows correspond to clusters)
119.39 115.873 100.286 95.943 94.216 88.288 87.372 75.789 61.326 58.962 9.184 7.656
119.39 115.873 100.286 95.943 94.216 88.288 87.372 75.789 61.326 58.962 8.2 4.049
119.39 115.873 100.286 95.943 94.216 88.288 87.372 75.789 61.326 58.962 4.668 1.748
119.39 115.873 100.286 95.943 94.216 88.288 87.372 75.789 61.326 58.962 7.774 6.669
119.39 115.873 100.286 95.943 94.216 88.288 87.372 75.789 61.326 58.962 5.898 5.357

 *************************************************

 ********************* rotation ******************

 *************************************************


 The orthogonal matrix Q >>
0.237 0.971
0.971 -0.237

 Mean vectors and covariance matrices after rotation --- 1th cluster >>

 mean vector (mu'=Q*mu)>>
5.425 -7.548 7.309 6.086 7.718 -1.843 5.446 6.443 7.592 5.949 7.308 5.738

 covariance matrix (Sigma'=Q*Sigma*t(Q))>>

80.412 0 -1.708 0.492 3.457 0 1.246 -0.148 6.7 3.666 0.812 5.899
0 7.682 0 0 0 0.196 0 0 0 0 0 0
-1.708 0 107.825 -3.636 -4.379 0 -3.362 -0.561 0.56 -12.457 -1.13 0.77
0.492 0 -3.636 98.963 -0.867 0 -1.022 -0.261 1.921 -4.029 -0.244 1.802
3.457 0 -4.379 -0.867 88.849 0 -0.105 -0.33 6.096 -1.226 0.311 5.467
0 0.196 0 0 0 9.158 0 0 0 0 0 0
1.246 0 -3.362 -1.022 -0.105 0 93.582 -0.246 2.822 -2.723 -0.058 2.577
-0.148 0 -0.561 -0.261 -0.33 0 -0.246 119.351 0.001 -0.905 -0.085 0.021
6.7 0 0.56 1.921 6.096 0 2.822 0.001 69.976 9.198 1.468 7.519
3.666 0 -12.457 -4.029 -1.226 0 -2.723 -0.905 9.198 84.648 -0.417 8.453
0.812 0 -1.13 -0.244 0.311 0 -0.058 -0.085 1.468 -0.417 88.351 1.319
5.899 0 0.77 1.802 5.467 0 2.577 0.021 7.519 8.453 1.319 65.488

 Mean vectors and covariance matrices after rotation --- 2th cluster >>

 mean vector (mu'=Q*mu)>>
5.425 7.548 7.309 6.086 7.718 1.843 5.446 6.443 7.592 5.949 7.308 5.738

 covariance matrix (Sigma'=Q*Sigma*t(Q))>>

80.412 0 -1.708 0.492 3.457 0 1.246 -0.148 6.7 3.666 0.812 5.899
0 4.289 0 0 0 0.969 0 0 0 0 0 0
-1.708 0 107.825 -3.636 -4.379 0 -3.362 -0.561 0.56 -12.457 -1.13 0.77
0.492 0 -3.636 98.963 -0.867 0 -1.022 -0.261 1.921 -4.029 -0.244 1.802
3.457 0 -4.379 -0.867 88.849 0 -0.105 -0.33 6.096 -1.226 0.311 5.467
0 0.969 0 0 0 7.96 0 0 0 0 0 0
1.246 0 -3.362 -1.022 -0.105 0 93.582 -0.246 2.822 -2.723 -0.058 2.577
-0.148 0 -0.561 -0.261 -0.33 0 -0.246 119.351 0.001 -0.905 -0.085 0.021
6.7 0 0.56 1.921 6.096 0 2.822 0.001 69.976 9.198 1.468 7.519
3.666 0 -12.457 -4.029 -1.226 0 -2.723 -0.905 9.198 84.648 -0.417 8.453
0.812 0 -1.13 -0.244 0.311 0 -0.058 -0.085 1.468 -0.417 88.351 1.319
5.899 0 0.77 1.802 5.467 0 2.577 0.021 7.519 8.453 1.319 65.488

 Mean vectors and covariance matrices after rotation --- 3th cluster >>

 mean vector (mu'=Q*mu)>>
5.425 -3.192 7.309 6.086 7.718 13.073 5.446 6.443 7.592 5.949 7.308 5.738

 covariance matrix (Sigma'=Q*Sigma*t(Q))>>

80.412 0 -1.708 0.492 3.457 0 1.246 -0.148 6.7 3.666 0.812 5.899
0 2.175 0 0 0 1.032 0 0 0 0 0 0
-1.708 0 107.825 -3.636 -4.379 0 -3.362 -0.561 0.56 -12.457 -1.13 0.77
0.492 0 -3.636 98.963 -0.867 0 -1.022 -0.261 1.921 -4.029 -0.244 1.802
3.457 0 -4.379 -0.867 88.849 0 -0.105 -0.33 6.096 -1.226 0.311 5.467
0 1.032 0 0 0 4.24 0 0 0 0 0 0
1.246 0 -3.362 -1.022 -0.105 0 93.582 -0.246 2.822 -2.723 -0.058 2.577
-0.148 0 -0.561 -0.261 -0.33 0 -0.246 119.351 0.001 -0.905 -0.085 0.021
6.7 0 0.56 1.921 6.096 0 2.822 0.001 69.976 9.198 1.468 7.519
3.666 0 -12.457 -4.029 -1.226 0 -2.723 -0.905 9.198 84.648 -0.417 8.453
0.812 0 -1.13 -0.244 0.311 0 -0.058 -0.085 1.468 -0.417 88.351 1.319
5.899 0 0.77 1.802 5.467 0 2.577 0.021 7.519 8.453 1.319 65.488

 Mean vectors and covariance matrices after rotation --- 4th cluster >>

 mean vector (mu'=Q*mu)>>
5.425 22.644 7.309 6.086 7.718 5.529 5.446 6.443 7.592 5.949 7.308 5.738

 covariance matrix (Sigma'=Q*Sigma*t(Q))>>

80.412 0 -1.708 0.492 3.457 0 1.246 -0.148 6.7 3.666 0.812 5.899
0 6.915 0 0 0 -0.459 0 0 0 0 0 0
-1.708 0 107.825 -3.636 -4.379 0 -3.362 -0.561 0.56 -12.457 -1.13 0.77
0.492 0 -3.636 98.963 -0.867 0 -1.022 -0.261 1.921 -4.029 -0.244 1.802
3.457 0 -4.379 -0.867 88.849 0 -0.105 -0.33 6.096 -1.226 0.311 5.467
0 -0.459 0 0 0 7.529 0 0 0 0 0 0
1.246 0 -3.362 -1.022 -0.105 0 93.582 -0.246 2.822 -2.723 -0.058 2.577
-0.148 0 -0.561 -0.261 -0.33 0 -0.246 119.351 0.001 -0.905 -0.085 0.021
6.7 0 0.56 1.921 6.096 0 2.822 0.001 69.976 9.198 1.468 7.519
3.666 0 -12.457 -4.029 -1.226 0 -2.723 -0.905 9.198 84.648 -0.417 8.453
0.812 0 -1.13 -0.244 0.311 0 -0.058 -0.085 1.468 -0.417 88.351 1.319
5.899 0 0.77 1.802 5.467 0 2.577 0.021 7.519 8.453 1.319 65.488

 Mean vectors and covariance matrices after rotation --- 5th cluster >>

 mean vector (mu'=Q*mu)>>
5.425 11.904 7.309 6.086 7.718 16.759 5.446 6.443 7.592 5.949 7.308 5.738

 covariance matrix (Sigma'=Q*Sigma*t(Q))>>

80.412 0 -1.708 0.492 3.457 0 1.246 -0.148 6.7 3.666 0.812 5.899
0 5.849 0 0 0 -0.155 0 0 0 0 0 0
-1.708 0 107.825 -3.636 -4.379 0 -3.362 -0.561 0.56 -12.457 -1.13 0.77
0.492 0 -3.636 98.963 -0.867 0 -1.022 -0.261 1.921 -4.029 -0.244 1.802
3.457 0 -4.379 -0.867 88.849 0 -0.105 -0.33 6.096 -1.226 0.311 5.467
0 -0.155 0 0 0 5.406 0 0 0 0 0 0
1.246 0 -3.362 -1.022 -0.105 0 93.582 -0.246 2.822 -2.723 -0.058 2.577
-0.148 0 -0.561 -0.261 -0.33 0 -0.246 119.351 0.001 -0.905 -0.085 0.021
6.7 0 0.56 1.921 6.096 0 2.822 0.001 69.976 9.198 1.468 7.519
3.666 0 -12.457 -4.029 -1.226 0 -2.723 -0.905 9.198 84.648 -0.417 8.453
0.812 0 -1.13 -0.244 0.311 0 -0.058 -0.085 1.468 -0.417 88.351 1.319
5.899 0 0.77 1.802 5.467 0 2.577 0.021 7.519 8.453 1.319 65.488

 Final eigenvalues for each cluster >> 
 (rows correspond to clusters)
119.39 115.873 100.286 95.943 94.216 88.288 87.372 75.789 61.326 58.962 9.184 7.656
119.39 115.873 100.286 95.943 94.216 88.288 87.372 75.789 61.326 58.962 8.2 4.049
119.39 115.873 100.286 95.943 94.216 88.288 87.372 75.789 61.326 58.962 4.668 1.748
119.39 115.873 100.286 95.943 94.216 88.288 87.372 75.789 61.326 58.962 7.774 6.669
119.39 115.873 100.286 95.943 94.216 88.288 87.372 75.789 61.326 58.962 5.898 5.357

 theoretical Separation index matrix >>

-1 0.231 0.21 0.492 0.445
0.231 -1 0.379 0.248 0.21
0.21 0.379 -1 0.547 0.33
0.492 0.248 0.547 -1 0.21
0.445 0.21 0.33 0.21 -1

 theoretical projection directions >>

**** cluster 1 and 2
0 0.996 0 0 0 0.092 0 0 0 0 0 0

**** cluster 1 and 3
0 0.26 0 0 0 0.965 0 0 0 0 0 0

**** cluster 1 and 4
0 0.974 0 0 0 0.224 0 0 0 0 0 0

**** cluster 1 and 5
0 0.743 0 0 0 0.669 0 0 0 0 0 0

**** cluster 2 and 3
0 -0.852 0 0 0 0.524 0 0 0 0 0 0

**** cluster 2 and 4
0 0.991 0 0 0 0.131 0 0 0 0 0 0

**** cluster 2 and 5
0 0.296 0 0 0 0.955 0 0 0 0 0 0

**** cluster 3 and 4
0 0.959 0 0 0 -0.285 0 0 0 0 0 0

**** cluster 3 and 5
0 0.998 0 0 0 0.067 0 0 0 0 0 0

**** cluster 4 and 5
0 -0.692 0 0 0 0.721 0 0 0 0 0 0

 empirical Separation index matrix (alpha= 0.05 )>>

-1 0.455 0.259 0.357 0.23
0.455 -1 0.511 0.285 0.245
0.259 0.511 -1 0.537 0.281
0.357 0.285 0.537 -1 0.342
0.23 0.245 0.281 0.342 -1

 empirical projection directions >>

**** cluster 1 and 2
0.039 -0.762 -0.014 -0.022 0.012 -0.64 -0.014 0.05 0.022 0.004 -0.016 -0.056

**** cluster 1 and 3
-0.005 0.714 -0.026 -0.04 0.029 -0.695 0.016 0.019 0.031 -0.009 -0.028 0.042

**** cluster 1 and 4
0.016 -0.998 0.003 -0.003 0.015 -0.054 0 0.005 0.032 -0.001 -0.01 0

**** cluster 1 and 5
0.017 -0.352 -0.014 0.028 0.028 -0.934 -0.016 -0.01 -0.006 -0.016 -0.024 0.01

**** cluster 2 and 3
-0.062 0.926 0.02 0.001 0.009 0.361 -0.012 -0.035 0.029 -0.032 -0.026 0.067

**** cluster 2 and 4
-0.056 0.312 0 -0.011 -0.011 0.946 -0.027 -0.015 0.029 0.028 0.008 0.052

**** cluster 2 and 5
-0.035 0.94 0.022 0.031 -0.004 0.328 -0.004 -0.026 0 -0.026 -0.002 0.063

**** cluster 3 and 4
0.023 -0.97 0.008 0.028 0.028 0.234 -0.001 -0.005 -0.007 0.023 0.027 -0.022

**** cluster 3 and 5
0.02 -0.946 0.009 0.031 0.026 -0.315 -0.016 -0.012 -0.006 0.04 0.008 -0.025

**** cluster 4 and 5
0.007 0.767 0.003 0.018 -0.03 -0.637 0 -0.002 -0.054 -0.026 -0.004 0.005
