
 Log information for the data set datasetJLG3v10nv1out0_1.dat >>

 alpha = 0.05 sepVal = 0.01

 Number of clusters >> 3

 cluster sizes >>
50 50 50

 Number of data points >> 150

 Number of dimensions >> 11

 Number of noisy dimensions >> 1

 noisy variables >>
5

 Number of outliers >> 0

 initial eigenvalues for each cluster >> 
 (rows correspond to clusters)
4.26 4.665 8.815 1.132 5.664 7.379 9.059 9.276 5.754 4.075
7.44 9.781 5.822 1.022 1.641 3.618 1.884 2.385 2.937 5.485
9.037 7.895 7.748 9.203 5.616 1.027 1.009 6.136 2.126 1.971

 Mean vectors and covariance matrices before rotation --- 1th cluster >>

 mean vector (mu'=Q*mu)>>
-5.358 0 0 0 0 0 0 0 0 0 1.703

 covariance matrix (Sigma'=Q*Sigma*t(Q))>>

9.896 0.064 -1.086 0.38 0.539 -0.274 -1.616 -1.739 0.063 1.388 0
0.064 6.84 -0.027 0.008 0.004 -0.008 -0.04 -0.043 0 0.025 0
-1.086 -0.027 12.18 0.011 -0.796 -0.349 -1.042 -1.071 -0.11 -0.351 0
0.38 0.008 0.011 1.685 0.13 0.022 0.009 0.004 0.017 0.137 0
0.539 0.004 -0.796 0.13 8.004 -0.297 -1.147 -1.204 -0.045 0.242 0
-0.274 -0.008 -0.349 0.022 -0.297 10.664 -0.494 -0.511 -0.042 -0.079 0
-1.616 -0.04 -1.042 0.009 -1.147 -0.494 11.82 -1.499 -0.159 -0.526 0
-1.739 -0.043 -1.071 0.004 -1.204 -0.511 -1.499 12.062 -0.167 -0.569 0
0.063 0 -0.11 0.017 -0.045 -0.042 -0.159 -0.167 8.429 0.029 0
1.388 0.025 -0.351 0.137 0.242 -0.079 -0.526 -0.569 0.029 6.499 0
0 0 0 0 0 0 0 0 0 0 6.508

 Mean vectors and covariance matrices before rotation --- 2th cluster >>

 mean vector (mu'=Q*mu)>>
5.358 0 0 0 0 0 0 0 0 0 1.703

 covariance matrix (Sigma'=Q*Sigma*t(Q))>>

3.175 -0.956 -0.226 1.618 0.58 0.093 0.982 0.77 0.457 -0.312 0
-0.956 9.605 -0.074 0.059 0.009 -0.029 0.004 -0.022 -0.042 -0.119 0
-0.226 -0.074 5.823 0.264 0.102 0.034 0.18 0.155 0.109 0.012 0
1.618 0.059 0.264 2.766 0.722 0.355 1.31 1.222 0.952 0.499 0
0.58 0.009 0.102 0.722 1.939 0.143 0.539 0.5 0.387 0.195 0
0.093 -0.029 0.034 0.355 0.143 3.681 0.257 0.234 0.176 0.07 0
0.982 0.004 0.18 1.31 0.539 0.257 2.859 0.903 0.697 0.344 0
0.77 -0.022 0.155 1.222 0.5 0.234 0.903 3.218 0.64 0.301 0
0.457 -0.042 0.109 0.952 0.387 0.176 0.697 0.64 3.424 0.215 0
-0.312 -0.119 0.012 0.499 0.195 0.07 0.344 0.301 0.215 5.524 0
0 0 0 0 0 0 0 0 0 0 6.508

 Mean vectors and covariance matrices before rotation --- 3th cluster >>

 mean vector (mu'=Q*mu)>>
0 9.28 0 0 0 0 0 0 0 0 1.703

 covariance matrix (Sigma'=Q*Sigma*t(Q))>>

5.615 -0.179 -0.534 -1.155 0.324 1.475 1.055 0.056 1.067 1.425 0
-0.179 7.89 -0.01 -0.063 0.078 0.162 0.115 0.04 0.122 0.162 0
-0.534 -0.01 7.731 -0.19 0.275 0.542 0.387 0.146 0.412 0.546 0
-1.155 -0.063 -0.19 8.815 0.078 0.455 0.325 0 0.326 0.436 0
0.324 0.078 0.275 0.078 6.346 0.917 0.655 0.459 0.732 0.962 0
1.475 0.162 0.542 0.455 0.917 1.858 0.593 0.621 0.696 0.908 0
1.055 0.115 0.387 0.325 0.655 0.593 1.432 0.443 0.497 0.648 0
0.056 0.04 0.146 0 0.459 0.621 0.443 6.419 0.491 0.646 0
1.067 0.122 0.412 0.326 0.732 0.696 0.497 0.491 2.704 0.755 0
1.425 0.162 0.546 0.436 0.962 0.908 0.648 0.646 0.755 2.958 0
0 0 0 0 0 0 0 0 0 0 6.508

 Final eigenvalues for each cluster >> 
 (rows correspond to clusters)
13.6 13.281 12.923 10.817 8.436 8.304 6.839 6.508 6.245 5.975 1.66
9.781 7.44 6.508 5.822 5.485 3.618 2.937 2.385 1.884 1.641 1.022
9.203 9.037 7.895 7.748 6.508 6.136 5.616 2.126 1.971 1.027 1.009

 *************************************************

 ********************* rotation ******************

 *************************************************


 The orthogonal matrix Q >>
0.27 0.301 0.029 0.5 0.496 0.156 0.313 0.388 0.25 0.066
0.301 -0.929 0.007 0.119 0.118 0.037 0.074 0.092 0.059 0.016
0.029 0.007 -0.999 0.011 0.011 0.004 0.007 0.009 0.006 0.002
0.5 0.119 0.011 -0.803 0.195 0.061 0.123 0.153 0.098 0.026
0.496 0.118 0.011 0.195 -0.806 0.061 0.122 0.151 0.098 0.026
0.156 0.037 0.004 0.061 0.061 -0.981 0.038 0.048 0.031 0.008
0.313 0.074 0.007 0.123 0.122 0.038 -0.923 0.095 0.062 0.016
0.388 0.092 0.009 0.153 0.151 0.048 0.095 -0.882 0.076 0.02
0.25 0.059 0.006 0.098 0.098 0.031 0.062 0.076 -0.951 0.013
0.066 0.016 0.002 0.026 0.026 0.008 0.016 0.02 0.013 -0.997

 Mean vectors and covariance matrices after rotation --- 1th cluster >>

 mean vector (mu'=Q*mu)>>
-0.155 -1.614 -2.077 -1.448 1.703 -1.34 -1.674 -2.657 -0.836 -2.679 -0.354

 covariance matrix (Sigma'=Q*Sigma*t(Q))>>

12.294 0.569 -0.269 1.36 0 0.378 -0.381 0.178 -0.034 1.048 -0.255
0.569 6.939 0.447 -0.222 0 0.013 0.512 0.086 0.114 0.671 -0.315
-0.269 0.447 13.158 -0.582 0 0.15 -0.413 -0.503 -0.167 1.458 -0.927
1.36 -0.222 -0.582 5.72 0 -0.468 -0.017 -0.276 -0.123 2.007 -0.199
0 0 0 0 6.508 0 0 0 0 0 0
0.378 0.013 0.15 -0.468 0 8.382 0.227 -0.092 0.024 0.452 -0.268
-0.381 0.512 -0.413 -0.017 0 0.227 12.86 -0.322 -0.135 1.443 -0.78
0.178 0.086 -0.503 -0.276 0 -0.092 -0.322 8.004 -0.138 1.087 -0.335
-0.034 0.114 -0.167 -0.123 0 0.024 -0.135 -0.138 10.764 0.483 -0.239
1.048 0.671 1.458 2.007 0 0.452 1.443 1.087 0.483 3.614 -0.317
-0.255 -0.315 -0.927 -0.199 0 -0.268 -0.78 -0.335 -0.239 -0.317 6.345

 Mean vectors and covariance matrices after rotation --- 2th cluster >>

 mean vector (mu'=Q*mu)>>
0.155 1.614 2.077 1.448 1.703 1.34 1.674 2.657 0.836 2.679 0.354

 covariance matrix (Sigma'=Q*Sigma*t(Q))>>

5.822 -0.078 0.118 -0.208 0 0.078 0.132 0.1 0.026 0.207 0.007
-0.078 9.638 -0.317 -0.455 0 -0.302 -0.417 0.111 -0.079 -0.419 -0.159
0.118 -0.317 2.406 -0.004 0 0.027 0.013 0.078 -0.005 0.048 0.175
-0.208 -0.455 -0.004 6.824 0 -0.335 -0.412 1.611 0.07 0.207 -0.402
0 0 0 0 6.508 0 0 0 0 0 0
0.078 -0.302 0.027 -0.335 0 2.971 0.051 0.001 -0.014 0.079 0.119
0.132 -0.417 0.013 -0.412 0 0.051 1.952 -0.102 -0.03 0.061 0.202
0.1 0.111 0.078 1.611 0 0.001 -0.102 2.188 0.086 0.016 0.139
0.026 -0.079 -0.005 0.07 0 -0.014 -0.03 0.086 3.62 -0.004 0.034
0.207 -0.419 0.048 0.207 0 0.079 0.061 0.016 -0.004 1.09 0.316
0.007 -0.159 0.175 -0.402 0 0.119 0.202 0.139 0.034 0.316 5.505

 Mean vectors and covariance matrices after rotation --- 3th cluster >>

 mean vector (mu'=Q*mu)>>
0.064 -8.617 0.853 2.796 1.703 0.55 0.688 1.092 0.343 1.101 0.145

 covariance matrix (Sigma'=Q*Sigma*t(Q))>>

7.74 0.038 0.201 -0.287 0 0.424 0.428 0.339 0.512 -0.098 0.487
0.038 7.813 -0.126 -0.032 0 -0.232 -0.058 -0.206 -0.446 -0.064 -0.578
0.201 -0.126 6.121 -0.032 0 -0.02 0.151 -0.014 -0.196 -0.111 -0.321
-0.287 -0.032 -0.032 8.236 0 -0.033 0.815 -0.091 -0.841 -0.373 -1.593
0 0 0 0 6.508 0 0 0 0 0 0
0.424 -0.232 -0.02 -0.033 0 2.169 0.052 0.019 0.041 -0.156 0.077
0.428 -0.058 0.151 0.815 0 0.052 1.155 0.207 -0.086 0.169 -0.141
0.339 -0.206 -0.014 -0.091 0 0.019 0.207 5.623 -0.164 -0.183 -0.291
0.512 -0.446 -0.196 -0.841 0 0.041 -0.086 -0.164 1.25 -0.488 0.4
-0.098 -0.064 -0.111 -0.373 0 -0.156 0.169 -0.183 -0.488 9.024 -0.765
0.487 -0.578 -0.321 -1.593 0 0.077 -0.141 -0.291 0.4 -0.765 2.637

 Final eigenvalues for each cluster >> 
 (rows correspond to clusters)
13.6 13.281 12.923 10.817 8.436 8.304 6.839 6.508 6.245 5.975 1.66
9.781 7.44 6.508 5.822 5.485 3.618 2.937 2.385 1.884 1.641 1.022
9.203 9.037 7.895 7.748 6.508 6.136 5.616 2.126 1.971 1.027 1.009

 theoretical Separation index matrix >>

-1 0.09 0.01
0.09 -1 0.01
0.01 0.01 -1

 theoretical projection directions >>

**** cluster 1 and 2
-0.049 0.149 0.203 0.038 0 0.181 0.169 0.41 0.086 0.833 0.048

**** cluster 1 and 3
-0.029 -0.611 0.231 0.408 0 0.236 0.206 0.374 0.166 0.306 0.216

**** cluster 2 and 3
0.048 -0.715 -0.198 0.089 0 -0.239 -0.459 -0.256 -0.227 -0.219 -0.078

 empirical Separation index matrix (alpha= 0.05 )>>

-1 0.049 -0.024
0.049 -1 0.1
-0.024 0.1 -1

 empirical projection directions >>

**** cluster 1 and 2
-0.083 0.612 0.203 -0.089 0.008 0.51 0.367 0.253 -0.123 0.23 0.207

**** cluster 1 and 3
0.193 0.652 -0.38 -0.328 0.046 0.037 -0.32 -0.243 0.047 -0.321 -0.127

**** cluster 2 and 3
0.104 -0.141 -0.305 0.1 -0.039 -0.138 -0.374 -0.407 0.181 -0.712 -0.007
