
 Log information for the data set datasetJHG2v10nv0out0_2.dat >>

 alpha = 0.05 sepVal = 0.34

 Number of clusters >> 2

 cluster sizes >>
50 50

 Number of data points >> 100

 Number of dimensions >> 10

 Number of noisy dimensions >> 0

 noisy variables >>
0

 Number of outliers >> 0

 initial eigenvalues for each cluster >> 
 (rows correspond to clusters)
6.445 6.493 4.287 3.323 1.325 1.02 9.186 8.602 1.86 3.824
3.767 2.002 9.315 1.921 8.127 4.43 1.736 9.405 7.613 4.527

 Mean vectors and covariance matrices before rotation --- 1th cluster >>

 mean vector (mu'=Q*mu)>>
-7.873 0 0 0 0 0 0 0 0 0

 covariance matrix (Sigma'=Q*Sigma*t(Q))>>

4.833 -0.56 0.14 0.024 1.238 1.919 -1.163 -1.301 0.184 0.551
-0.56 6.299 0.044 0.008 0.409 0.634 -0.393 -0.441 0.061 0.178
0.14 0.044 4.344 0.006 0.233 0.352 -0.065 -0.058 0.037 0.172
0.024 0.008 0.006 3.324 0.022 0.033 -0.003 -0.001 0.004 0.018
1.238 0.409 0.233 0.022 2.042 1.066 0.082 0.162 0.116 0.652
1.919 0.634 0.352 0.033 1.066 2.602 0.149 0.275 0.173 0.981
-1.163 -0.393 -0.065 -0.003 0.082 0.149 8.742 -0.531 0.007 -0.126
-1.301 -0.441 -0.058 -0.001 0.162 0.275 -0.531 7.971 0.019 -0.095
0.184 0.061 0.037 0.004 0.116 0.173 0.007 0.019 1.879 0.103
0.551 0.178 0.172 0.018 0.652 0.981 -0.126 -0.095 0.103 4.329

 Mean vectors and covariance matrices before rotation --- 2th cluster >>

 mean vector (mu'=Q*mu)>>
7.873 0 0 0 0 0 0 0 0 0

 covariance matrix (Sigma'=Q*Sigma*t(Q))>>

4.388 0.47 -1.032 1.012 -0.428 -0.082 0.852 -1.751 -0.74 -0.114
0.47 2.131 -0.103 0.274 -0.036 0.09 0.223 -0.177 -0.054 0.081
-1.032 -0.103 9.001 -0.209 -0.151 -0.32 -0.154 -0.528 -0.284 -0.311
1.012 0.274 -0.209 2.502 -0.072 0.198 0.473 -0.359 -0.107 0.177
-0.428 -0.036 -0.151 -0.072 8.056 -0.138 -0.051 -0.254 -0.133 -0.134
-0.082 0.09 -0.32 0.198 -0.138 4.338 0.172 -0.543 -0.243 -0.098
0.852 0.223 -0.154 0.473 -0.051 0.172 2.12 -0.264 -0.074 0.155
-1.751 -0.177 -0.528 -0.359 -0.254 -0.543 -0.264 8.516 -0.478 -0.527
-0.74 -0.054 -0.284 -0.107 -0.133 -0.243 -0.074 -0.478 7.366 -0.237
-0.114 0.081 -0.311 0.177 -0.134 -0.098 0.155 -0.527 -0.237 4.425

 Final eigenvalues for each cluster >> 
 (rows correspond to clusters)
9.186 8.602 6.493 6.445 4.287 3.824 3.323 1.86 1.325 1.02
9.405 9.315 8.127 7.613 4.527 4.43 3.767 2.002 1.921 1.736

 *************************************************

 ********************* rotation ******************

 *************************************************


 The orthogonal matrix Q >>
0.14 0.327 0.378 0.334 0.318 0.342 0.206 0.15 0.577 0.057
0.327 -0.906 0.108 0.096 0.091 0.098 0.059 0.043 0.165 0.016
0.378 0.108 -0.875 0.111 0.105 0.113 0.068 0.05 0.191 0.019
0.334 0.096 0.111 -0.902 0.093 0.1 0.06 0.044 0.169 0.017
0.318 0.091 0.105 0.093 -0.911 0.095 0.057 0.042 0.161 0.016
0.342 0.098 0.113 0.1 0.095 -0.897 0.062 0.045 0.173 0.017
0.206 0.059 0.068 0.06 0.057 0.062 -0.963 0.027 0.104 0.01
0.15 0.043 0.05 0.044 0.042 0.045 0.027 -0.98 0.076 0.007
0.577 0.165 0.191 0.169 0.161 0.173 0.104 0.076 -0.708 0.029
0.057 0.016 0.019 0.017 0.016 0.017 0.01 0.007 0.029 -0.997

 Mean vectors and covariance matrices after rotation --- 1th cluster >>

 mean vector (mu'=Q*mu)>>
-2.974 -4.541 -1.621 -2.504 -2.696 -0.448 -1.105 -2.63 -1.181 -2.574

 covariance matrix (Sigma'=Q*Sigma*t(Q))>>

4.309 0.53 0.177 -0.16 -0.397 -0.251 0.022 0.182 0.331 0.035
0.53 3.468 0.675 -0.024 -0.474 -0.461 1.654 0.756 0.83 0.52
0.177 0.675 9.016 0.087 -0.023 -0.317 -0.44 0.324 -0.216 -0.173
-0.16 -0.024 0.087 1.404 0.106 0.241 0.039 -0.152 0.345 0.086
-0.397 -0.474 -0.023 0.106 1.273 0.49 -0.353 -0.441 0.343 0.005
-0.251 -0.461 -0.317 0.241 0.49 4.203 -0.729 -0.325 -0.202 -0.185
0.022 1.654 -0.44 0.039 -0.353 -0.729 4.434 0.543 -0.133 -0.599
0.182 0.756 0.324 -0.152 -0.441 -0.325 0.543 3.663 0.425 0.179
0.331 0.83 -0.216 0.345 0.343 -0.202 -0.133 0.425 8.285 -0.096
0.035 0.52 -0.173 0.086 0.005 -0.185 -0.599 0.179 -0.096 6.31

 Mean vectors and covariance matrices after rotation --- 2th cluster >>

 mean vector (mu'=Q*mu)>>
2.974 4.541 1.621 2.504 2.696 0.448 1.105 2.63 1.181 2.574

 covariance matrix (Sigma'=Q*Sigma*t(Q))>>

8.94 -0.532 -0.399 -0.333 -0.249 -0.181 -1.01 -0.448 0.238 -0.107
-0.532 6.75 -0.533 -0.542 -0.274 -0.062 -1.175 -0.61 0.63 -0.194
-0.399 -0.533 1.871 -0.329 0.018 0.194 0.224 0.155 0.069 0.038
-0.333 -0.542 -0.329 7.793 -0.196 -0.044 -0.805 -0.389 0.339 -0.152
-0.249 -0.274 0.018 -0.196 4.518 0.04 0.321 0.093 0.202 0.197
-0.181 -0.062 0.194 -0.044 0.04 4.465 0.311 0.265 -0.356 0.201
-1.01 -1.175 0.224 -0.805 0.321 0.311 5.074 0.472 0.644 0.637
-0.448 -0.61 0.155 -0.389 0.093 0.265 0.472 2.126 0.246 0.11
0.238 0.63 0.069 0.339 0.202 -0.356 0.644 0.246 9.134 0.506
-0.107 -0.194 0.038 -0.152 0.197 0.201 0.637 0.11 0.506 2.17

 Final eigenvalues for each cluster >> 
 (rows correspond to clusters)
9.186 8.602 6.493 6.445 4.287 3.824 3.323 1.86 1.325 1.02
9.405 9.315 8.127 7.613 4.527 4.43 3.767 2.002 1.921 1.736

 theoretical Separation index matrix >>

-1 0.34
0.34 -1

 theoretical projection directions >>

**** cluster 1 and 2
0.272 0.459 0.123 0.348 0.561 0.055 0.096 0.442 -0.039 0.235

 empirical Separation index matrix (alpha= 0.05 )>>

-1 0.355
0.355 -1

 empirical projection directions >>

**** cluster 1 and 2
0.127 0.327 -0.017 0.279 0.716 0.029 0.199 0.489 -0.048 0.062
