
 Log information for the data set datasetJMG2v5nv10out0_1.dat >>

 alpha = 0.05 sepVal = 0.21

 Number of clusters >> 2

 cluster sizes >>
50 50

 Number of data points >> 100

 Number of dimensions >> 15

 Number of noisy dimensions >> 10

 noisy variables >>
3 4 6 7 8 9 10 11 14 15

 Number of outliers >> 0

 initial eigenvalues for each cluster >> 
 (rows correspond to clusters)
7.42 9.764 4.246 8.999 9.208
6.033 3.34 7.157 6.859 3.499

 Mean vectors and covariance matrices before rotation --- 1th cluster >>

 mean vector (mu'=Q*mu)>>
-7.796 0 0 0 0 0 0 0 0 0 0 0 0 0 0

 covariance matrix (Sigma'=Q*Sigma*t(Q))>>

8.703 -0.601 1.575 -0.128 -0.376 0 0 0 0 0 0 0 0 0 0
-0.601 8.807 0.379 -0.503 -1.002 0 0 0 0 0 0 0 0 0 0
1.575 0.379 5.173 0.351 0.6 0 0 0 0 0 0 0 0 0 0
-0.128 -0.503 0.351 8.756 -0.498 0 0 0 0 0 0 0 0 0 0
-0.376 -1.002 0.6 -0.498 8.198 0 0 0 0 0 0 0 0 0 0
0 0 0 0 0 53.815 1.222 4.852 -0.489 4.5 3.659 2.292 -0.949 8.278 -3.233
0 0 0 0 0 1.222 5.722 0.171 0.19 0.221 0.262 0.074 0.29 0.255 0.273
0 0 0 0 0 4.852 0.171 18.403 0.754 0.968 1.119 0.341 1.15 1.175 1.039
0 0 0 0 0 -0.489 0.19 0.754 56.996 0.701 0.572 0.356 -0.138 1.286 -0.492
0 0 0 0 0 4.5 0.221 0.968 0.701 33.871 1.243 0.432 1.06 1.509 0.848
0 0 0 0 0 3.659 0.262 1.119 0.572 1.243 42.943 0.507 0.853 1.787 0.535
0 0 0 0 0 2.292 0.074 0.341 0.356 0.432 0.507 11.781 0.544 0.511 0.503
0 0 0 0 0 -0.949 0.29 1.15 -0.138 1.06 0.853 0.544 57.291 1.966 -0.808
0 0 0 0 0 8.278 0.255 1.175 1.286 1.509 1.787 0.511 1.966 8.862 1.841
0 0 0 0 0 -3.233 0.273 1.039 -0.492 0.848 0.535 0.503 -0.808 1.841 61.466

 Mean vectors and covariance matrices before rotation --- 2th cluster >>

 mean vector (mu'=Q*mu)>>
7.796 0 0 0 0 0 0 0 0 0 0 0 0 0 0

 covariance matrix (Sigma'=Q*Sigma*t(Q))>>

5.145 1.166 -0.893 -0.637 0.731 0 0 0 0 0 0 0 0 0 0
1.166 4.57 0.196 0.224 0.809 0 0 0 0 0 0 0 0 0 0
-0.893 0.196 6.605 -0.424 0.109 0 0 0 0 0 0 0 0 0 0
-0.637 0.224 -0.424 6.538 0.132 0 0 0 0 0 0 0 0 0 0
0.731 0.809 0.109 0.132 4.031 0 0 0 0 0 0 0 0 0 0
0 0 0 0 0 53.815 1.222 4.852 -0.489 4.5 3.659 2.292 -0.949 8.278 -3.233
0 0 0 0 0 1.222 5.722 0.171 0.19 0.221 0.262 0.074 0.29 0.255 0.273
0 0 0 0 0 4.852 0.171 18.403 0.754 0.968 1.119 0.341 1.15 1.175 1.039
0 0 0 0 0 -0.489 0.19 0.754 56.996 0.701 0.572 0.356 -0.138 1.286 -0.492
0 0 0 0 0 4.5 0.221 0.968 0.701 33.871 1.243 0.432 1.06 1.509 0.848
0 0 0 0 0 3.659 0.262 1.119 0.572 1.243 42.943 0.507 0.853 1.787 0.535
0 0 0 0 0 2.292 0.074 0.341 0.356 0.432 0.507 11.781 0.544 0.511 0.503
0 0 0 0 0 -0.949 0.29 1.15 -0.138 1.06 0.853 0.544 57.291 1.966 -0.808
0 0 0 0 0 8.278 0.255 1.175 1.286 1.509 1.787 0.511 1.966 8.862 1.841
0 0 0 0 0 -3.233 0.273 1.039 -0.492 0.848 0.535 0.503 -0.808 1.841 61.466

 Final eigenvalues for each cluster >> 
 (rows correspond to clusters)
62.881 57.551 57.204 57.066 41.659 32.734 17.627 11.632 9.764 9.208 8.999 7.42 7.109 5.685 4.246
62.881 57.551 57.204 57.066 41.659 32.734 17.627 11.632 7.157 7.109 6.859 6.033 5.685 3.499 3.34

 *************************************************

 ********************* rotation ******************

 *************************************************


 The orthogonal matrix Q >>
0.363 0.265 0.551 0.412 0.57
0.265 -0.948 0.107 0.08 0.111
0.551 0.107 -0.777 0.167 0.23
0.412 0.08 0.167 -0.875 0.172
0.57 0.111 0.23 0.172 -0.762

 Mean vectors and covariance matrices after rotation --- 1th cluster >>

 mean vector (mu'=Q*mu)>>
-4.295 -2.828 0 0 -3.215 0 0 0 0 0 0 -4.441 -2.07 0 0

 covariance matrix (Sigma'=Q*Sigma*t(Q))>>

4.534 0.602 0 0 0.262 0 0 0 0 0 0 0.648 0.774 0 0
0.602 7.804 0 0 0.11 0 0 0 0 0 0 0.373 0.67 0 0
0 0 11.781 0.544 0 0.341 0.511 0.432 0.356 0.507 0.503 0 0 0.074 2.292
0 0 0.544 57.291 0 1.15 1.966 1.06 -0.138 0.853 -0.808 0 0 0.29 -0.949
0.262 0.11 0 0 8.982 0 0 0 0 0 0 -0.058 -0.019 0 0
0 0 0.341 1.15 0 18.403 1.175 0.968 0.754 1.119 1.039 0 0 0.171 4.852
0 0 0.511 1.966 0 1.175 8.862 1.509 1.286 1.787 1.841 0 0 0.255 8.278
0 0 0.432 1.06 0 0.968 1.509 33.871 0.701 1.243 0.848 0 0 0.221 4.5
0 0 0.356 -0.138 0 0.754 1.286 0.701 56.996 0.572 -0.492 0 0 0.19 -0.489
0 0 0.507 0.853 0 1.119 1.787 1.243 0.572 42.943 0.535 0 0 0.262 3.659
0 0 0.503 -0.808 0 1.039 1.841 0.848 -0.492 0.535 61.466 0 0 0.273 -3.233
0.648 0.373 0 0 -0.058 0 0 0 0 0 0 8.982 -0.251 0 0
0.774 0.67 0 0 -0.019 0 0 0 0 0 0 -0.251 9.336 0 0
0 0 0.074 0.29 0 0.171 0.255 0.221 0.19 0.262 0.273 0 0 5.722 1.222
0 0 2.292 -0.949 0 4.852 8.278 4.5 -0.489 3.659 -3.233 0 0 1.222 53.815

 Mean vectors and covariance matrices after rotation --- 2th cluster >>

 mean vector (mu'=Q*mu)>>
4.295 2.828 0 0 3.215 0 0 0 0 0 0 4.441 2.07 0 0

 covariance matrix (Sigma'=Q*Sigma*t(Q))>>

7.067 -0.211 0 0 -0.062 0 0 0 0 0 0 0.11 -0.522 0 0
-0.211 5.691 0 0 -0.087 0 0 0 0 0 0 0.256 -0.83 0 0
0 0 11.781 0.544 0 0.341 0.511 0.432 0.356 0.507 0.503 0 0 0.074 2.292
0 0 0.544 57.291 0 1.15 1.966 1.06 -0.138 0.853 -0.808 0 0 0.29 -0.949
-0.062 -0.087 0 0 6.82 0 0 0 0 0 0 0.149 -0.305 0 0
0 0 0.341 1.15 0 18.403 1.175 0.968 0.754 1.119 1.039 0 0 0.171 4.852
0 0 0.511 1.966 0 1.175 8.862 1.509 1.286 1.787 1.841 0 0 0.255 8.278
0 0 0.432 1.06 0 0.968 1.509 33.871 0.701 1.243 0.848 0 0 0.221 4.5
0 0 0.356 -0.138 0 0.754 1.286 0.701 56.996 0.572 -0.492 0 0 0.19 -0.489
0 0 0.507 0.853 0 1.119 1.787 1.243 0.572 42.943 0.535 0 0 0.262 3.659
0 0 0.503 -0.808 0 1.039 1.841 0.848 -0.492 0.535 61.466 0 0 0.273 -3.233
0.11 0.256 0 0 0.149 0 0 0 0 0 0 3.539 -0.162 0 0
-0.522 -0.83 0 0 -0.305 0 0 0 0 0 0 -0.162 3.771 0 0
0 0 0.074 0.29 0 0.171 0.255 0.221 0.19 0.262 0.273 0 0 5.722 1.222
0 0 2.292 -0.949 0 4.852 8.278 4.5 -0.489 3.659 -3.233 0 0 1.222 53.815

 Final eigenvalues for each cluster >> 
 (rows correspond to clusters)
62.881 57.551 57.204 57.066 41.659 32.734 17.627 11.632 9.764 9.208 8.999 7.42 7.109 5.685 4.246
62.881 57.551 57.204 57.066 41.659 32.734 17.627 11.632 7.157 7.109 6.859 6.033 5.685 3.499 3.34

 theoretical Separation index matrix >>

-1 0.21
0.21 -1

 theoretical projection directions >>

**** cluster 1 and 2
0.558 0.332 0 0 0.348 0 0 0 0 0 0 0.596 0.32 0 0

 empirical Separation index matrix (alpha= 0.05 )>>

-1 0.263
0.263 -1

 empirical projection directions >>

**** cluster 1 and 2
-0.44 -0.308 0.075 -0.002 -0.229 0.011 0.119 0.016 -0.008 0.054 0.097 -0.753 -0.228 -0.057 -0.068
