
 Log information for the data set datasetJMG5v10nv10out0_1.dat >>

 alpha = 0.05 sepVal = 0.21

 Number of clusters >> 5

 cluster sizes >>
50 50 50 50 50

 Number of data points >> 250

 Number of dimensions >> 20

 Number of noisy dimensions >> 10

 noisy variables >>
1 3 6 8 9 10 14 18 19 20

 Number of outliers >> 0

 initial eigenvalues for each cluster >> 
 (rows correspond to clusters)
5.382 1.818 3.995 5.886 1.551 4.323 9.35 3.86 4.025 3.245
8.192 9.895 3.183 9.742 7.758 7.297 1.359 9.943 1.388 8.073
3.907 8.434 2.148 6.601 8.671 4.349 9.579 9.622 7.679 5.384
8.213 2.136 7.888 1.768 2.38 7.471 8.22 4.603 7.224 3.91
4.542 7.208 5.813 5.711 4.239 6.8 2.132 4.16 9.747 3.155

 Mean vectors and covariance matrices before rotation --- 1th cluster >>

 mean vector (mu'=Q*mu)>>
-8.864 0 0 0 0 0 0 0 0 0 3.06 3.662 0.805 3.316 3.852 2.284 1.538 3.178 3.369 3.659

 covariance matrix (Sigma'=Q*Sigma*t(Q))>>

10.181 1.406 0.177 -1.58 0.303 0 -1.425 0.735 0.356 0.117 0 0 0 0 0 0 0 0 0 0
1.406 5.107 0.458 0.436 0.15 0.105 -0.09 1.387 1.004 0.11 0 0 0 0 0 0 0 0 0 0
0.177 0.458 9.798 -0.038 0.095 0.039 -0.216 0.617 0.424 0.056 0 0 0 0 0 0 0 0 0 0
-1.58 0.436 -0.038 13.338 0.096 -0.027 -0.609 -0.027 -0.097 0.024 0 0 0 0 0 0 0 0 0 0
0.303 0.15 0.095 0.096 3.76 0.022 -0.014 0.289 0.209 0.023 0 0 0 0 0 0 0 0 0 0
0 0.105 0.039 -0.027 0.022 10.401 -0.059 0.127 0.085 0.012 0 0 0 0 0 0 0 0 0 0
-1.425 -0.09 -0.216 -0.609 -0.014 -0.059 22.199 -0.61 -0.482 -0.034 0 0 0 0 0 0 0 0 0 0
0.735 1.387 0.617 -0.027 0.289 0.127 -0.61 11.218 1.342 0.174 0 0 0 0 0 0 0 0 0 0
0.356 1.004 0.424 -0.097 0.209 0.085 -0.482 1.342 10.596 0.123 0 0 0 0 0 0 0 0 0 0
0.117 0.11 0.056 0.024 0.023 0.012 -0.034 0.174 0.123 7.816 0 0 0 0 0 0 0 0 0 0
0 0 0 0 0 0 0 0 0 0 15.803 0.106 0.074 1.653 0.017 -6.071 -1.2 -7.434 -3.285 4.22
0 0 0 0 0 0 0 0 0 0 0.106 13.745 0.003 0.056 0.001 -0.613 -0.162 -0.752 -0.337 0.292
0 0 0 0 0 0 0 0 0 0 0.074 0.003 10.603 0.029 0 -0.076 -0.012 -0.093 -0.041 0.063
0 0 0 0 0 0 0 0 0 0 1.653 0.056 0.029 11.943 0.006 -2.104 -0.386 -2.576 -1.134 1.562
0 0 0 0 0 0 0 0 0 0 0.017 0.001 0 0.006 6.279 -0.007 0 -0.008 -0.003 0.01
0 0 0 0 0 0 0 0 0 0 -6.071 -0.613 -0.076 -2.104 -0.007 35.877 -1.467 -2.866 -1.392 -1.718
0 0 0 0 0 0 0 0 0 0 -1.2 -0.162 -0.012 -0.386 0 -1.467 18.536 -1.807 -0.835 0.065
0 0 0 0 0 0 0 0 0 0 -7.434 -0.752 -0.093 -2.576 -0.008 -2.866 -1.807 34.05 -1.726 -2.088
0 0 0 0 0 0 0 0 0 0 -3.285 -0.337 -0.041 -1.134 -0.003 -1.392 -0.835 -1.726 33.158 -0.872
0 0 0 0 0 0 0 0 0 0 4.22 0.292 0.063 1.562 0.01 -1.718 0.065 -2.088 -0.872 8.98

 Mean vectors and covariance matrices before rotation --- 2th cluster >>

 mean vector (mu'=Q*mu)>>
8.864 0 0 0 0 0 0 0 0 0 3.06 3.662 0.805 3.316 3.852 2.284 1.538 3.178 3.369 3.659

 covariance matrix (Sigma'=Q*Sigma*t(Q))>>

8.013 -0.817 0.394 -0.494 0.131 0.286 0.145 -0.409 1.796 -0.001 0 0 0 0 0 0 0 0 0 0
-0.817 9.404 0.08 -0.309 -0.183 -0.107 0.034 -0.242 0.416 -0.146 0 0 0 0 0 0 0 0 0 0
0.394 0.08 3.228 0.055 0.126 0.12 0.014 0.038 0.176 0.077 0 0 0 0 0 0 0 0 0 0
-0.494 -0.309 0.055 9.548 -0.107 -0.059 0.023 -0.153 0.282 -0.088 0 0 0 0 0 0 0 0 0 0
0.131 -0.183 0.126 -0.107 7.85 0.131 0.045 -0.092 0.561 0.035 0 0 0 0 0 0 0 0 0 0
0.286 -0.107 0.12 -0.059 0.131 7.457 0.042 -0.055 0.525 0.063 0 0 0 0 0 0 0 0 0 0
0.145 0.034 0.014 0.023 0.045 0.042 1.364 0.016 0.055 0.028 0 0 0 0 0 0 0 0 0 0
-0.409 -0.242 0.038 -0.153 -0.092 -0.055 0.016 9.823 0.201 -0.073 0 0 0 0 0 0 0 0 0 0
1.796 0.416 0.176 0.282 0.561 0.525 0.055 0.201 2.065 0.35 0 0 0 0 0 0 0 0 0 0
-0.001 -0.146 0.077 -0.088 0.035 0.063 0.028 -0.073 0.35 8.079 0 0 0 0 0 0 0 0 0 0
0 0 0 0 0 0 0 0 0 0 15.803 0.106 0.074 1.653 0.017 -6.071 -1.2 -7.434 -3.285 4.22
0 0 0 0 0 0 0 0 0 0 0.106 13.745 0.003 0.056 0.001 -0.613 -0.162 -0.752 -0.337 0.292
0 0 0 0 0 0 0 0 0 0 0.074 0.003 10.603 0.029 0 -0.076 -0.012 -0.093 -0.041 0.063
0 0 0 0 0 0 0 0 0 0 1.653 0.056 0.029 11.943 0.006 -2.104 -0.386 -2.576 -1.134 1.562
0 0 0 0 0 0 0 0 0 0 0.017 0.001 0 0.006 6.279 -0.007 0 -0.008 -0.003 0.01
0 0 0 0 0 0 0 0 0 0 -6.071 -0.613 -0.076 -2.104 -0.007 35.877 -1.467 -2.866 -1.392 -1.718
0 0 0 0 0 0 0 0 0 0 -1.2 -0.162 -0.012 -0.386 0 -1.467 18.536 -1.807 -0.835 0.065
0 0 0 0 0 0 0 0 0 0 -7.434 -0.752 -0.093 -2.576 -0.008 -2.866 -1.807 34.05 -1.726 -2.088
0 0 0 0 0 0 0 0 0 0 -3.285 -0.337 -0.041 -1.134 -0.003 -1.392 -0.835 -1.726 33.158 -0.872
0 0 0 0 0 0 0 0 0 0 4.22 0.292 0.063 1.562 0.01 -1.718 0.065 -2.088 -0.872 8.98

 Mean vectors and covariance matrices before rotation --- 3th cluster >>

 mean vector (mu'=Q*mu)>>
0 15.352 0 0 0 0 0 0 0 0 3.06 3.662 0.805 3.316 3.852 2.284 1.538 3.178 3.369 3.659

 covariance matrix (Sigma'=Q*Sigma*t(Q))>>

7.304 -0.506 0.056 0.126 -0.56 1.187 -1.141 -0.544 -0.157 0.661 0 0 0 0 0 0 0 0 0 0
-0.506 7.678 0.002 -0.374 -0.742 -0.272 -1.107 -0.523 -0.459 -0.384 0 0 0 0 0 0 0 0 0 0
0.056 0.002 2.149 0.006 0.001 0.021 -0.004 -0.002 0.003 0.014 0 0 0 0 0 0 0 0 0 0
0.126 -0.374 0.006 6.453 -0.373 0.003 -0.588 -0.278 -0.212 -0.098 0 0 0 0 0 0 0 0 0 0
-0.56 -0.742 0.001 -0.373 7.945 -0.29 -1.079 -0.509 -0.453 -0.393 0 0 0 0 0 0 0 0 0 0
1.187 -0.272 0.021 0.003 -0.29 4.753 -0.545 -0.259 -0.11 0.198 0 0 0 0 0 0 0 0 0 0
-1.141 -1.107 -0.004 -0.588 -1.079 -0.545 8.001 -0.744 -0.689 -0.661 0 0 0 0 0 0 0 0 0 0
-0.544 -0.523 -0.002 -0.278 -0.509 -0.259 -0.744 9.271 -0.325 -0.314 0 0 0 0 0 0 0 0 0 0
-0.157 -0.459 0.003 -0.212 -0.453 -0.11 -0.689 -0.325 7.406 -0.197 0 0 0 0 0 0 0 0 0 0
0.661 -0.384 0.014 -0.098 -0.393 0.198 -0.661 -0.314 -0.197 5.414 0 0 0 0 0 0 0 0 0 0
0 0 0 0 0 0 0 0 0 0 15.803 0.106 0.074 1.653 0.017 -6.071 -1.2 -7.434 -3.285 4.22
0 0 0 0 0 0 0 0 0 0 0.106 13.745 0.003 0.056 0.001 -0.613 -0.162 -0.752 -0.337 0.292
0 0 0 0 0 0 0 0 0 0 0.074 0.003 10.603 0.029 0 -0.076 -0.012 -0.093 -0.041 0.063
0 0 0 0 0 0 0 0 0 0 1.653 0.056 0.029 11.943 0.006 -2.104 -0.386 -2.576 -1.134 1.562
0 0 0 0 0 0 0 0 0 0 0.017 0.001 0 0.006 6.279 -0.007 0 -0.008 -0.003 0.01
0 0 0 0 0 0 0 0 0 0 -6.071 -0.613 -0.076 -2.104 -0.007 35.877 -1.467 -2.866 -1.392 -1.718
0 0 0 0 0 0 0 0 0 0 -1.2 -0.162 -0.012 -0.386 0 -1.467 18.536 -1.807 -0.835 0.065
0 0 0 0 0 0 0 0 0 0 -7.434 -0.752 -0.093 -2.576 -0.008 -2.866 -1.807 34.05 -1.726 -2.088
0 0 0 0 0 0 0 0 0 0 -3.285 -0.337 -0.041 -1.134 -0.003 -1.392 -0.835 -1.726 33.158 -0.872
0 0 0 0 0 0 0 0 0 0 4.22 0.292 0.063 1.562 0.01 -1.718 0.065 -2.088 -0.872 8.98

 Mean vectors and covariance matrices before rotation --- 4th cluster >>

 mean vector (mu'=Q*mu)>>
0 5.117 14.474 0 0 0 0 0 0 0 3.06 3.662 0.805 3.316 3.852 2.284 1.538 3.178 3.369 3.659

 covariance matrix (Sigma'=Q*Sigma*t(Q))>>

5.731 1.374 -1.137 1.843 1.517 -0.319 -2.392 0.016 -0.096 0.103 0 0 0 0 0 0 0 0 0 0
1.374 4.552 0.362 2.037 1.979 0.134 0.61 0.501 0.048 0.33 0 0 0 0 0 0 0 0 0 0
-1.137 0.362 10.415 0.478 0.404 -0.066 -0.507 0.021 -0.02 0.034 0 0 0 0 0 0 0 0 0 0
1.843 2.037 0.478 4.872 2.421 0.174 0.818 0.622 0.062 0.407 0 0 0 0 0 0 0 0 0 0
1.517 1.979 0.404 2.421 5.562 0.151 0.673 0.588 0.054 0.389 0 0 0 0 0 0 0 0 0 0
-0.319 0.134 -0.066 0.174 0.151 10.073 -0.143 0.014 -0.005 0.015 0 0 0 0 0 0 0 0 0 0
-2.392 0.61 -0.507 0.818 0.673 -0.143 10.036 0.006 -0.043 0.045 0 0 0 0 0 0 0 0 0 0
0.016 0.501 0.021 0.622 0.588 0.014 0.006 6.344 0.006 0.089 0 0 0 0 0 0 0 0 0 0
-0.096 0.048 -0.02 0.062 0.054 -0.005 -0.043 0.006 9.756 0.006 0 0 0 0 0 0 0 0 0 0
0.103 0.33 0.034 0.407 0.389 0.015 0.045 0.089 0.006 5.342 0 0 0 0 0 0 0 0 0 0
0 0 0 0 0 0 0 0 0 0 15.803 0.106 0.074 1.653 0.017 -6.071 -1.2 -7.434 -3.285 4.22
0 0 0 0 0 0 0 0 0 0 0.106 13.745 0.003 0.056 0.001 -0.613 -0.162 -0.752 -0.337 0.292
0 0 0 0 0 0 0 0 0 0 0.074 0.003 10.603 0.029 0 -0.076 -0.012 -0.093 -0.041 0.063
0 0 0 0 0 0 0 0 0 0 1.653 0.056 0.029 11.943 0.006 -2.104 -0.386 -2.576 -1.134 1.562
0 0 0 0 0 0 0 0 0 0 0.017 0.001 0 0.006 6.279 -0.007 0 -0.008 -0.003 0.01
0 0 0 0 0 0 0 0 0 0 -6.071 -0.613 -0.076 -2.104 -0.007 35.877 -1.467 -2.866 -1.392 -1.718
0 0 0 0 0 0 0 0 0 0 -1.2 -0.162 -0.012 -0.386 0 -1.467 18.536 -1.807 -0.835 0.065
0 0 0 0 0 0 0 0 0 0 -7.434 -0.752 -0.093 -2.576 -0.008 -2.866 -1.807 34.05 -1.726 -2.088
0 0 0 0 0 0 0 0 0 0 -3.285 -0.337 -0.041 -1.134 -0.003 -1.392 -0.835 -1.726 33.158 -0.872
0 0 0 0 0 0 0 0 0 0 4.22 0.292 0.063 1.562 0.01 -1.718 0.065 -2.088 -0.872 8.98

 Mean vectors and covariance matrices before rotation --- 5th cluster >>

 mean vector (mu'=Q*mu)>>
0 5.117 3.619 14.015 0 0 0 0 0 0 3.06 3.662 0.805 3.316 3.852 2.284 1.538 3.178 3.369 3.659

 covariance matrix (Sigma'=Q*Sigma*t(Q))>>

7.135 -0.096 -0.283 -0.254 0.433 -0.806 1.348 0.496 -1.955 0.839 0 0 0 0 0 0 0 0 0 0
-0.096 9.613 -0.051 -0.054 -0.023 -0.07 0.006 -0.023 -0.099 -0.007 0 0 0 0 0 0 0 0 0 0
-0.283 -0.051 7.463 -0.305 -0.037 -0.473 0.258 -0.028 -0.811 0.106 0 0 0 0 0 0 0 0 0 0
-0.254 -0.054 -0.305 7.309 -0.025 -0.499 0.297 -0.014 -0.871 0.13 0 0 0 0 0 0 0 0 0 0
0.433 -0.023 -0.037 -0.025 5.816 -0.183 0.417 0.179 -0.514 0.271 0 0 0 0 0 0 0 0 0 0
-0.806 -0.07 -0.473 -0.499 -0.183 8.41 0.125 -0.182 -0.991 -0.023 0 0 0 0 0 0 0 0 0 0
1.348 0.006 0.258 0.297 0.417 0.125 3.522 0.453 -0.257 0.511 0 0 0 0 0 0 0 0 0 0
0.496 -0.023 -0.028 -0.014 0.179 -0.182 0.453 5.754 -0.536 0.297 0 0 0 0 0 0 0 0 0 0
-1.955 -0.099 -0.811 -0.871 -0.514 -0.991 -0.257 -0.536 11.817 -0.355 0 0 0 0 0 0 0 0 0 0
0.839 -0.007 0.106 0.13 0.271 -0.023 0.511 0.297 -0.355 4.576 0 0 0 0 0 0 0 0 0 0
0 0 0 0 0 0 0 0 0 0 15.803 0.106 0.074 1.653 0.017 -6.071 -1.2 -7.434 -3.285 4.22
0 0 0 0 0 0 0 0 0 0 0.106 13.745 0.003 0.056 0.001 -0.613 -0.162 -0.752 -0.337 0.292
0 0 0 0 0 0 0 0 0 0 0.074 0.003 10.603 0.029 0 -0.076 -0.012 -0.093 -0.041 0.063
0 0 0 0 0 0 0 0 0 0 1.653 0.056 0.029 11.943 0.006 -2.104 -0.386 -2.576 -1.134 1.562
0 0 0 0 0 0 0 0 0 0 0.017 0.001 0 0.006 6.279 -0.007 0 -0.008 -0.003 0.01
0 0 0 0 0 0 0 0 0 0 -6.071 -0.613 -0.076 -2.104 -0.007 35.877 -1.467 -2.866 -1.392 -1.718
0 0 0 0 0 0 0 0 0 0 -1.2 -0.162 -0.012 -0.386 0 -1.467 18.536 -1.807 -0.835 0.065
0 0 0 0 0 0 0 0 0 0 -7.434 -0.752 -0.093 -2.576 -0.008 -2.866 -1.807 34.05 -1.726 -2.088
0 0 0 0 0 0 0 0 0 0 -3.285 -0.337 -0.041 -1.134 -0.003 -1.392 -0.835 -1.726 33.158 -0.872
0 0 0 0 0 0 0 0 0 0 4.22 0.292 0.063 1.562 0.01 -1.718 0.065 -2.088 -0.872 8.98

 Final eigenvalues for each cluster >> 
 (rows correspond to clusters)
38.186 37.605 33.991 22.477 19.117 14.15 13.761 12.937 11.689 11.288 10.602 10.393 9.675 9.602 9.278 7.801 6.456 6.279 4.37 3.73
38.186 37.605 33.991 19.117 13.761 11.689 11.288 10.602 9.943 9.895 9.742 8.192 8.073 7.758 7.297 6.456 6.279 3.183 1.388 1.359
38.186 37.605 33.991 19.117 13.761 11.689 11.288 10.602 9.622 9.579 8.671 8.434 7.679 6.601 6.456 6.279 5.384 4.349 3.907 2.148
38.186 37.605 33.991 19.117 13.761 11.689 11.288 11.103 11.093 10.654 10.602 10.091 9.757 6.456 6.279 6.217 5.281 3.214 2.885 2.388
38.186 37.605 33.991 19.117 13.761 13.01 11.689 11.288 10.602 9.62 9.077 7.759 7.623 6.456 6.279 6.062 5.657 5.553 4.211 2.845

 *************************************************

 ********************* rotation ******************

 *************************************************


 The orthogonal matrix Q >>
0.26 0.432 0.111 0.524 0.022 0.249 0.119 0.203 0.473 0.342
0.432 -0.852 0.038 0.18 0.008 0.086 0.041 0.07 0.162 0.118
0.111 0.038 -0.99 0.046 0.002 0.022 0.01 0.018 0.042 0.03
0.524 0.18 0.046 -0.782 0.009 0.104 0.049 0.084 0.197 0.142
0.022 0.008 0.002 0.009 -1 0.004 0.002 0.004 0.008 0.006
0.249 0.086 0.022 0.104 0.004 -0.951 0.023 0.04 0.094 0.068
0.119 0.041 0.01 0.049 0.002 0.023 -0.989 0.019 0.045 0.032
0.203 0.07 0.018 0.084 0.004 0.04 0.019 -0.967 0.076 0.055
0.473 0.162 0.042 0.197 0.008 0.094 0.045 0.076 -0.822 0.129
0.342 0.118 0.03 0.142 0.006 0.068 0.032 0.055 0.129 -0.907

 Mean vectors and covariance matrices after rotation --- 1th cluster >>

 mean vector (mu'=Q*mu)>>
3.178 -3.035 3.316 -4.641 -1.052 0.805 -0.196 3.659 3.662 3.852 -0.987 -4.195 -2.208 3.06 -2.302 -3.833 -1.799 1.538 2.284 3.369

 covariance matrix (Sigma'=Q*Sigma*t(Q))>>

34.05 0 -2.576 0 0 -0.093 0 -2.088 -0.752 -0.008 0 0 0 -7.434 0 0 0 -1.807 -2.866 -1.726
0 8.171 0 0.432 0.348 0 -0.109 0 0 0 -0.06 0.055 0.129 0 0.921 0.203 -0.363 0 0 0
-2.576 0 11.943 0 0 0.029 0 1.562 0.056 0.006 0 0 0 1.653 0 0 0 -0.386 -2.104 -1.134
0 0.432 0 13.755 -0.071 0 -0.113 0 0 0 -0.26 -0.387 0.054 0 -0.847 0.409 -0.928 0 0 0
0 0.348 0 -0.071 22.422 0 -0.043 0 0 0 -0.172 -0.147 0.171 0 -0.191 0.271 -0.642 0 0 0
-0.093 0 0.029 0 0 10.603 0 0.063 0.003 0 0 0 0 0.074 0 0 0 -0.012 -0.076 -0.041
0 -0.109 0 -0.113 -0.043 0 3.742 0 0 0 0.038 -0.008 -0.083 0 -0.213 -0.039 0.162 0 0 0
-2.088 0 1.562 0 0 0.063 0 8.98 0.292 0.01 0 0 0 4.22 0 0 0 0.065 -1.718 -0.872
-0.752 0 0.056 0 0 0.003 0 0.292 13.745 0.001 0 0 0 0.106 0 0 0 -0.162 -0.613 -0.337
-0.008 0 0.006 0 0 0 0 0.01 0.001 6.279 0 0 0 0.017 0 0 0 0 -0.007 -0.003
0 -0.06 0 -0.26 -0.172 0 0.038 0 0 0 9.684 0.081 -0.091 0 -0.415 0.195 0.305 0 0 0
0 0.055 0 -0.387 -0.147 0 -0.008 0 0 0 0.081 9.731 -0.159 0 -0.587 0.429 0.269 0 0 0
0 0.129 0 0.054 0.171 0 -0.083 0 0 0 -0.091 -0.159 10.383 0 0.065 -0.006 -0.347 0 0 0
-7.434 0 1.653 0 0 0.074 0 4.22 0.106 0.017 0 0 0 15.803 0 0 0 -1.2 -6.071 -3.285
0 0.921 0 -0.847 -0.191 0 -0.213 0 0 0 -0.415 -0.587 0.065 0 11.292 1.116 -1.538 0 0 0
0 0.203 0 0.409 0.271 0 -0.039 0 0 0 0.195 0.429 -0.006 0 1.116 4.777 0.499 0 0 0
0 -0.363 0 -0.928 -0.642 0 0.162 0 0 0 0.305 0.269 -0.347 0 -1.538 0.499 10.457 0 0 0
-1.807 0 -0.386 0 0 -0.012 0 0.065 -0.162 0 0 0 0 -1.2 0 0 0 18.536 -1.467 -0.835
-2.866 0 -2.104 0 0 -0.076 0 -1.718 -0.613 -0.007 0 0 0 -6.071 0 0 0 -1.467 35.877 -1.392
-1.726 0 -1.134 0 0 -0.041 0 -0.872 -0.337 -0.003 0 0 0 -3.285 0 0 0 -0.835 -1.392 33.158

 Mean vectors and covariance matrices after rotation --- 2th cluster >>

 mean vector (mu'=Q*mu)>>
3.178 3.035 3.316 4.641 1.052 0.805 0.196 3.659 3.662 3.852 0.987 4.195 2.208 3.06 2.302 3.833 1.799 1.538 2.284 3.369

 covariance matrix (Sigma'=Q*Sigma*t(Q))>>

34.05 0 -2.576 0 0 -0.093 0 -2.088 -0.752 -0.008 0 0 0 -7.434 0 0 0 -1.807 -2.866 -1.726
0 8.052 0 -0.122 0.171 0 -0.057 0 0 0 0.028 0.318 -0.054 0 -0.09 -0.011 -0.001 0 0 0
-2.576 0 11.943 0 0 0.029 0 1.562 0.056 0.006 0 0 0 1.653 0 0 0 -0.386 -2.104 -1.134
0 -0.122 0 9.506 0.244 0 -0.247 0 0 0 -0.018 0.243 -0.233 0 -0.602 -0.093 -0.038 0 0 0
0 0.171 0 0.244 1.466 0 0.023 0 0 0 0.046 0.254 0.112 0 0.674 0.273 0.132 0 0 0
-0.093 0 0.029 0 0 10.603 0 0.063 0.003 0 0 0 0 0.074 0 0 0 -0.012 -0.076 -0.041
0 -0.057 0 -0.247 0.023 0 7.839 0 0 0 0.093 0.435 0.058 0 -0.206 -0.287 -0.141 0 0 0
-2.088 0 1.562 0 0 0.063 0 8.98 0.292 0.01 0 0 0 4.22 0 0 0 0.065 -1.718 -0.872
-0.752 0 0.056 0 0 0.003 0 0.292 13.745 0.001 0 0 0 0.106 0 0 0 -0.162 -0.613 -0.337
-0.008 0 0.006 0 0 0 0 0.01 0.001 6.279 0 0 0 0.017 0 0 0 0 -0.007 -0.003
0 0.028 0 -0.018 0.046 0 0.093 0 0 0 3.199 0.109 0.053 0 0.216 0.072 0.038 0 0 0
0 0.318 0 0.243 0.254 0 0.435 0 0 0 0.109 2.028 0.367 0 1.694 0.61 0.304 0 0 0
0 -0.054 0 -0.233 0.112 0 0.058 0 0 0 0.053 0.367 7.3 0 -0.137 -0.132 -0.06 0 0 0
-7.434 0 1.653 0 0 0.074 0 4.22 0.106 0.017 0 0 0 15.803 0 0 0 -1.2 -6.071 -3.285
0 -0.09 0 -0.602 0.674 0 -0.206 0 0 0 0.216 1.694 -0.137 0 7.733 -0.304 -0.135 0 0 0
0 -0.011 0 -0.093 0.273 0 -0.287 0 0 0 0.072 0.61 -0.132 0 -0.304 9.79 -0.05 0 0 0
0 -0.001 0 -0.038 0.132 0 -0.141 0 0 0 0.038 0.304 -0.06 0 -0.135 -0.05 9.919 0 0 0
-1.807 0 -0.386 0 0 -0.012 0 0.065 -0.162 0 0 0 0 -1.2 0 0 0 18.536 -1.467 -0.835
-2.866 0 -2.104 0 0 -0.076 0 -1.718 -0.613 -0.007 0 0 0 -6.071 0 0 0 -1.467 35.877 -1.392
-1.726 0 -1.134 0 0 -0.041 0 -0.872 -0.337 -0.003 0 0 0 -3.285 0 0 0 -0.835 -1.392 33.158

 Mean vectors and covariance matrices after rotation --- 3th cluster >>

 mean vector (mu'=Q*mu)>>
3.178 1.804 3.316 2.759 0.625 0.805 0.116 3.659 3.662 3.852 0.587 2.494 1.313 3.06 6.639 -13.073 1.069 1.538 2.284 3.369

 covariance matrix (Sigma'=Q*Sigma*t(Q))>>

34.05 0 -2.576 0 0 -0.093 0 -2.088 -0.752 -0.008 0 0 0 -7.434 0 0 0 -1.807 -2.866 -1.726
0 5.401 0 -0.016 0.13 0 0.108 0 0 0 0.123 -0.105 -0.029 0 0.377 -0.113 -0.063 0 0 0
-2.576 0 11.943 0 0 0.029 0 1.562 0.056 0.006 0 0 0 1.653 0 0 0 -0.386 -2.104 -1.134
0 -0.016 0 6.733 0.657 0 0.399 0 0 0 0.206 0.067 -0.271 0 0.064 0.169 0.165 0 0 0
0 0.13 0 0.657 8.551 0 -0.854 0 0 0 0.293 0.442 -0.045 0 1.687 -0.009 -0.186 0 0 0
-0.093 0 0.029 0 0 10.603 0 0.063 0.003 0 0 0 0 0.074 0 0 0 -0.012 -0.076 -0.041
0 0.108 0 0.399 -0.854 0 8.01 0 0 0 0.171 0.246 0.06 0 1.267 -0.091 -0.196 0 0 0
-2.088 0 1.562 0 0 0.063 0 8.98 0.292 0.01 0 0 0 4.22 0 0 0 0.065 -1.718 -0.872
-0.752 0 0.056 0 0 0.003 0 0.292 13.745 0.001 0 0 0 0.106 0 0 0 -0.162 -0.613 -0.337
-0.008 0 0.006 0 0 0 0 0.01 0.001 6.279 0 0 0 0.017 0 0 0 0 -0.007 -0.003
0 0.123 0 0.206 0.293 0 0.171 0 0 0 2.221 0.189 0.029 0 0.379 0.232 0.147 0 0 0
0 -0.105 0 0.067 0.442 0 0.246 0 0 0 0.189 7.682 -0.345 0 -0.148 0.053 0.086 0 0 0
0 -0.029 0 -0.271 -0.045 0 0.06 0 0 0 0.029 -0.345 4.429 0 0.179 -0.35 -0.206 0 0 0
-7.434 0 1.653 0 0 0.074 0 4.22 0.106 0.017 0 0 0 15.803 0 0 0 -1.2 -6.071 -3.285
0 0.377 0 0.064 1.687 0 1.267 0 0 0 0.379 -0.148 0.179 0 5.391 0.194 0.239 0 0 0
0 -0.113 0 0.169 -0.009 0 -0.091 0 0 0 0.232 0.053 -0.35 0 0.194 8.384 -0.035 0 0 0
0 -0.063 0 0.165 -0.186 0 -0.196 0 0 0 0.147 0.086 -0.206 0 0.239 -0.035 9.573 0 0 0
-1.807 0 -0.386 0 0 -0.012 0 0.065 -0.162 0 0 0 0 -1.2 0 0 0 18.536 -1.467 -0.835
-2.866 0 -2.104 0 0 -0.076 0 -1.718 -0.613 -0.007 0 0 0 -6.071 0 0 0 -1.467 35.877 -1.392
-1.726 0 -1.134 0 0 -0.041 0 -0.872 -0.337 -0.003 0 0 0 -3.285 0 0 0 -0.835 -1.392 33.158

 Mean vectors and covariance matrices after rotation --- 4th cluster >>

 mean vector (mu'=Q*mu)>>
3.178 1.039 3.316 1.59 0.36 0.805 0.067 3.659 3.662 3.852 -14.136 1.437 0.756 3.06 3.825 -3.804 0.616 1.538 2.284 3.369

 covariance matrix (Sigma'=Q*Sigma*t(Q))>>

34.05 0 -2.576 0 0 -0.093 0 -2.088 -0.752 -0.008 0 0 0 -7.434 0 0 0 -1.807 -2.866 -1.726
0 5.529 0 -0.037 0.661 0 -0.808 0 0 0 0.284 -0.084 0.009 0 0.891 -0.035 0.063 0 0 0
-2.576 0 11.943 0 0 0.029 0 1.562 0.056 0.006 0 0 0 1.653 0 0 0 -0.386 -2.104 -1.134
0 -0.037 0 3.074 1.507 0 0.544 0 0 0 0.622 -1.088 -0.368 0 0.356 0.555 0.148 0 0 0
0 0.661 0 1.507 10.441 0 0.294 0 0 0 -0.242 0.687 0.256 0 -0.091 1.179 0.324 0 0 0
-0.093 0 0.029 0 0 10.603 0 0.063 0.003 0 0 0 0 0.074 0 0 0 -0.012 -0.076 -0.041
0 -0.808 0 0.544 0.294 0 5.407 0 0 0 0.028 -1.622 -0.728 0 -2.878 0.43 -0.13 0 0 0
-2.088 0 1.562 0 0 0.063 0 8.98 0.292 0.01 0 0 0 4.22 0 0 0 0.065 -1.718 -0.872
-0.752 0 0.056 0 0 0.003 0 0.292 13.745 0.001 0 0 0 0.106 0 0 0 -0.162 -0.613 -0.337
-0.008 0 0.006 0 0 0 0 0.01 0.001 6.279 0 0 0 0.017 0 0 0 0 -0.007 -0.003
0 0.284 0 0.622 -0.242 0 0.028 0 0 0 10.558 0.212 0.069 0 -0.188 0.481 0.124 0 0 0
0 -0.084 0 -1.088 0.687 0 -1.622 0 0 0 0.212 9.148 -0.268 0 -0.294 -0.899 -0.237 0 0 0
0 0.009 0 -0.368 0.256 0 -0.728 0 0 0 0.069 -0.268 9.964 0 -0.272 -0.312 -0.09 0 0 0
-7.434 0 1.653 0 0 0.074 0 4.22 0.106 0.017 0 0 0 15.803 0 0 0 -1.2 -6.071 -3.285
0 0.891 0 0.356 -0.091 0 -2.878 0 0 0 -0.188 -0.294 -0.272 0 8.985 0.153 -0.023 0 0 0
0 -0.035 0 0.555 1.179 0 0.43 0 0 0 0.481 -0.899 -0.312 0 0.153 3.331 0.111 0 0 0
0 0.063 0 0.148 0.324 0 -0.13 0 0 0 0.124 -0.237 -0.09 0 -0.023 0.111 6.247 0 0 0
-1.807 0 -0.386 0 0 -0.012 0 0.065 -0.162 0 0 0 0 -1.2 0 0 0 18.536 -1.467 -0.835
-2.866 0 -2.104 0 0 -0.076 0 -1.718 -0.613 -0.007 0 0 0 -6.071 0 0 0 -1.467 35.877 -1.392
-1.726 0 -1.134 0 0 -0.041 0 -0.872 -0.337 -0.003 0 0 0 -3.285 0 0 0 -0.835 -1.392 33.158

 Mean vectors and covariance matrices after rotation --- 5th cluster >>

 mean vector (mu'=Q*mu)>>
3.178 2.705 3.316 -9.877 0.938 0.805 0.175 3.659 3.662 3.852 -2.739 3.739 1.969 3.06 9.954 -1.7 1.603 1.538 2.284 3.369

 covariance matrix (Sigma'=Q*Sigma*t(Q))>>

34.05 0 -2.576 0 0 -0.093 0 -2.088 -0.752 -0.008 0 0 0 -7.434 0 0 0 -1.807 -2.866 -1.726
0 4.328 0 0.04 -0.002 0 0.155 0 0 0 0.3 -0.251 0.257 0 0.344 -0.479 0.133 0 0 0
-2.576 0 11.943 0 0 0.029 0 1.562 0.056 0.006 0 0 0 1.653 0 0 0 -0.386 -2.104 -1.134
0 0.04 0 7.615 -0.386 0 -0.183 0 0 0 0.086 -0.311 0.141 0 0.058 -0.409 -0.093 0 0 0
0 -0.002 0 -0.386 3.196 0 0.349 0 0 0 0.186 -0.81 -0.088 0 -0.392 -0.696 0.144 0 0 0
-0.093 0 0.029 0 0 10.603 0 0.063 0.003 0 0 0 0 0.074 0 0 0 -0.012 -0.076 -0.041
0 0.155 0 -0.183 0.349 0 5.803 0 0 0 -0.057 -0.644 -0.237 0 0.036 -0.179 0.11 0 0 0
-2.088 0 1.562 0 0 0.063 0 8.98 0.292 0.01 0 0 0 4.22 0 0 0 0.065 -1.718 -0.872
-0.752 0 0.056 0 0 0.003 0 0.292 13.745 0.001 0 0 0 0.106 0 0 0 -0.162 -0.613 -0.337
-0.008 0 0.006 0 0 0 0 0.01 0.001 6.279 0 0 0 0.017 0 0 0 0 -0.007 -0.003
0 0.3 0 0.086 0.186 0 -0.057 0 0 0 7.616 -0.397 -0.182 0 0.567 0.142 0.082 0 0 0
0 -0.251 0 -0.311 -0.81 0 -0.644 0 0 0 -0.397 12.578 -0.278 0 -0.992 -0.186 -0.497 0 0 0
0 0.257 0 0.141 -0.088 0 -0.237 0 0 0 -0.182 -0.278 8.95 0 0.532 0.17 -0.028 0 0 0
-7.434 0 1.653 0 0 0.074 0 4.22 0.106 0.017 0 0 0 15.803 0 0 0 -1.2 -6.071 -3.285
0 0.344 0 0.058 -0.392 0 0.036 0 0 0 0.567 -0.992 0.532 0 6.865 -1.3 0.143 0 0 0
0 -0.479 0 -0.409 -0.696 0 -0.179 0 0 0 0.142 -0.186 0.17 0 -1.3 8.819 -0.323 0 0 0
0 0.133 0 -0.093 0.144 0 0.11 0 0 0 0.082 -0.497 -0.028 0 0.143 -0.323 5.647 0 0 0
-1.807 0 -0.386 0 0 -0.012 0 0.065 -0.162 0 0 0 0 -1.2 0 0 0 18.536 -1.467 -0.835
-2.866 0 -2.104 0 0 -0.076 0 -1.718 -0.613 -0.007 0 0 0 -6.071 0 0 0 -1.467 35.877 -1.392
-1.726 0 -1.134 0 0 -0.041 0 -0.872 -0.337 -0.003 0 0 0 -3.285 0 0 0 -0.835 -1.392 33.158

 Final eigenvalues for each cluster >> 
 (rows correspond to clusters)
38.186 37.605 33.991 22.477 19.117 14.15 13.761 12.937 11.689 11.288 10.602 10.393 9.675 9.602 9.278 7.801 6.456 6.279 4.37 3.73
38.186 37.605 33.991 19.117 13.761 11.689 11.288 10.602 9.943 9.895 9.742 8.192 8.073 7.758 7.297 6.456 6.279 3.183 1.388 1.359
38.186 37.605 33.991 19.117 13.761 11.689 11.288 10.602 9.622 9.579 8.671 8.434 7.679 6.601 6.456 6.279 5.384 4.349 3.907 2.148
38.186 37.605 33.991 19.117 13.761 11.689 11.288 11.103 11.093 10.654 10.602 10.091 9.757 6.456 6.279 6.217 5.281 3.214 2.885 2.388
38.186 37.605 33.991 19.117 13.761 13.01 11.689 11.288 10.602 9.62 9.077 7.759 7.623 6.456 6.279 6.062 5.657 5.553 4.211 2.845

 theoretical Separation index matrix >>

-1 0.21 0.261 0.21 0.21
0.21 -1 0.21 0.265 0.222
0.261 0.21 -1 0.305 0.252
0.21 0.265 0.305 -1 0.286
0.21 0.222 0.252 0.286 -1

 theoretical projection directions >>

**** cluster 1 and 2
0 0.323 0 0.405 0.062 0 0.043 0 0 0 0.141 0.627 0.244 0 0.211 0.418 0.186 0 0 0

**** cluster 1 and 3
0 0.228 0 0.326 0.014 0 -0.044 0 0 0 0.114 0.344 0.182 0 0.491 -0.635 0.174 0 0 0

**** cluster 1 and 4
0 0.261 0 0.431 -0.003 0 0.241 0 0 0 -0.613 0.365 0.167 0 0.325 -0.04 0.209 0 0 0

**** cluster 1 and 5
0 0.404 0 -0.201 0.116 0 0.065 0 0 0 -0.115 0.393 0.189 0 0.687 0.176 0.27 0 0 0

**** cluster 2 and 3
0 -0.104 0 -0.093 -0.082 0 -0.048 0 0 0 -0.034 -0.142 -0.12 0 0.354 -0.899 -0.042 0 0 0

**** cluster 2 and 4
0 -0.092 0 -0.137 0.025 0 -0.001 0 0 0 -0.886 -0.203 -0.068 0 0.088 -0.364 -0.041 0 0 0

**** cluster 2 and 5
0 -0.039 0 -0.779 -0.083 0 -0.027 0 0 0 -0.333 -0.054 -0.031 0 0.451 -0.255 -0.022 0 0 0

**** cluster 3 and 4
0 0.006 0 -0.034 -0.011 0 -0.003 0 0 0 -0.851 -0.003 0.003 0 -0.122 0.509 -0.002 0 0 0

**** cluster 3 and 5
0 0.101 0 -0.7 0.051 0 0.003 0 0 0 -0.313 0.063 0.025 0 0.289 0.556 0.044 0 0 0

**** cluster 4 and 5
0 0.053 0 -0.817 0.098 0 0.143 0 0 0 0.424 0.058 0.038 0 0.303 0.142 0.052 0 0 0

 empirical Separation index matrix (alpha= 0.05 )>>

-1 0.339 0.319 0.168 0.371
0.339 -1 0.328 0.27 0.267
0.319 0.328 -1 0.384 0.322
0.168 0.27 0.384 -1 0.352
0.371 0.267 0.322 0.352 -1

 empirical projection directions >>

**** cluster 1 and 2
0.022 -0.303 0.055 -0.184 -0.034 0.01 -0.109 0.118 0.009 -0.115 -0.36 -0.309 -0.118 -0.059 -0.46 0.577 -0.204 0.008 0.008 0.046

**** cluster 1 and 3
0.047 -0.044 0.008 -0.697 0.018 0.014 0.067 0.093 0.053 0.005 -0.29 0.07 -0.091 0.008 0.328 0.522 0.116 -0.011 0.047 -0.004

**** cluster 1 and 4
0.019 0.049 0.092 0.18 -0.075 0.049 -0.008 0.117 -0.071 -0.144 -0.026 -0.014 0.216 -0.101 -0.169 0.904 0.023 0.046 0.041 -0.026

**** cluster 1 and 5
0.008 -0.033 -0.066 -0.128 0.071 0.052 -0.135 0.089 0.083 0.037 -0.817 -0.078 0.09 0.029 -0.168 0.471 -0.027 -0.018 0.036 -0.02

**** cluster 2 and 3
0.014 0.154 0.015 -0.182 0.017 0.004 0.259 -0.048 -0.029 0.061 0 0.423 -0.028 -0.039 0.731 0.185 0.339 -0.037 -0.03 0.044

**** cluster 2 and 4
-0.021 0.429 -0.087 0.39 0.053 0.017 0.273 0.125 0.002 0.044 0.286 0.366 0.153 0.013 0.242 0.474 0.159 -0.058 -0.054 -0.082

**** cluster 2 and 5
0.054 0.208 -0.076 0.329 -0.065 0.132 0.175 0.138 -0.026 -0.037 -0.618 0.4 0.079 0.017 0.275 -0.054 0.347 -0.041 -0.103 -0.087

**** cluster 3 and 4
-0.02 0.013 0.07 0.742 0.036 0.03 -0.107 -0.041 -0.2 0.131 0.391 0.045 0.061 0.026 -0.242 0.279 -0.096 0.171 0.111 0.161

**** cluster 3 and 5
-0.004 -0.043 0.047 0.785 0 0.114 -0.311 0.074 -0.018 -0.091 -0.337 -0.11 -0.009 0.069 -0.272 0.079 -0.2 0.071 0.021 -0.002

**** cluster 4 and 5
0.018 0.001 -0.038 -0.289 0.175 0.054 -0.175 -0.038 0.064 0.133 -0.849 -0.088 0.048 0.001 0.066 -0.26 0.046 -0.097 -0.103 -0.047
