
 Log information for the data set datasetJMG3v5nv3out0_3.dat >>

 alpha = 0.05 sepVal = 0.21

 Number of clusters >> 3

 cluster sizes >>
50 50 50

 Number of data points >> 150

 Number of dimensions >> 8

 Number of noisy dimensions >> 3

 noisy variables >>
4 7 8

 Number of outliers >> 0

 initial eigenvalues for each cluster >> 
 (rows correspond to clusters)
4.759 6.956 2.716 1.668 4.93
4.816 9.746 6.768 2.008 8.33
8.491 5.029 7.695 1.174 5.967

 Mean vectors and covariance matrices before rotation --- 1th cluster >>

 mean vector (mu'=Q*mu)>>
-7.537 0 0 0 0 1.372 1.825 4.321

 covariance matrix (Sigma'=Q*Sigma*t(Q))>>

6.881 -1.122 1.115 1.36 -0.337 0 0 0
-1.122 10.46 -0.042 0.059 -0.416 0 0 0
1.115 -0.042 4.819 0.57 0.35 0 0 0
1.36 0.059 0.57 3.139 0.443 0 0 0
-0.337 -0.416 0.35 0.443 7.528 0 0 0
0 0 0 0 0 13.423 -0.349 -4.426
0 0 0 0 0 -0.349 12.233 -1.433
0 0 0 0 0 -4.426 -1.433 13.352

 Mean vectors and covariance matrices before rotation --- 2th cluster >>

 mean vector (mu'=Q*mu)>>
7.537 0 0 0 0 1.372 1.825 4.321

 covariance matrix (Sigma'=Q*Sigma*t(Q))>>

4.679 -0.445 -0.615 1.032 -0.401 0 0 0
-0.445 9.704 -0.101 -0.04 -0.045 0 0 0
-0.615 -0.101 6.571 0.048 -0.101 0 0 0
1.032 -0.04 0.048 2.432 -0.018 0 0 0
-0.401 -0.045 -0.101 -0.018 8.282 0 0 0
0 0 0 0 0 13.423 -0.349 -4.426
0 0 0 0 0 -0.349 12.233 -1.433
0 0 0 0 0 -4.426 -1.433 13.352

 Mean vectors and covariance matrices before rotation --- 3th cluster >>

 mean vector (mu'=Q*mu)>>
0 13.054 0 0 0 1.372 1.825 4.321

 covariance matrix (Sigma'=Q*Sigma*t(Q))>>

6.379 0.477 -0.377 2.587 0.33 0 0 0
0.477 5.222 0.276 0.621 0.203 0 0 0
-0.377 0.276 7.748 1.225 0.235 0 0 0
2.587 0.621 1.225 2.836 0.707 0 0 0
0.33 0.203 0.235 0.707 6.172 0 0 0
0 0 0 0 0 13.423 -0.349 -4.426
0 0 0 0 0 -0.349 12.233 -1.433
0 0 0 0 0 -4.426 -1.433 13.352

 Final eigenvalues for each cluster >> 
 (rows correspond to clusters)
17.919 12.565 10.858 8.524 7.696 7.429 4.24 2.603
17.919 12.565 9.746 8.524 8.33 6.768 4.816 2.008
17.919 12.565 8.524 8.491 7.695 5.967 5.029 1.174

 *************************************************

 ********************* rotation ******************

 *************************************************


 The orthogonal matrix Q >>
0.422 0.034 0.52 0.733 0.115
0.034 -0.999 0.012 0.017 0.003
0.52 0.012 -0.81 0.268 0.042
0.733 0.017 0.268 -0.622 0.059
0.115 0.003 0.042 0.059 -0.991

 Mean vectors and covariance matrices after rotation --- 1th cluster >>

 mean vector (mu'=Q*mu)>>
-3.182 -0.864 -0.256 1.825 -3.92 -5.523 4.321 1.372

 covariance matrix (Sigma'=Q*Sigma*t(Q))>>

6.142 -0.363 0.397 0 0.423 2.211 0 0
-0.363 7.528 -0.293 0 0.307 0.529 0 0
0.397 -0.293 10.533 0 0.503 0.871 0 0
0 0 0 12.233 0 0 -1.433 -0.349
0.423 0.307 0.503 0 4.412 0.664 0 0
2.211 0.529 0.871 0 0.664 4.211 0 0
0 0 0 -1.433 0 0 13.352 -4.426
0 0 0 -0.349 0 0 -4.426 13.423

 Mean vectors and covariance matrices after rotation --- 2th cluster >>

 mean vector (mu'=Q*mu)>>
3.182 0.864 0.256 1.825 3.92 5.523 4.321 1.372

 covariance matrix (Sigma'=Q*Sigma*t(Q))>>

4.37 -0.171 0.105 0 -0.72 1.223 0 0
-0.171 8.321 0.005 0 -0.016 0.129 0 0
0.105 0.005 9.73 0 0.101 0.252 0 0
0 0 0 12.233 0 0 -1.433 -0.349
-0.72 -0.016 0.101 0 6.535 0.122 0 0
1.223 0.129 0.252 0 0.122 2.711 0 0
0 0 0 -1.433 0 0 13.352 -4.426
0 0 0 -0.349 0 0 -4.426 13.423

 Mean vectors and covariance matrices after rotation --- 3th cluster >>

 mean vector (mu'=Q*mu)>>
0.443 0.036 -13.043 1.825 0.162 0.228 4.321 1.372

 covariance matrix (Sigma'=Q*Sigma*t(Q))>>

7.447 -0.535 -0.716 0 -0.456 2.218 0 0
-0.535 6.025 0.084 0 -0.12 0.187 0 0
-0.716 0.084 5.164 0 -0.172 -0.016 0 0
0 0 0 12.233 0 0 -1.433 -0.349
-0.456 -0.12 -0.172 0 7.548 0.849 0 0
2.218 0.187 -0.016 0 0.849 2.172 0 0
0 0 0 -1.433 0 0 13.352 -4.426
0 0 0 -0.349 0 0 -4.426 13.423

 Final eigenvalues for each cluster >> 
 (rows correspond to clusters)
17.919 12.565 10.858 8.524 7.696 7.429 4.24 2.603
17.919 12.565 9.746 8.524 8.33 6.768 4.816 2.008
17.919 12.565 8.524 8.491 7.695 5.967 5.029 1.174

 theoretical Separation index matrix >>

-1 0.259 0.21
0.259 -1 0.21
0.21 0.21 -1

 theoretical projection directions >>

**** cluster 1 and 2
0.101 0.027 -0.046 0 0.379 0.918 0 0

**** cluster 1 and 3
-0.079 -0.005 -0.636 0 0.149 0.753 0 0

**** cluster 2 and 3
-0.001 -0.023 -0.663 0 -0.142 -0.735 0 0

 empirical Separation index matrix (alpha= 0.05 )>>

-1 0.322 0.273
0.322 -1 0.258
0.273 0.258 -1

 empirical projection directions >>

**** cluster 1 and 2
-0.295 0.089 0.159 -0.061 -0.49 -0.793 0.066 -0.047

**** cluster 1 and 3
-0.006 0.227 -0.647 0.004 -0.241 -0.684 -0.06 -0.01

**** cluster 2 and 3
0.039 0.093 -0.664 0.11 0.141 0.717 -0.005 -0.053
