
 Log information for the data set datasetJMG5v10nv0out0_2.dat >>

 alpha = 0.05 sepVal = 0.21

 Number of clusters >> 5

 cluster sizes >>
50 50 50 50 50

 Number of data points >> 250

 Number of dimensions >> 10

 Number of noisy dimensions >> 0

 noisy variables >>
0

 Number of outliers >> 0

 initial eigenvalues for each cluster >> 
 (rows correspond to clusters)
1.253 9.961 1.882 6.504 9.676 1.292 6.974 8.435 4.806 1.95
1.097 6.624 8.1 3.934 1.084 9.434 4.554 9.822 5.606 5.156
7.23 8.39 3.108 1.254 8.077 5.02 4.425 1.035 4.377 9.078
5.366 6.321 8.135 9.986 7.709 5.579 5.813 2.161 4.67 6.232
8.742 5.891 4.38 6.182 2.249 1.881 3.306 6.234 6.351 3.683

 Mean vectors and covariance matrices before rotation --- 1th cluster >>

 mean vector (mu'=Q*mu)>>
-8.177 0 0 0 0 0 0 0 0 0

 covariance matrix (Sigma'=Q*Sigma*t(Q))>>

7.83 -0.952 1.043 -3.792 -1.719 1.118 -0.473 -0.109 -1.601 0.805
-0.952 20.982 -0.323 -0.635 -0.189 -0.211 -0.072 -0.014 -0.453 -0.267
1.043 -0.323 4.133 -1.391 -0.584 0.222 -0.17 -0.038 -0.675 0.106
-3.792 -0.635 -1.391 10.147 -1.168 -0.846 -0.419 -0.082 -2.417 -1.159
-1.719 -0.189 -0.584 -1.168 20.131 -0.382 -0.133 -0.025 -0.83 -0.483
1.118 -0.211 0.222 -0.846 -0.382 2.976 -0.105 -0.024 -0.361 0.171
-0.473 -0.072 -0.17 -0.419 -0.133 -0.105 14.713 -0.009 -0.283 -0.142
-0.109 -0.014 -0.038 -0.082 -0.025 -0.024 -0.009 17.851 -0.057 -0.031
-1.601 -0.453 -0.675 -2.417 -0.83 -0.361 -0.283 -0.057 8.653 -0.568
0.805 -0.267 0.106 -1.159 -0.483 0.171 -0.142 -0.031 -0.568 4.201

 Mean vectors and covariance matrices before rotation --- 2th cluster >>

 mean vector (mu'=Q*mu)>>
8.177 0 0 0 0 0 0 0 0 0

 covariance matrix (Sigma'=Q*Sigma*t(Q))>>

6.855 0.007 -0.104 0.362 2.158 -1.395 0.447 -1.438 0.597 0.268
0.007 6.611 -0.025 -0.017 0.003 -0.205 -0.032 -0.193 -0.109 -0.032
-0.104 -0.025 8.051 -0.041 -0.038 -0.384 -0.074 -0.359 -0.231 -0.069
0.362 -0.017 -0.041 3.934 0.136 -0.363 -0.016 -0.349 -0.11 -0.026
2.158 0.003 -0.038 0.136 1.893 -0.519 0.168 -0.536 0.226 0.101
-1.395 -0.205 -0.384 -0.363 -0.519 6.49 -0.638 -2.744 -1.91 -0.578
0.447 -0.032 -0.074 -0.016 0.168 -0.638 4.503 -0.611 -0.238 -0.062
-1.438 -0.193 -0.359 -0.349 -0.536 -2.744 -0.611 7.268 -1.812 -0.551
0.597 -0.109 -0.231 -0.11 0.226 -1.91 -0.238 -1.812 4.719 -0.248
0.268 -0.032 -0.069 -0.026 0.101 -0.578 -0.062 -0.551 -0.248 5.088

 Mean vectors and covariance matrices before rotation --- 3th cluster >>

 mean vector (mu'=Q*mu)>>
0 14.162 0 0 0 0 0 0 0 0

 covariance matrix (Sigma'=Q*Sigma*t(Q))>>

3.227 -1.349 0.108 0.714 -0.104 -0.094 -0.353 1.645 -0.261 -1.382
-1.349 7.962 -0.044 0.091 -0.033 -0.043 -0.211 0.228 -0.162 -0.428
0.108 -0.044 3.351 0.44 -0.002 0.038 0.293 0.957 0.233 -0.077
0.714 0.091 0.44 1.981 0.01 0.083 0.591 1.574 0.467 0.033
-0.104 -0.033 -0.002 0.01 8.075 -0.003 -0.015 0.023 -0.011 -0.034
-0.094 -0.043 0.038 0.083 -0.003 5.023 0.032 0.182 0.026 -0.049
-0.353 -0.211 0.293 0.591 -0.015 0.032 4.72 1.297 0.237 -0.254
1.645 0.228 0.957 1.574 0.023 0.182 1.297 4.435 1.026 0.101
-0.261 -0.162 0.233 0.467 -0.011 0.026 0.237 1.026 4.567 -0.195
-1.382 -0.428 -0.077 0.033 -0.034 -0.049 -0.254 0.101 -0.195 8.654

 Mean vectors and covariance matrices before rotation --- 4th cluster >>

 mean vector (mu'=Q*mu)>>
0 4.721 13.353 0 0 0 0 0 0 0

 covariance matrix (Sigma'=Q*Sigma*t(Q))>>

5.414 -0.281 -0.182 -0.711 -1.025 -0.044 -0.19 1.541 0.08 -0.006
-0.281 6.198 -0.053 -0.185 -0.312 -0.061 -0.136 0.234 -0.005 -0.003
-0.182 -0.053 8.118 -0.054 -0.106 -0.035 -0.069 0.011 -0.011 -0.001
-0.711 -0.185 -0.054 9.83 -0.337 -0.131 -0.254 -0.072 -0.047 -0.004
-1.025 -0.312 -0.106 -0.337 7.06 -0.197 -0.398 0.134 -0.055 -0.007
-0.044 -0.061 -0.035 -0.131 -0.197 5.562 -0.051 0.253 0.01 -0.001
-0.19 -0.136 -0.069 -0.254 -0.398 -0.051 5.685 0.432 0.01 -0.003
1.541 0.234 0.011 -0.072 0.134 0.253 0.432 3.194 0.145 0.006
0.08 -0.005 -0.011 -0.047 -0.055 0.01 0.01 0.145 4.682 0
-0.006 -0.003 -0.001 -0.004 -0.007 -0.001 -0.003 0.006 0 6.232

 Mean vectors and covariance matrices before rotation --- 5th cluster >>

 mean vector (mu'=Q*mu)>>
0 4.721 3.338 12.929 0 0 0 0 0 0

 covariance matrix (Sigma'=Q*Sigma*t(Q))>>

5.132 -0.272 0.153 -0.329 0.505 1.478 1.037 -0.424 -0.34 0.373
-0.272 6.821 0.215 0.225 0.324 0.899 0.842 0.268 0.18 0.346
0.153 0.215 4.962 0.164 0.166 0.456 0.451 0.197 0.137 0.189
-0.329 0.225 0.164 6.989 0.255 0.71 0.655 0.187 0.124 0.268
0.505 0.324 0.166 0.255 2.691 0.559 0.58 0.309 0.217 0.248
1.478 0.899 0.456 0.71 0.559 3.59 1.58 0.86 0.605 0.675
1.037 0.842 0.451 0.655 0.58 1.58 5.262 0.791 0.553 0.682
-0.424 0.268 0.197 0.187 0.309 0.86 0.791 7.109 0.147 0.323
-0.34 0.18 0.137 0.124 0.217 0.605 0.553 0.147 7.113 0.225
0.373 0.346 0.189 0.268 0.248 0.675 0.682 0.323 0.225 4.357

 Final eigenvalues for each cluster >> 
 (rows correspond to clusters)
21.085 20.48 17.853 14.761 13.767 10.172 4.126 3.985 2.735 2.652
9.822 9.434 8.1 6.624 5.606 5.156 4.554 3.934 1.097 1.084
9.078 8.39 8.077 7.23 5.02 4.425 4.377 3.108 1.254 1.035
9.986 8.135 7.709 6.321 6.232 5.813 5.579 5.366 4.67 2.161
9.658 7.017 6.888 6.83 6.508 4.839 4.069 3.653 2.485 2.078

 *************************************************

 ********************* rotation ******************

 *************************************************


 The orthogonal matrix Q >>
0.457 0.437 0.318 0.319 0.28 0.052 0.458 0.192 0.201 0.173
0.437 -0.869 0.095 0.096 0.084 0.016 0.137 0.057 0.06 0.052
0.318 0.095 -0.931 0.07 0.061 0.011 0.1 0.042 0.044 0.038
0.319 0.096 0.07 -0.93 0.061 0.011 0.1 0.042 0.044 0.038
0.28 0.084 0.061 0.061 -0.946 0.01 0.088 0.037 0.039 0.033
0.052 0.016 0.011 0.011 0.01 -0.998 0.016 0.007 0.007 0.006
0.458 0.137 0.1 0.1 0.088 0.016 -0.856 0.06 0.063 0.054
0.192 0.057 0.042 0.042 0.037 0.007 0.06 -0.975 0.027 0.023
0.201 0.06 0.044 0.044 0.039 0.007 0.063 0.027 -0.972 0.024
0.173 0.052 0.038 0.038 0.033 0.006 0.054 0.023 0.024 -0.979

 Mean vectors and covariance matrices after rotation --- 1th cluster >>

 mean vector (mu'=Q*mu)>>
-1.647 -0.425 -3.57 -2.293 -3.733 -2.598 -1.568 -1.416 -2.612 -3.741

 covariance matrix (Sigma'=Q*Sigma*t(Q))>>

9.652 -0.362 0.035 -0.174 2.082 0.146 0.155 -0.135 -0.739 0.488
-0.362 2.909 -0.647 -0.573 0.196 0.026 -0.216 0.06 -0.824 -0.494
0.035 -0.647 18.401 -1.104 -5.109 -1.191 -1.152 -0.771 0.342 -2.214
-0.174 -0.573 -1.104 20.021 -1.908 -0.601 -0.429 -0.512 0.004 -0.729
2.082 0.196 -5.109 -1.908 8.823 1.389 -1.949 0.889 2.725 -2.948
0.146 0.026 -1.191 -0.601 1.389 4.237 -0.422 0.14 0.058 -0.67
0.155 -0.216 -1.152 -0.429 -1.949 -0.422 17.35 -0.255 0.344 -0.954
-0.135 0.06 -0.771 -0.512 0.889 0.14 -0.255 4.207 -0.391 -0.447
-0.739 -0.824 0.342 0.004 2.725 0.058 0.344 -0.391 12.958 1.017
0.488 -0.494 -2.214 -0.729 -2.948 -0.67 -0.954 -0.447 1.017 13.06

 Mean vectors and covariance matrices after rotation --- 2th cluster >>

 mean vector (mu'=Q*mu)>>
1.647 0.425 3.57 2.293 3.733 2.598 1.568 1.416 2.612 3.741

 covariance matrix (Sigma'=Q*Sigma*t(Q))>>

4.791 -1.371 -0.002 0.029 0.763 -0.175 -1.313 -0.197 0.018 -0.068
-1.371 6.763 0.95 0.154 2.409 0.451 -2.12 -0.118 0.495 0.588
-0.002 0.95 6.739 -0.492 0.019 0.02 0.843 0.039 0.185 0.228
0.029 0.154 -0.492 1.205 0.244 -0.429 -0.123 -0.082 -0.156 -0.269
0.763 2.409 0.019 0.244 5.519 -0.252 1.838 0.339 0.733 0.881
-0.175 0.451 0.02 -0.429 -0.252 8.05 0.374 -0.036 0.071 0.065
-1.313 -2.12 0.843 -0.123 1.838 0.374 8.154 -0.131 0.457 0.531
-0.197 -0.118 0.039 -0.082 0.339 -0.036 -0.131 5.124 0.068 0.062
0.018 0.495 0.185 -0.156 0.733 0.071 0.457 0.068 4.16 0.287
-0.068 0.588 0.228 -0.269 0.881 0.065 0.531 0.062 0.287 4.907

 Mean vectors and covariance matrices after rotation --- 3th cluster >>

 mean vector (mu'=Q*mu)>>
0.855 0.22 -12.309 1.191 6.184 1.349 0.814 0.735 1.356 1.942

 covariance matrix (Sigma'=Q*Sigma*t(Q))>>

4.503 0.018 -0.198 -0.203 -0.337 0.108 0.403 -0.016 0.228 0.107
0.018 5.023 -0.035 -0.041 -0.055 0.019 0.03 0.004 0.034 0.017
-0.198 -0.035 8.103 -0.309 -0.784 -0.154 -1.027 0.048 -0.268 -0.263
-0.203 -0.041 -0.309 7.663 -0.961 -0.339 -0.943 0.127 -0.488 -0.431
-0.337 -0.055 -0.784 -0.961 5.433 -0.19 -2.498 0.243 -0.412 -0.425
0.108 0.019 -0.154 -0.339 -0.19 3.116 -0.049 0.184 0.023 0.032
0.403 0.03 -1.027 -0.943 -2.498 -0.049 3.306 -0.212 0.453 -0.105
-0.016 0.004 0.048 0.127 0.243 0.184 -0.212 9.009 0.198 0.166
0.228 0.034 -0.268 -0.488 -0.412 0.023 0.453 0.198 1.382 0.069
0.107 0.017 -0.263 -0.431 -0.425 0.032 -0.105 0.166 0.069 4.457

 Mean vectors and covariance matrices after rotation --- 4th cluster >>

 mean vector (mu'=Q*mu)>>
0.872 0.225 -2.831 1.214 6.303 -11.978 0.83 0.75 1.382 1.98

 covariance matrix (Sigma'=Q*Sigma*t(Q))>>

4.676 0.03 0.007 0.136 0.071 -0.094 -0.166 -0.027 -0.068 0.035
0.03 5.573 -0.011 -0.117 0.109 -0.022 0.193 0.01 -0.102 0.005
0.007 -0.011 6.278 0.137 -0.122 -0.196 -0.417 -0.039 -0.192 -0.027
0.136 -0.117 0.137 7.605 0.404 0.091 -0.11 0.127 -0.051 0.088
0.071 0.109 -0.122 0.404 5.578 -0.74 -0.68 -0.171 -0.815 0.058
-0.094 -0.022 -0.196 0.091 -0.74 7.867 -0.552 -0.108 -0.207 -0.201
-0.166 0.193 -0.417 -0.11 -0.68 -0.552 2.606 -0.283 -0.577 -0.239
-0.027 0.01 -0.039 0.127 -0.171 -0.108 -0.283 6.191 -0.057 -0.031
-0.068 -0.102 -0.192 -0.051 -0.815 -0.207 -0.577 -0.057 9.776 -0.243
0.035 0.005 -0.027 0.088 0.058 -0.201 -0.239 -0.031 -0.243 5.824

 Mean vectors and covariance matrices after rotation --- 5th cluster >>

 mean vector (mu'=Q*mu)>>
1.003 0.258 -2.547 1.396 7.251 -1.757 0.955 0.862 -11.338 2.278

 covariance matrix (Sigma'=Q*Sigma*t(Q))>>

7.054 0.036 0.035 0.12 -0.354 0.051 0.073 0.061 0.027 0.164
0.036 3.301 -0.337 -0.236 -2.522 -0.438 0.314 0.158 -0.192 0.225
0.035 -0.337 6.47 0.091 -0.419 0.004 0.091 -0.025 -0.013 -0.038
0.12 -0.236 0.091 2.536 0.383 0.025 0.192 0.006 0.097 0.007
-0.354 -2.522 -0.419 0.383 8.052 0.194 -0.562 -0.458 -0.374 -0.826
0.051 -0.438 0.004 0.025 0.194 4.841 0.089 -0.063 0.023 -0.142
0.073 0.314 0.091 0.192 -0.562 0.089 7.022 0.152 0.067 0.382
0.061 0.158 -0.025 0.006 -0.458 -0.063 0.152 4.118 0.004 0.09
0.027 -0.192 -0.013 0.097 -0.374 0.023 0.067 0.004 6.828 0.031
0.164 0.225 -0.038 0.007 -0.826 -0.142 0.382 0.09 0.031 3.803

 Final eigenvalues for each cluster >> 
 (rows correspond to clusters)
21.085 20.48 17.853 14.761 13.767 10.172 4.126 3.985 2.735 2.652
9.822 9.434 8.1 6.624 5.606 5.156 4.554 3.934 1.097 1.084
9.078 8.39 8.077 7.23 5.02 4.425 4.377 3.108 1.254 1.035
9.986 8.135 7.709 6.321 6.232 5.813 5.579 5.366 4.67 2.161
9.658 7.017 6.888 6.83 6.508 4.839 4.069 3.653 2.485 2.078

 theoretical Separation index matrix >>

-1 0.237 0.21 0.257 0.299
0.237 -1 0.222 0.21 0.277
0.21 0.222 -1 0.261 0.321
0.257 0.21 0.261 -1 0.21
0.299 0.277 0.321 0.21 -1

 theoretical projection directions >>

**** cluster 1 and 2
0.053 -0.063 0.411 0.282 0.583 0.356 0.118 0.229 0.061 0.457

**** cluster 1 and 3
0.045 0.086 -0.014 0.231 0.706 0.37 0.331 0.064 0.109 0.42

**** cluster 1 and 4
0.003 0.088 0.199 0.139 0.69 -0.536 0.184 0.146 0.041 0.336

**** cluster 1 and 5
-0.016 0.32 0.254 0.179 0.676 0.037 0.158 0.145 -0.34 0.425

**** cluster 2 and 3
-0.096 0.039 -0.912 -0.232 0.118 -0.11 -0.053 -0.034 -0.206 -0.175

**** cluster 2 and 4
-0.127 -0.006 -0.447 -0.177 0.175 -0.82 -0.097 -0.071 -0.089 -0.164

**** cluster 2 and 5
-0.034 0.041 -0.294 -0.293 0.207 -0.216 0.02 -0.034 -0.852 -0.089

**** cluster 3 and 4
0.015 0.002 0.436 -0.009 -0.013 -0.899 0.026 0.008 0.007 0.004

**** cluster 3 and 5
0.038 0.002 0.308 -0.015 0.055 -0.189 0.129 0.023 -0.92 0.046

**** cluster 4 and 5
0.009 0.034 0.023 0.009 0.04 0.728 0.013 0.021 -0.681 0.043

 empirical Separation index matrix (alpha= 0.05 )>>

-1 0.21 0.291 0.206 0.25
0.21 -1 0.31 0.283 0.27
0.291 0.31 -1 0.235 0.307
0.206 0.283 0.235 -1 0.29
0.25 0.27 0.307 0.29 -1

 empirical projection directions >>

**** cluster 1 and 2
-0.066 0.221 -0.422 -0.134 0.124 -0.841 0.13 -0.018 -0.092 -0.043

**** cluster 1 and 3
-0.096 -0.043 -0.233 -0.395 -0.563 -0.338 0.005 -0.239 -0.068 -0.535

**** cluster 1 and 4
-0.078 0.271 -0.792 -0.44 0.021 -0.13 0.23 0.043 -0.063 -0.152

**** cluster 1 and 5
-0.119 0.141 -0.364 -0.276 0.159 -0.133 0.18 0.006 -0.825 0.025

**** cluster 2 and 3
-0.09 -0.306 -0.131 -0.25 -0.544 0.464 -0.15 -0.247 -0.122 -0.457

**** cluster 2 and 4
-0.174 0.004 -0.235 -0.151 -0.211 0.86 -0.083 -0.16 -0.131 -0.242

**** cluster 2 and 5
-0.173 0.147 -0.157 -0.158 -0.054 0.672 0.08 -0.185 -0.635 0.033

**** cluster 3 and 4
0.045 0.313 0.046 0.198 0.658 0.192 0.214 0.07 0.217 0.54

**** cluster 3 and 5
0.001 0.402 0.203 0.283 0.641 0.101 0.093 0.133 -0.253 0.454

**** cluster 4 and 5
-0.023 -0.138 0.237 0.061 0.038 -0.1 0.136 0.026 -0.932 0.148
