
 Log information for the data set datasetJHG5v5nv10out0_1.dat >>

 alpha = 0.05 sepVal = 0.34

 Number of clusters >> 5

 cluster sizes >>
50 50 50 50 50

 Number of data points >> 250

 Number of dimensions >> 15

 Number of noisy dimensions >> 10

 noisy variables >>
1 2 4 5 8 9 10 11 13 15

 Number of outliers >> 0

 initial eigenvalues for each cluster >> 
 (rows correspond to clusters)
9.889 5.25 5.866 3.108 7.647
9.169 9.163 8.978 3.512 3.32
8.566 5.444 1.618 5.554 7.557
3.378 1.606 1.781 8.928 6.631
3.821 9.847 4.608 9.929 5.248

 Mean vectors and covariance matrices before rotation --- 1th cluster >>

 mean vector (mu'=Q*mu)>>
-10.846 0 0 0 0 5.669 1.333 2.694 2.68 5.818 0.34 3.279 2.821 4.256 0.567

 covariance matrix (Sigma'=Q*Sigma*t(Q))>>

6.175 0.121 0.759 1.657 -0.347 0 0 0 0 0 0 0 0 0 0
0.121 5.274 0.212 0.198 0.115 0 0 0 0 0 0 0 0 0 0
0.759 0.212 7.694 1.776 0.936 0 0 0 0 0 0 0 0 0 0
1.657 0.198 1.776 4.624 1.078 0 0 0 0 0 0 0 0 0 0
-0.347 0.115 0.936 1.078 7.992 0 0 0 0 0 0 0 0 0 0
0 0 0 0 0 38.878 0.397 1.624 -9.966 1.932 -6.605 3.597 -1.771 1.382 2.412
0 0 0 0 0 0.397 25.49 0.049 -0.29 0.058 -0.191 0.108 -0.051 0.042 0.072
0 0 0 0 0 1.624 0.049 24.294 -0.95 0.232 -0.604 0.419 -0.16 0.17 0.28
0 0 0 0 0 -9.966 -0.29 -0.95 44.528 -1.102 -7.224 -1.318 -2.059 -1.048 -0.797
0 0 0 0 0 1.932 0.058 0.232 -1.102 24.212 -0.698 0.496 -0.184 0.203 0.331
0 0 0 0 0 -6.605 -0.191 -0.604 -7.224 -0.698 41.646 -0.746 -1.674 -0.695 -0.435
0 0 0 0 0 3.597 0.108 0.419 -1.318 0.496 -0.746 21.814 -0.189 0.377 0.569
0 0 0 0 0 -1.771 -0.051 -0.16 -2.059 -0.184 -1.674 -0.189 45.96 -0.186 -0.109
0 0 0 0 0 1.382 0.042 0.17 -1.048 0.203 -0.695 0.377 -0.186 25.856 0.253
0 0 0 0 0 2.412 0.072 0.28 -0.797 0.331 -0.435 0.569 -0.109 0.253 20.62

 Mean vectors and covariance matrices before rotation --- 2th cluster >>

 mean vector (mu'=Q*mu)>>
10.846 0 0 0 0 5.669 1.333 2.694 2.68 5.818 0.34 3.279 2.821 4.256 0.567

 covariance matrix (Sigma'=Q*Sigma*t(Q))>>

8.368 -0.332 -0.22 1.497 1.275 0 0 0 0 0 0 0 0 0 0
-0.332 9.127 -0.082 0.566 0.482 0 0 0 0 0 0 0 0 0 0
-0.22 -0.082 9.022 0.567 0.482 0 0 0 0 0 0 0 0 0 0
1.497 0.566 0.567 4.168 0.519 0 0 0 0 0 0 0 0 0 0
1.275 0.482 0.482 0.519 3.786 0 0 0 0 0 0 0 0 0 0
0 0 0 0 0 38.878 0.397 1.624 -9.966 1.932 -6.605 3.597 -1.771 1.382 2.412
0 0 0 0 0 0.397 25.49 0.049 -0.29 0.058 -0.191 0.108 -0.051 0.042 0.072
0 0 0 0 0 1.624 0.049 24.294 -0.95 0.232 -0.604 0.419 -0.16 0.17 0.28
0 0 0 0 0 -9.966 -0.29 -0.95 44.528 -1.102 -7.224 -1.318 -2.059 -1.048 -0.797
0 0 0 0 0 1.932 0.058 0.232 -1.102 24.212 -0.698 0.496 -0.184 0.203 0.331
0 0 0 0 0 -6.605 -0.191 -0.604 -7.224 -0.698 41.646 -0.746 -1.674 -0.695 -0.435
0 0 0 0 0 3.597 0.108 0.419 -1.318 0.496 -0.746 21.814 -0.189 0.377 0.569
0 0 0 0 0 -1.771 -0.051 -0.16 -2.059 -0.184 -1.674 -0.189 45.96 -0.186 -0.109
0 0 0 0 0 1.382 0.042 0.17 -1.048 0.203 -0.695 0.377 -0.186 25.856 0.253
0 0 0 0 0 2.412 0.072 0.28 -0.797 0.331 -0.435 0.569 -0.109 0.253 20.62

 Mean vectors and covariance matrices before rotation --- 3th cluster >>

 mean vector (mu'=Q*mu)>>
0 18.785 0 0 0 5.669 1.333 2.694 2.68 5.818 0.34 3.279 2.821 4.256 0.567

 covariance matrix (Sigma'=Q*Sigma*t(Q))>>

6.006 0.482 1.447 0.375 -0.745 0 0 0 0 0 0 0 0 0 0
0.482 6.413 1.092 0.833 0.543 0 0 0 0 0 0 0 0 0 0
1.447 1.092 2.557 0.952 0.94 0 0 0 0 0 0 0 0 0 0
0.375 0.833 0.952 6.27 0.453 0 0 0 0 0 0 0 0 0 0
-0.745 0.543 0.94 0.453 7.494 0 0 0 0 0 0 0 0 0 0
0 0 0 0 0 38.878 0.397 1.624 -9.966 1.932 -6.605 3.597 -1.771 1.382 2.412
0 0 0 0 0 0.397 25.49 0.049 -0.29 0.058 -0.191 0.108 -0.051 0.042 0.072
0 0 0 0 0 1.624 0.049 24.294 -0.95 0.232 -0.604 0.419 -0.16 0.17 0.28
0 0 0 0 0 -9.966 -0.29 -0.95 44.528 -1.102 -7.224 -1.318 -2.059 -1.048 -0.797
0 0 0 0 0 1.932 0.058 0.232 -1.102 24.212 -0.698 0.496 -0.184 0.203 0.331
0 0 0 0 0 -6.605 -0.191 -0.604 -7.224 -0.698 41.646 -0.746 -1.674 -0.695 -0.435
0 0 0 0 0 3.597 0.108 0.419 -1.318 0.496 -0.746 21.814 -0.189 0.377 0.569
0 0 0 0 0 -1.771 -0.051 -0.16 -2.059 -0.184 -1.674 -0.189 45.96 -0.186 -0.109
0 0 0 0 0 1.382 0.042 0.17 -1.048 0.203 -0.695 0.377 -0.186 25.856 0.253
0 0 0 0 0 2.412 0.072 0.28 -0.797 0.331 -0.435 0.569 -0.109 0.253 20.62

 Mean vectors and covariance matrices before rotation --- 4th cluster >>

 mean vector (mu'=Q*mu)>>
0 6.262 17.711 0 0 5.669 1.333 2.694 2.68 5.818 0.34 3.279 2.821 4.256 0.567

 covariance matrix (Sigma'=Q*Sigma*t(Q))>>

10.631 2.511 1.344 -5.501 -1.478 0 0 0 0 0 0 0 0 0 0
2.511 4.624 0.606 -0.897 -0.095 0 0 0 0 0 0 0 0 0 0
1.344 0.606 4.239 -0.545 -0.071 0 0 0 0 0 0 0 0 0 0
-5.501 -0.897 -0.545 15.556 -1.659 0 0 0 0 0 0 0 0 0 0
-1.478 -0.095 -0.071 -1.659 13.919 0 0 0 0 0 0 0 0 0 0
0 0 0 0 0 38.878 0.397 1.624 -9.966 1.932 -6.605 3.597 -1.771 1.382 2.412
0 0 0 0 0 0.397 25.49 0.049 -0.29 0.058 -0.191 0.108 -0.051 0.042 0.072
0 0 0 0 0 1.624 0.049 24.294 -0.95 0.232 -0.604 0.419 -0.16 0.17 0.28
0 0 0 0 0 -9.966 -0.29 -0.95 44.528 -1.102 -7.224 -1.318 -2.059 -1.048 -0.797
0 0 0 0 0 1.932 0.058 0.232 -1.102 24.212 -0.698 0.496 -0.184 0.203 0.331
0 0 0 0 0 -6.605 -0.191 -0.604 -7.224 -0.698 41.646 -0.746 -1.674 -0.695 -0.435
0 0 0 0 0 3.597 0.108 0.419 -1.318 0.496 -0.746 21.814 -0.189 0.377 0.569
0 0 0 0 0 -1.771 -0.051 -0.16 -2.059 -0.184 -1.674 -0.189 45.96 -0.186 -0.109
0 0 0 0 0 1.382 0.042 0.17 -1.048 0.203 -0.695 0.377 -0.186 25.856 0.253
0 0 0 0 0 2.412 0.072 0.28 -0.797 0.331 -0.435 0.569 -0.109 0.253 20.62

 Mean vectors and covariance matrices before rotation --- 5th cluster >>

 mean vector (mu'=Q*mu)>>
0 6.262 4.428 17.149 0 5.669 1.333 2.694 2.68 5.818 0.34 3.279 2.821 4.256 0.567

 covariance matrix (Sigma'=Q*Sigma*t(Q))>>

6.265 -1.868 0.671 -0.137 0.632 0 0 0 0 0 0 0 0 0 0
-1.868 7.571 -0.947 -0.164 -1.779 0 0 0 0 0 0 0 0 0 0
0.671 -0.947 4.741 -0.069 0.022 0 0 0 0 0 0 0 0 0 0
-0.137 -0.164 -0.069 9.917 -0.129 0 0 0 0 0 0 0 0 0 0
0.632 -1.779 0.022 -0.129 4.958 0 0 0 0 0 0 0 0 0 0
0 0 0 0 0 38.878 0.397 1.624 -9.966 1.932 -6.605 3.597 -1.771 1.382 2.412
0 0 0 0 0 0.397 25.49 0.049 -0.29 0.058 -0.191 0.108 -0.051 0.042 0.072
0 0 0 0 0 1.624 0.049 24.294 -0.95 0.232 -0.604 0.419 -0.16 0.17 0.28
0 0 0 0 0 -9.966 -0.29 -0.95 44.528 -1.102 -7.224 -1.318 -2.059 -1.048 -0.797
0 0 0 0 0 1.932 0.058 0.232 -1.102 24.212 -0.698 0.496 -0.184 0.203 0.331
0 0 0 0 0 -6.605 -0.191 -0.604 -7.224 -0.698 41.646 -0.746 -1.674 -0.695 -0.435
0 0 0 0 0 3.597 0.108 0.419 -1.318 0.496 -0.746 21.814 -0.189 0.377 0.569
0 0 0 0 0 -1.771 -0.051 -0.16 -2.059 -0.184 -1.674 -0.189 45.96 -0.186 -0.109
0 0 0 0 0 1.382 0.042 0.17 -1.048 0.203 -0.695 0.377 -0.186 25.856 0.253
0 0 0 0 0 2.412 0.072 0.28 -0.797 0.331 -0.435 0.569 -0.109 0.253 20.62

 Final eigenvalues for each cluster >> 
 (rows correspond to clusters)
53.202 47.547 46.434 25.711 25.694 25.478 24.098 23.937 20.954 20.244 9.889 7.647 5.866 5.25 3.108
53.202 47.547 46.434 25.711 25.694 25.478 24.098 23.937 20.954 20.244 9.257 9.251 9.064 3.546 3.352
53.202 47.547 46.434 25.711 25.694 25.478 24.098 23.937 20.954 20.244 8.566 7.557 5.554 5.444 1.618
53.202 47.547 46.434 25.711 25.694 25.478 24.098 23.937 20.954 20.244 19.584 14.544 7.411 3.907 3.523
53.202 47.547 46.434 25.711 25.694 25.478 24.098 23.937 20.954 20.244 9.929 9.847 5.248 4.608 3.821

 *************************************************

 ********************* rotation ******************

 *************************************************


 The orthogonal matrix Q >>
0.36 0.514 0.268 0.545 0.487
0.514 -0.806 0.101 0.206 0.184
0.268 0.101 -0.947 0.108 0.096
0.545 0.206 0.108 -0.781 0.195
0.487 0.184 0.096 0.195 -0.826

 Mean vectors and covariance matrices after rotation --- 1th cluster >>

 mean vector (mu'=Q*mu)>>
0.34 3.279 -3.909 5.818 0.567 -5.572 -5.277 5.669 2.68 2.694 2.821 -5.915 4.256 -2.911 1.333

 covariance matrix (Sigma'=Q*Sigma*t(Q))>>

41.646 -0.746 0 -0.698 -0.435 0 0 -6.605 -7.224 -0.604 -1.674 0 -0.695 0 -0.191
-0.746 21.814 0 0.496 0.569 0 0 3.597 -1.318 0.419 -0.189 0 0.377 0 0.108
0 0 8.3 0 0 1.379 -0.539 0 0 0 0 0.399 0 -1.598 0
-0.698 0.496 0 24.212 0.331 0 0 1.932 -1.102 0.232 -0.184 0 0.203 0 0.058
-0.435 0.569 0 0.331 20.62 0 0 2.412 -0.797 0.28 -0.109 0 0.253 0 0.072
0 0 1.379 0 0 5.921 0.205 0 0 0 0 -0.094 0 -0.588 0
0 0 -0.539 0 0 0.205 7.583 0 0 0 0 0.246 0 -0.094 0
-6.605 3.597 0 1.932 2.412 0 0 38.878 -9.966 1.624 -1.771 0 1.382 0 0.397
-7.224 -1.318 0 -1.102 -0.797 0 0 -9.966 44.528 -0.95 -2.059 0 -1.048 0 -0.29
-0.604 0.419 0 0.232 0.28 0 0 1.624 -0.95 24.294 -0.16 0 0.17 0 0.049
-1.674 -0.189 0 -0.184 -0.109 0 0 -1.771 -2.059 -0.16 45.96 0 -0.186 0 -0.051
0 0 0.399 0 0 -0.094 0.246 0 0 0 0 3.274 0 0.416 0
-0.695 0.377 0 0.203 0.253 0 0 1.382 -1.048 0.17 -0.186 0 25.856 0 0.042
0 0 -1.598 0 0 -0.588 -0.094 0 0 0 0 0.416 0 6.682 0
-0.191 0.108 0 0.058 0.072 0 0 0.397 -0.29 0.049 -0.051 0 0.042 0 25.49

 Mean vectors and covariance matrices after rotation --- 2th cluster >>

 mean vector (mu'=Q*mu)>>
0.34 3.279 3.909 5.818 0.567 5.572 5.277 5.669 2.68 2.694 2.821 5.915 4.256 2.911 1.333

 covariance matrix (Sigma'=Q*Sigma*t(Q))>>

41.646 -0.746 0 -0.698 -0.435 0 0 -6.605 -7.224 -0.604 -1.674 0 -0.695 0 -0.191
-0.746 21.814 0 0.496 0.569 0 0 3.597 -1.318 0.419 -0.189 0 0.377 0 0.108
0 0 8.255 0 0 -0.378 1.501 0 0 0 0 1.494 0 -0.383 0
-0.698 0.496 0 24.212 0.331 0 0 1.932 -1.102 0.232 -0.184 0 0.203 0 0.058
-0.435 0.569 0 0.331 20.62 0 0 2.412 -0.797 0.28 -0.109 0 0.253 0 0.072
0 0 -0.378 0 0 9.108 0.566 0 0 0 0 0.564 0 -0.144 0
0 0 1.501 0 0 0.566 3.961 0 0 0 0 0.625 0 0.477 0
-6.605 3.597 0 1.932 2.412 0 0 38.878 -9.966 1.624 -1.771 0 1.382 0 0.397
-7.224 -1.318 0 -1.102 -0.797 0 0 -9.966 44.528 -0.95 -2.059 0 -1.048 0 -0.29
-0.604 0.419 0 0.232 0.28 0 0 1.624 -0.95 24.294 -0.16 0 0.17 0 0.049
-1.674 -0.189 0 -0.184 -0.109 0 0 -1.771 -2.059 -0.16 45.96 0 -0.186 0 -0.051
0 0 1.494 0 0 0.564 0.625 0 0 0 0 4.183 0 0.51 0
-0.695 0.377 0 0.203 0.253 0 0 1.382 -1.048 0.17 -0.186 0 25.856 0 0.042
0 0 -0.383 0 0 -0.144 0.477 0 0 0 0 0.51 0 8.962 0
-0.191 0.108 0 0.058 0.072 0 0 0.397 -0.29 0.049 -0.051 0 0.042 0 25.49

 Mean vectors and covariance matrices after rotation --- 3th cluster >>

 mean vector (mu'=Q*mu)>>
0.34 3.279 9.651 5.818 0.567 -15.141 3.452 5.669 2.68 2.694 2.821 3.869 4.256 1.904 1.333

 covariance matrix (Sigma'=Q*Sigma*t(Q))>>

41.646 -0.746 0 -0.698 -0.435 0 0 -6.605 -7.224 -0.604 -1.674 0 -0.695 0 -0.191
-0.746 21.814 0 0.496 0.569 0 0 3.597 -1.318 0.419 -0.189 0 0.377 0 0.108
0 0 8.444 0 0 -0.293 -0.191 0 0 0 0 -0.014 0 -0.558 0
-0.698 0.496 0 24.212 0.331 0 0 1.932 -1.102 0.232 -0.184 0 0.203 0 0.058
-0.435 0.569 0 0.331 20.62 0 0 2.412 -0.797 0.28 -0.109 0 0.253 0 0.072
0 0 -0.293 0 0 5.48 0.146 0 0 0 0 0.006 0 0 0
0 0 -0.191 0 0 0.146 7.578 0 0 0 0 0.186 0 0.16 0
-6.605 3.597 0 1.932 2.412 0 0 38.878 -9.966 1.624 -1.771 0 1.382 0 0.397
-7.224 -1.318 0 -1.102 -0.797 0 0 -9.966 44.528 -0.95 -2.059 0 -1.048 0 -0.29
-0.604 0.419 0 0.232 0.28 0 0 1.624 -0.95 24.294 -0.16 0 0.17 0 0.049
-1.674 -0.189 0 -0.184 -0.109 0 0 -1.771 -2.059 -0.16 45.96 0 -0.186 0 -0.051
0 0 -0.014 0 0 0.006 0.186 0 0 0 0 5.566 0 -0.121 0
-0.695 0.377 0 0.203 0.253 0 0 1.382 -1.048 0.17 -0.186 0 25.856 0 0.042
0 0 -0.558 0 0 0 0.16 0 0 0 0 -0.121 0 1.671 0
-0.191 0.108 0 0.058 0.072 0 0 0.397 -0.29 0.049 -0.051 0 0.042 0 25.49

 Mean vectors and covariance matrices after rotation --- 4th cluster >>

 mean vector (mu'=Q*mu)>>
0.34 3.279 7.97 5.818 0.567 -3.252 2.851 5.669 2.68 2.694 2.821 3.195 4.256 -16.139 1.333

 covariance matrix (Sigma'=Q*Sigma*t(Q))>>

41.646 -0.746 0 -0.698 -0.435 0 0 -6.605 -7.224 -0.604 -1.674 0 -0.695 0 -0.191
-0.746 21.814 0 0.496 0.569 0 0 3.597 -1.318 0.419 -0.189 0 0.377 0 0.108
0 0 7.895 0 0 0.74 -1.812 0 0 0 0 -1.215 0 0.304 0
-0.698 0.496 0 24.212 0.331 0 0 1.932 -1.102 0.232 -0.184 0 0.203 0 0.058
-0.435 0.569 0 0.331 20.62 0 0 2.412 -0.797 0.28 -0.109 0 0.253 0 0.072
0 0 0.74 0 0 3.676 -0.486 0 0 0 0 0.425 0 0.067 0
0 0 -1.812 0 0 -0.486 14.029 0 0 0 0 0.132 0 -0.316 0
-6.605 3.597 0 1.932 2.412 0 0 38.878 -9.966 1.624 -1.771 0 1.382 0 0.397
-7.224 -1.318 0 -1.102 -0.797 0 0 -9.966 44.528 -0.95 -2.059 0 -1.048 0 -0.29
-0.604 0.419 0 0.232 0.28 0 0 1.624 -0.95 24.294 -0.16 0 0.17 0 0.049
-1.674 -0.189 0 -0.184 -0.109 0 0 -1.771 -2.059 -0.16 45.96 0 -0.186 0 -0.051
0 0 -1.215 0 0 0.425 0.132 0 0 0 0 19.432 0 0.1 0
-0.695 0.377 0 0.203 0.253 0 0 1.382 -1.048 0.17 -0.186 0 25.856 0 0.042
0 0 0.304 0 0 0.067 -0.316 0 0 0 0 0.1 0 3.935 0
-0.191 0.108 0 0.058 0.072 0 0 0.397 -0.29 0.049 -0.051 0 0.042 0 25.49

 Mean vectors and covariance matrices after rotation --- 5th cluster >>

 mean vector (mu'=Q*mu)>>
0.34 3.279 13.757 5.818 0.567 -1.067 4.92 5.669 2.68 2.694 2.821 -11.634 4.256 -1.714 1.333

 covariance matrix (Sigma'=Q*Sigma*t(Q))>>

41.646 -0.746 0 -0.698 -0.435 0 0 -6.605 -7.224 -0.604 -1.674 0 -0.695 0 -0.191
-0.746 21.814 0 0.496 0.569 0 0 3.597 -1.318 0.419 -0.189 0 0.377 0 0.108
0 0 5.557 0 0 0.738 0.938 0 0 0 0 -2.28 0 0.433 0
-0.698 0.496 0 24.212 0.331 0 0 1.932 -1.102 0.232 -0.184 0 0.203 0 0.058
-0.435 0.569 0 0.331 20.62 0 0 2.412 -0.797 0.28 -0.109 0 0.253 0 0.072
0 0 0.738 0 0 9.64 -0.636 0 0 0 0 0.178 0 -0.469 0
0 0 0.938 0 0 -0.636 5.268 0 0 0 0 -0.672 0 0.047 0
-6.605 3.597 0 1.932 2.412 0 0 38.878 -9.966 1.624 -1.771 0 1.382 0 0.397
-7.224 -1.318 0 -1.102 -0.797 0 0 -9.966 44.528 -0.95 -2.059 0 -1.048 0 -0.29
-0.604 0.419 0 0.232 0.28 0 0 1.624 -0.95 24.294 -0.16 0 0.17 0 0.049
-1.674 -0.189 0 -0.184 -0.109 0 0 -1.771 -2.059 -0.16 45.96 0 -0.186 0 -0.051
0 0 -2.28 0 0 0.178 -0.672 0 0 0 0 8.313 0 -0.531 0
-0.695 0.377 0 0.203 0.253 0 0 1.382 -1.048 0.17 -0.186 0 25.856 0 0.042
0 0 0.433 0 0 -0.469 0.047 0 0 0 0 -0.531 0 4.675 0
-0.191 0.108 0 0.058 0.072 0 0 0.397 -0.29 0.049 -0.051 0 0.042 0 25.49

 Final eigenvalues for each cluster >> 
 (rows correspond to clusters)
53.202 47.547 46.434 25.711 25.694 25.478 24.098 23.937 20.954 20.244 9.889 7.647 5.866 5.25 3.108
53.202 47.547 46.434 25.711 25.694 25.478 24.098 23.937 20.954 20.244 9.257 9.251 9.064 3.546 3.352
53.202 47.547 46.434 25.711 25.694 25.478 24.098 23.937 20.954 20.244 8.566 7.557 5.554 5.444 1.618
53.202 47.547 46.434 25.711 25.694 25.478 24.098 23.937 20.954 20.244 19.584 14.544 7.411 3.907 3.523
53.202 47.547 46.434 25.711 25.694 25.478 24.098 23.937 20.954 20.244 9.929 9.847 5.248 4.608 3.821

 theoretical Separation index matrix >>

-1 0.364 0.393 0.34 0.34
0.364 -1 0.34 0.376 0.362
0.393 0.34 -1 0.518 0.356
0.34 0.376 0.518 -1 0.349
0.34 0.362 0.356 0.349 -1

 theoretical projection directions >>

**** cluster 1 and 2
0 0 0.163 0 0 0.386 0.414 0 0 0 0 0.783 0 0.201 0

**** cluster 1 and 3
0 0 0.506 0 0 -0.475 0.32 0 0 0 0 0.526 0 0.372 0

**** cluster 1 and 4
0 0 0.483 0 0 0.015 0.276 0 0 0 0 0.281 0 -0.782 0

**** cluster 1 and 5
0 0 0.817 0 0 0.11 0.508 0 0 0 0 -0.185 0 0.167 0

**** cluster 2 and 3
0 0 0.202 0 0 -0.97 -0.058 0 0 0 0 -0.11 0 -0.055 0

**** cluster 2 and 4
0 0 0.155 0 0 -0.427 -0.061 0 0 0 0 -0.02 0 -0.888 0

**** cluster 2 and 5
0 0 0.422 0 0 -0.184 -0.112 0 0 0 0 -0.861 0 -0.184 0

**** cluster 3 and 4
0 0 -0.058 0 0 0.349 -0.012 0 0 0 0 -0.018 0 -0.935 0

**** cluster 3 and 5
0 0 0.051 0 0 0.579 0.069 0 0 0 0 -0.706 0 -0.398 0

**** cluster 4 and 5
0 0 0.113 0 0 0.129 0.079 0 0 0 0 -0.276 0 0.942 0

 empirical Separation index matrix (alpha= 0.05 )>>

-1 0.47 0.521 0.321 0.367
0.47 -1 0.345 0.362 0.394
0.521 0.345 -1 0.408 0.365
0.321 0.362 0.408 -1 0.39
0.367 0.394 0.365 0.39 -1

 empirical projection directions >>

**** cluster 1 and 2
0.005 -0.021 -0.451 0.03 -0.023 0.397 -0.366 -0.019 -0.056 0.008 0.056 -0.558 -0.024 -0.43 -0.002

**** cluster 1 and 3
0.002 0.058 -0.042 -0.003 -0.023 0.248 -0.037 0.003 -0.025 -0.051 0.025 -0.006 -0.072 -0.96 -0.016

**** cluster 1 and 4
0.035 -0.069 -0.28 0.042 -0.02 0.898 0.051 -0.065 0.045 -0.024 -0.015 0.196 -0.054 0.235 -0.018

**** cluster 1 and 5
-0.032 0.021 0.065 0.004 -0.008 0.446 -0.111 0.027 -0.01 0.043 0.058 -0.819 0.034 -0.322 0.029

**** cluster 2 and 3
-0.045 0.067 0.351 -0.012 -0.005 -0.153 0.169 -0.09 -0.019 0.016 0.022 0.328 -0.085 -0.833 -0.006

**** cluster 2 and 4
-0.003 -0.046 0.312 -0.038 0.016 0.387 0.504 -0.044 0.004 0.022 -0.055 0.583 -0.012 0.387 -0.01

**** cluster 2 and 5
-0.004 -0.035 0.743 -0.024 -0.006 0.079 0.586 0.051 -0.045 -0.021 -0.013 -0.082 -0.002 0.29 -0.003

**** cluster 3 and 4
0.003 -0.081 -0.051 0.033 -0.007 0.509 0.015 -0.008 0.04 0.037 -0.062 -0.036 0.018 0.847 -0.067

**** cluster 3 and 5
0.018 -0.069 0.138 -0.042 -0.043 0.177 0.092 0.106 -0.035 0.005 0.035 -0.363 0.04 0.886 0.002

**** cluster 4 and 5
-0.026 0.002 0.479 -0.012 0.012 -0.163 -0.059 0.032 -0.005 -0.023 0.059 -0.841 0.04 -0.146 0.071
