
 Log information for the data set datasetJMG3v5nv3out0_1.dat >>

 alpha = 0.05 sepVal = 0.21

 Number of clusters >> 3

 cluster sizes >>
50 50 50

 Number of data points >> 150

 Number of dimensions >> 8

 Number of noisy dimensions >> 3

 noisy variables >>
2 3 6

 Number of outliers >> 0

 initial eigenvalues for each cluster >> 
 (rows correspond to clusters)
6.339 3.458 6.195 6.534 4.994
9.362 4.947 3.778 7.071 8.643
9.14 2.886 2.267 6.304 1.138

 Mean vectors and covariance matrices before rotation --- 1th cluster >>

 mean vector (mu'=Q*mu)>>
-7.384 0 0 0 0 0.025 0.776 1.533

 covariance matrix (Sigma'=Q*Sigma*t(Q))>>

5.573 1.117 -0.355 -0.228 0.04 0 0 0
1.117 4.431 0.723 0.229 0.076 0 0 0
-0.355 0.723 6.047 -0.114 0.029 0 0 0
-0.228 0.229 -0.114 6.47 0.007 0 0 0
0.04 0.076 0.029 0.007 4.998 0 0 0
0 0 0 0 0 24.937 1.966 -2.536
0 0 0 0 0 1.966 38.07 -0.225
0 0 0 0 0 -2.536 -0.225 41.374

 Mean vectors and covariance matrices before rotation --- 2th cluster >>

 mean vector (mu'=Q*mu)>>
7.384 0 0 0 0 0.025 0.776 1.533

 covariance matrix (Sigma'=Q*Sigma*t(Q))>>

7.298 1.684 0.594 0.27 -0.536 0 0 0
1.684 7.154 0.558 1.087 0.763 0 0 0
0.594 0.558 4.128 0.329 0.252 0 0 0
0.27 1.087 0.329 7.927 0.226 0 0 0
-0.536 0.763 0.252 0.226 9.028 0 0 0
0 0 0 0 0 24.937 1.966 -2.536
0 0 0 0 0 1.966 38.07 -0.225
0 0 0 0 0 -2.536 -0.225 41.374

 Mean vectors and covariance matrices before rotation --- 3th cluster >>

 mean vector (mu'=Q*mu)>>
0 12.79 0 0 0 0.025 0.776 1.533

 covariance matrix (Sigma'=Q*Sigma*t(Q))>>

4.285 2.198 1.385 -0.1 0.779 0 0 0
2.198 6.36 1.931 0.631 0.92 0 0 0
1.385 1.931 3.336 0.364 0.506 0 0 0
-0.1 0.631 0.364 6.378 0.183 0 0 0
0.779 0.92 0.506 0.183 1.375 0 0 0
0 0 0 0 0 24.937 1.966 -2.536
0 0 0 0 0 1.966 38.07 -0.225
0 0 0 0 0 -2.536 -0.225 41.374

 Final eigenvalues for each cluster >> 
 (rows correspond to clusters)
41.831 38.26 24.29 6.534 6.339 6.195 4.994 3.458
41.831 38.26 24.29 9.842 9.087 7.433 5.201 3.971
41.831 38.26 24.29 9.14 6.304 2.886 2.267 1.138

 *************************************************

 ********************* rotation ******************

 *************************************************


 The orthogonal matrix Q >>
0.507 0.347 0.337 0.692 0.171
0.347 -0.92 0.078 0.159 0.039
0.337 0.078 -0.925 0.155 0.038
0.692 0.159 0.155 -0.682 0.078
0.171 0.039 0.038 0.078 -0.981

 Mean vectors and covariance matrices after rotation --- 1th cluster >>

 mean vector (mu'=Q*mu)>>
-2.563 0.776 1.533 -5.113 -2.487 0.025 -3.747 -1.261

 covariance matrix (Sigma'=Q*Sigma*t(Q))>>

3.696 0 0 -0.529 0.436 0 -0.4 -0.094
0 38.07 -0.225 0 0 1.966 0 0
0 -0.225 41.374 0 0 -2.536 0 0
-0.529 0 0 6.371 0.001 0 -0.178 0.017
0.436 0 0 0.001 6.182 0 0.024 0.074
0 1.966 -2.536 0 0 24.937 0 0
-0.4 0 0 -0.178 0.024 0 6.262 0.128
-0.094 0 0 0.017 0.074 0 0.128 5.009

 Mean vectors and covariance matrices after rotation --- 2th cluster >>

 mean vector (mu'=Q*mu)>>
2.563 0.776 1.533 5.113 2.487 0.025 3.747 1.261

 covariance matrix (Sigma'=Q*Sigma*t(Q))>>

5.706 0 0 -0.482 -0.119 0 -1.247 0.456
0 38.07 -0.225 0 0 1.966 0 0
0 -0.225 41.374 0 0 -2.536 0 0
-0.482 0 0 7.43 0.259 0 0.154 0.261
-0.119 0 0 0.259 4.177 0 0.911 0.311
0 1.966 -2.536 0 0 24.937 0 0
-1.247 0 0 0.154 0.911 0 9.145 -0.22
0.456 0 0 0.261 0.311 0 -0.22 9.076

 Mean vectors and covariance matrices after rotation --- 3th cluster >>

 mean vector (mu'=Q*mu)>>
-11.768 0.776 1.533 2.039 0.992 0.025 4.439 0.503

 covariance matrix (Sigma'=Q*Sigma*t(Q))>>

4.253 0 0 -1.534 0.426 0 -1.974 0.183
0 38.07 -0.225 0 0 1.966 0 0
0 -0.225 41.374 0 0 -2.536 0 0
-1.534 0 0 6.129 -0.66 0 0.434 -0.284
0.426 0 0 -0.66 2.399 0 -0.319 0.057
0 1.966 -2.536 0 0 24.937 0 0
-1.974 0 0 0.434 -0.319 0 7.793 0.029
0.183 0 0 -0.284 0.057 0 0.029 1.16

 Final eigenvalues for each cluster >> 
 (rows correspond to clusters)
41.831 38.26 24.29 6.534 6.339 6.195 4.994 3.458
41.831 38.26 24.29 9.842 9.087 7.433 5.201 3.971
41.831 38.26 24.29 9.14 6.304 2.886 2.267 1.138

 theoretical Separation index matrix >>

-1 0.21 0.21
0.21 -1 0.286
0.21 0.286 -1

 theoretical projection directions >>

**** cluster 1 and 2
0.564 0 0 0.625 0.301 0 0.433 0.113

**** cluster 1 and 3
-0.753 0 0 0.334 0.412 0 0.321 0.221

**** cluster 2 and 3
-0.944 0 0 -0.279 -0.091 0 -0.15 0.013

 empirical Separation index matrix (alpha= 0.05 )>>

-1 0.18 0.308
0.18 -1 0.157
0.308 0.157 -1

 empirical projection directions >>

**** cluster 1 and 2
0.746 -0.018 0.042 -0.301 -0.553 -0.081 -0.141 -0.136

**** cluster 1 and 3
0.959 0.011 -0.003 0.203 -0.079 -0.037 0.163 -0.066

**** cluster 2 and 3
0.539 -0.002 0.005 0.66 0.171 0.074 0.415 0.261
