
 Log information for the data set datasetJLG3v5nv3out0_2.dat >>

 alpha = 0.05 sepVal = 0.01

 Number of clusters >> 3

 cluster sizes >>
50 50 50

 Number of data points >> 150

 Number of dimensions >> 8

 Number of noisy dimensions >> 3

 noisy variables >>
2 7 8

 Number of outliers >> 0

 initial eigenvalues for each cluster >> 
 (rows correspond to clusters)
5.651 8.346 7.614 8.573 5.776
5.79 9.634 5.988 4.466 6.632
9.952 4.265 3.612 1.835 1.524

 Mean vectors and covariance matrices before rotation --- 1th cluster >>

 mean vector (mu'=Q*mu)>>
-5.288 0 0 0 0 2.126 1.046 1.573

 covariance matrix (Sigma'=Q*Sigma*t(Q))>>

7.272 -0.568 -0.584 -0.33 0.369 0 0 0
-0.568 7.908 -0.724 -0.233 -0.157 0 0 0
-0.584 -0.724 6.472 -0.389 -0.173 0 0 0
-0.33 -0.233 -0.389 8.449 -0.09 0 0 0
0.369 -0.157 -0.173 -0.09 5.859 0 0 0
0 0 0 0 0 11.064 -7.848 -0.302
0 0 0 0 0 -7.848 18.833 -0.392
0 0 0 0 0 -0.302 -0.392 13.727

 Mean vectors and covariance matrices before rotation --- 2th cluster >>

 mean vector (mu'=Q*mu)>>
5.288 0 0 0 0 2.126 1.046 1.573

 covariance matrix (Sigma'=Q*Sigma*t(Q))>>

7.071 -1.697 0.288 0.672 0.007 0 0 0
-1.697 8.155 -0.529 -0.195 -0.566 0 0 0
0.288 -0.529 6.047 0.179 -0.021 0 0 0
0.672 -0.195 0.179 4.688 0.107 0 0 0
0.007 -0.566 -0.021 0.107 6.549 0 0 0
0 0 0 0 0 11.064 -7.848 -0.302
0 0 0 0 0 -7.848 18.833 -0.392
0 0 0 0 0 -0.302 -0.392 13.727

 Mean vectors and covariance matrices before rotation --- 3th cluster >>

 mean vector (mu'=Q*mu)>>
0 9.16 0 0 0 2.126 1.046 1.573

 covariance matrix (Sigma'=Q*Sigma*t(Q))>>

3.819 0.337 0.851 1.204 0.973 0 0 0
0.337 5.927 2.056 1.516 1.151 0 0 0
0.851 2.056 6.459 1.982 1.501 0 0 0
1.204 1.516 1.982 3.274 1.043 0 0 0
0.973 1.151 1.501 1.043 2.356 0 0 0
0 0 0 0 0 11.064 -7.848 -0.302
0 0 0 0 0 -7.848 18.833 -0.392
0 0 0 0 0 -0.302 -0.392 13.727

 Final eigenvalues for each cluster >> 
 (rows correspond to clusters)
23.708 13.753 8.573 8.346 7.614 6.164 5.776 5.651
23.708 13.753 9.634 6.632 6.164 5.988 5.79 4.466
23.708 13.753 10.256 6.164 4.395 3.722 1.891 1.571

 *************************************************

 ********************* rotation ******************

 *************************************************


 The orthogonal matrix Q >>
0.273 0.712 0.308 0.263 0.504
0.712 -0.602 0.172 0.147 0.282
0.308 0.172 -0.926 0.064 0.122
0.263 0.147 0.064 -0.946 0.104
0.504 0.282 0.122 0.104 -0.801

 Mean vectors and covariance matrices after rotation --- 1th cluster >>

 mean vector (mu'=Q*mu)>>
-2.665 2.126 -1.446 -3.767 -1.628 -1.391 1.573 1.046

 covariance matrix (Sigma'=Q*Sigma*t(Q))>>

5.898 0 0.23 -0.091 0.418 0.017 0 0
0 11.064 0 0 0 0 -0.302 -7.848
0.23 0 6.318 -0.739 0.763 -0.185 0 0
-0.091 0 -0.739 8.015 0.117 -0.077 0 0
0.418 0 0.763 0.117 7.179 -0.029 0 0
0.017 0 -0.185 -0.077 -0.029 8.55 0 0
0 -0.302 0 0 0 0 13.727 -0.392
0 -7.848 0 0 0 0 -0.392 18.833

 Mean vectors and covariance matrices after rotation --- 2th cluster >>

 mean vector (mu'=Q*mu)>>
2.665 2.126 1.446 3.767 1.628 1.391 1.573 1.046

 covariance matrix (Sigma'=Q*Sigma*t(Q))>>

6.598 0 -0.132 -0.105 -0.03 -0.077 0 0
0 11.064 0 0 0 0 -0.302 -7.848
-0.132 0 6.053 -0.905 0.103 0.068 0 0
-0.105 0 -0.905 9.36 -0.303 -0.251 0 0
-0.03 0 0.103 -0.303 6.017 0.045 0 0
-0.077 0 0.068 -0.251 0.045 4.482 0 0
0 -0.302 0 0 0 0 13.727 -0.392
0 -7.848 0 0 0 0 -0.392 18.833

 Mean vectors and covariance matrices after rotation --- 3th cluster >>

 mean vector (mu'=Q*mu)>>
2.582 2.126 6.525 -5.51 1.578 1.347 1.573 1.046

 covariance matrix (Sigma'=Q*Sigma*t(Q))>>

1.918 0 1.406 0.281 -0.105 -0.188 0 0
0 11.064 0 0 0 0 -0.302 -7.848
1.406 0 8.804 0.316 -2.266 -1.101 0 0
0.281 0 0.316 4.343 -0.367 -0.354 0 0
-0.105 0 -2.266 -0.367 4.66 0.532 0 0
-0.188 0 -1.101 -0.354 0.532 2.109 0 0
0 -0.302 0 0 0 0 13.727 -0.392
0 -7.848 0 0 0 0 -0.392 18.833

 Final eigenvalues for each cluster >> 
 (rows correspond to clusters)
23.708 13.753 8.573 8.346 7.614 6.164 5.776 5.651
23.708 13.753 9.634 6.632 6.164 5.988 5.79 4.466
23.708 13.753 10.256 6.164 4.395 3.722 1.891 1.571

 theoretical Separation index matrix >>

-1 0.01 0.047
0.01 -1 0.01
0.047 0.01 -1

 theoretical projection directions >>

**** cluster 1 and 2
0.557 0 0.366 0.616 0.292 0.302 0 0

**** cluster 1 and 3
0.642 0 0.554 -0.134 0.357 0.368 0 0

**** cluster 2 and 3
-0.067 0 0.412 -0.908 0.036 -0.025 0 0

 empirical Separation index matrix (alpha= 0.05 )>>

-1 0.048 0.06
0.048 -1 0.006
0.06 0.006 -1

 empirical projection directions >>

**** cluster 1 and 2
-0.694 -0.126 -0.571 0.067 -0.315 -0.205 -0.17 -0.043

**** cluster 1 and 3
0.218 -0.032 -0.476 0.842 -0.02 0.108 0.059 -0.003

**** cluster 2 and 3
0.462 0.1 0.444 0.686 0.242 0.176 0.139 0.022
