
 Log information for the data set datasetJMG3v10nv10out0_3.dat >>

 alpha = 0.05 sepVal = 0.21

 Number of clusters >> 3

 cluster sizes >>
50 50 50

 Number of data points >> 150

 Number of dimensions >> 20

 Number of noisy dimensions >> 10

 noisy variables >>
1 2 3 4 7 9 11 15 17 20

 Number of outliers >> 0

 initial eigenvalues for each cluster >> 
 (rows correspond to clusters)
8.179 2.563 1.47 6.027 3.819 9.636 2.253 1.592 8.212 7.296
1.555 3.955 6.945 2.368 2.356 9.565 1.313 5.211 6.532 7.33
4.502 3.613 3.442 9.601 7.718 9.301 8.149 3.938 2.051 9.773

 Mean vectors and covariance matrices before rotation --- 1th cluster >>

 mean vector (mu'=Q*mu)>>
-6.486 0 0 0 0 0 0 0 0 0 2.29 0.157 0.345 2.775 2.101 0.678 0.996 3.12 3.619 2.385

 covariance matrix (Sigma'=Q*Sigma*t(Q))>>

5.506 0.771 1.971 0.02 1.019 -1.194 1.43 0.311 -0.644 -0.217 0 0 0 0 0 0 0 0 0 0
0.771 2.834 0.601 0.054 0.467 0.118 0.481 0.096 0.181 0.148 0 0 0 0 0 0 0 0 0 0
1.971 0.601 2.785 0.127 1.049 0.345 1.061 0.21 0.463 0.362 0 0 0 0 0 0 0 0 0 0
0.02 0.054 0.127 6.034 0.084 -0.019 0.097 0.02 0.004 0.012 0 0 0 0 0 0 0 0 0 0
1.019 0.467 1.049 0.084 4.602 0.107 0.83 0.167 0.238 0.214 0 0 0 0 0 0 0 0 0 0
-1.194 0.118 0.345 -0.019 0.107 9.206 0.23 0.054 -0.286 -0.136 0 0 0 0 0 0 0 0 0 0
1.43 0.481 1.061 0.097 0.83 0.23 3.104 0.169 0.336 0.27 0 0 0 0 0 0 0 0 0 0
0.311 0.096 0.21 0.02 0.167 0.054 0.169 1.626 0.073 0.057 0 0 0 0 0 0 0 0 0 0
-0.644 0.181 0.463 0.004 0.238 -0.286 0.336 0.073 8.057 -0.053 0 0 0 0 0 0 0 0 0 0
-0.217 0.148 0.362 0.012 0.214 -0.136 0.27 0.057 -0.053 7.293 0 0 0 0 0 0 0 0 0 0
0 0 0 0 0 0 0 0 0 0 15.622 -1.781 0.514 -0.134 1.45 -1.824 0.073 1.319 -1.762 3.106
0 0 0 0 0 0 0 0 0 0 -1.781 19.867 0.248 0.153 0.743 -0.469 0.26 0.635 -0.542 1.441
0 0 0 0 0 0 0 0 0 0 0.514 0.248 10.119 0.339 0.44 0.245 0.404 0.33 0.084 0.685
0 0 0 0 0 0 0 0 0 0 -0.134 0.153 0.339 16.865 1.093 0.138 0.78 0.863 -0.156 1.855
0 0 0 0 0 0 0 0 0 0 1.45 0.743 0.44 1.093 12.8 0.729 1.311 1.116 0.21 2.328
0 0 0 0 0 0 0 0 0 0 -1.824 -0.469 0.245 0.138 0.729 19.942 0.244 0.626 -0.552 1.424
0 0 0 0 0 0 0 0 0 0 0.073 0.26 0.404 0.78 1.311 0.244 16.657 1.028 -0.127 2.201
0 0 0 0 0 0 0 0 0 0 1.319 0.635 0.33 0.863 1.116 0.626 1.028 10.728 0.216 1.739
0 0 0 0 0 0 0 0 0 0 -1.762 -0.542 0.084 -0.156 0.21 -0.552 -0.127 0.216 22.958 0.542
0 0 0 0 0 0 0 0 0 0 3.106 1.441 0.685 1.855 2.328 1.424 2.201 1.739 0.542 12.177

 Mean vectors and covariance matrices before rotation --- 2th cluster >>

 mean vector (mu'=Q*mu)>>
6.486 0 0 0 0 0 0 0 0 0 2.29 0.157 0.345 2.775 2.101 0.678 0.996 3.12 3.619 2.385

 covariance matrix (Sigma'=Q*Sigma*t(Q))>>

6.053 0.659 -0.103 0.022 1.214 -1.043 0.567 0.253 -0.204 -0.932 0 0 0 0 0 0 0 0 0 0
0.659 3.903 -0.111 0.002 0.128 -0.566 0.089 -0.21 -0.318 -0.816 0 0 0 0 0 0 0 0 0 0
-0.103 -0.111 6.886 -0.001 -0.06 -0.243 -0.01 -0.166 -0.181 -0.418 0 0 0 0 0 0 0 0 0 0
0.022 0.002 -0.001 2.368 0.006 -0.008 0.003 0 -0.003 -0.009 0 0 0 0 0 0 0 0 0 0
1.214 0.128 -0.06 0.006 2.667 -0.421 0.155 -0.015 -0.152 -0.48 0 0 0 0 0 0 0 0 0 0
-1.043 -0.566 -0.243 -0.008 -0.421 8.656 -0.116 -0.748 -0.754 -1.675 0 0 0 0 0 0 0 0 0 0
0.567 0.089 -0.01 0.003 0.155 -0.116 1.385 0.041 -0.015 -0.093 0 0 0 0 0 0 0 0 0 0
0.253 -0.21 -0.166 0 -0.015 -0.748 0.041 4.812 -0.491 -1.185 0 0 0 0 0 0 0 0 0 0
-0.204 -0.318 -0.181 -0.003 -0.152 -0.754 -0.015 -0.491 5.984 -1.274 0 0 0 0 0 0 0 0 0 0
-0.932 -0.816 -0.418 -0.009 -0.48 -1.675 -0.093 -1.185 -1.274 4.417 0 0 0 0 0 0 0 0 0 0
0 0 0 0 0 0 0 0 0 0 15.622 -1.781 0.514 -0.134 1.45 -1.824 0.073 1.319 -1.762 3.106
0 0 0 0 0 0 0 0 0 0 -1.781 19.867 0.248 0.153 0.743 -0.469 0.26 0.635 -0.542 1.441
0 0 0 0 0 0 0 0 0 0 0.514 0.248 10.119 0.339 0.44 0.245 0.404 0.33 0.084 0.685
0 0 0 0 0 0 0 0 0 0 -0.134 0.153 0.339 16.865 1.093 0.138 0.78 0.863 -0.156 1.855
0 0 0 0 0 0 0 0 0 0 1.45 0.743 0.44 1.093 12.8 0.729 1.311 1.116 0.21 2.328
0 0 0 0 0 0 0 0 0 0 -1.824 -0.469 0.245 0.138 0.729 19.942 0.244 0.626 -0.552 1.424
0 0 0 0 0 0 0 0 0 0 0.073 0.26 0.404 0.78 1.311 0.244 16.657 1.028 -0.127 2.201
0 0 0 0 0 0 0 0 0 0 1.319 0.635 0.33 0.863 1.116 0.626 1.028 10.728 0.216 1.739
0 0 0 0 0 0 0 0 0 0 -1.762 -0.542 0.084 -0.156 0.21 -0.552 -0.127 0.216 22.958 0.542
0 0 0 0 0 0 0 0 0 0 3.106 1.441 0.685 1.855 2.328 1.424 2.201 1.739 0.542 12.177

 Mean vectors and covariance matrices before rotation --- 3th cluster >>

 mean vector (mu'=Q*mu)>>
0 11.234 0 0 0 0 0 0 0 0 2.29 0.157 0.345 2.775 2.101 0.678 0.996 3.12 3.619 2.385

 covariance matrix (Sigma'=Q*Sigma*t(Q))>>

8.323 0.047 1.661 -1.14 -0.431 -2.213 -1.566 1.236 1.372 -0.406 0 0 0 0 0 0 0 0 0 0
0.047 5.28 0.036 -0.013 -0.004 -0.026 -0.015 0.029 0.026 -0.005 0 0 0 0 0 0 0 0 0 0
1.661 0.036 6.245 -0.412 -0.104 -0.776 -0.446 0.989 0.878 -0.149 0 0 0 0 0 0 0 0 0 0
-1.14 -0.013 -0.412 13.534 -0.282 -1.003 -0.9 -0.463 -0.108 -0.172 0 0 0 0 0 0 0 0 0 0
-0.431 -0.004 -0.104 -0.282 11.127 -0.568 -0.488 -0.149 0.02 -0.099 0 0 0 0 0 0 0 0 0 0
-2.213 -0.026 -0.776 -1.003 -0.568 11.555 -1.817 -0.887 -0.182 -0.349 0 0 0 0 0 0 0 0 0 0
-1.566 -0.015 -0.446 -0.9 -0.488 -1.817 10.325 -0.575 -0.008 -0.314 0 0 0 0 0 0 0 0 0 0
1.236 0.029 0.989 -0.463 -0.149 -0.887 -0.575 6.533 0.753 -0.166 0 0 0 0 0 0 0 0 0 0
1.372 0.026 0.878 -0.108 0.02 -0.182 -0.008 0.753 3.574 -0.041 0 0 0 0 0 0 0 0 0 0
-0.406 -0.005 -0.149 -0.172 -0.099 -0.349 -0.314 -0.166 -0.041 14.219 0 0 0 0 0 0 0 0 0 0
0 0 0 0 0 0 0 0 0 0 15.622 -1.781 0.514 -0.134 1.45 -1.824 0.073 1.319 -1.762 3.106
0 0 0 0 0 0 0 0 0 0 -1.781 19.867 0.248 0.153 0.743 -0.469 0.26 0.635 -0.542 1.441
0 0 0 0 0 0 0 0 0 0 0.514 0.248 10.119 0.339 0.44 0.245 0.404 0.33 0.084 0.685
0 0 0 0 0 0 0 0 0 0 -0.134 0.153 0.339 16.865 1.093 0.138 0.78 0.863 -0.156 1.855
0 0 0 0 0 0 0 0 0 0 1.45 0.743 0.44 1.093 12.8 0.729 1.311 1.116 0.21 2.328
0 0 0 0 0 0 0 0 0 0 -1.824 -0.469 0.245 0.138 0.729 19.942 0.244 0.626 -0.552 1.424
0 0 0 0 0 0 0 0 0 0 0.073 0.26 0.404 0.78 1.311 0.244 16.657 1.028 -0.127 2.201
0 0 0 0 0 0 0 0 0 0 1.319 0.635 0.33 0.863 1.116 0.626 1.028 10.728 0.216 1.739
0 0 0 0 0 0 0 0 0 0 -1.762 -0.542 0.084 -0.156 0.21 -0.552 -0.127 0.216 22.958 0.542
0 0 0 0 0 0 0 0 0 0 3.106 1.441 0.685 1.855 2.328 1.424 2.201 1.739 0.542 12.177

 Final eigenvalues for each cluster >> 
 (rows correspond to clusters)
23.436 21.832 20.427 20.319 16.246 15.685 11.326 9.989 9.889 9.636 8.588 8.212 8.179 7.296 6.027 3.819 2.563 2.253 1.592 1.47
23.436 21.832 20.427 20.319 16.246 15.685 11.326 9.989 9.889 9.565 8.588 7.33 6.945 6.532 5.211 3.955 2.368 2.356 1.555 1.313
23.436 21.832 20.427 20.319 16.246 15.685 14.279 14.028 13.589 11.906 11.326 11.277 9.989 9.889 8.588 6.577 5.753 5.279 5.029 2.996

 *************************************************

 ********************* rotation ******************

 *************************************************


 The orthogonal matrix Q >>
0.203 0.359 0.466 0.06 0.006 0.253 0.454 0.23 0.529 0.076
0.359 -0.893 0.139 0.018 0.002 0.076 0.135 0.069 0.158 0.023
0.466 0.139 -0.819 0.023 0.002 0.098 0.176 0.089 0.205 0.029
0.06 0.018 0.023 -0.997 0 0.013 0.023 0.012 0.027 0.004
0.006 0.002 0.002 0 -1 0.001 0.002 0.001 0.002 0
0.253 0.076 0.098 0.013 0.001 -0.947 0.096 0.048 0.111 0.016
0.454 0.135 0.176 0.023 0.002 0.096 -0.829 0.087 0.2 0.029
0.23 0.069 0.089 0.012 0.001 0.048 0.087 -0.956 0.101 0.015
0.529 0.158 0.205 0.027 0.002 0.111 0.2 0.101 -0.767 0.033
0.076 0.023 0.029 0.004 0 0.016 0.029 0.015 0.033 -0.995

 Mean vectors and covariance matrices after rotation --- 1th cluster >>

 mean vector (mu'=Q*mu)>>
3.619 0.345 2.101 2.775 -0.036 -1.317 2.29 -2.328 3.12 -0.493 0.996 -3.023 -1.643 -3.433 0.678 -1.494 0.157 -0.392 -2.944 2.385

 covariance matrix (Sigma'=Q*Sigma*t(Q))>>

22.958 0.084 0.21 -0.156 0 0 -1.762 0 0.216 0 -0.127 0 0 0 -0.552 0 -0.542 0 0 0.542
0.084 10.119 0.44 0.339 0 0 0.514 0 0.33 0 0.404 0 0 0 0.245 0 0.248 0 0 0.685
0.21 0.44 12.8 1.093 0 0 1.45 0 1.116 0 1.311 0 0 0 0.729 0 0.743 0 0 2.328
-0.156 0.339 1.093 16.865 0 0 -0.134 0 0.863 0 0.78 0 0 0 0.138 0 0.153 0 0 1.855
0 0 0 0 4.579 -1.436 0 -0.267 0 0.059 0 0.09 -0.407 -0.844 0 -0.3 0 -0.04 -0.101 0
0 0 0 0 -1.436 6.886 0 0.928 0 -0.222 0 0.772 -0.296 -0.432 0 1.068 0 -0.029 0.824 0
-1.762 0.514 1.45 -0.134 0 0 15.622 0 1.319 0 0.073 0 0 0 -1.824 0 -1.781 0 0 3.106
0 0 0 0 -0.267 0.928 0 2.805 0 0.13 0 0.145 0.332 0.132 0 0.273 0 0.027 0.204 0
0.216 0.33 1.116 0.863 0 0 1.319 0 10.728 0 1.028 0 0 0 0.626 0 0.635 0 0 1.739
0 0 0 0 0.059 -0.222 0 0.13 0 7.287 0 0.251 -0.099 -0.08 0 0.088 0 0.004 0.197 0
-0.127 0.404 1.311 0.78 0 0 0.073 0 1.028 0 16.657 0 0 0 0.244 0 0.26 0 0 2.201
0 0 0 0 0.09 0.772 0 0.145 0 0.251 0 1.649 0.328 -0.217 0 0.172 0 0.021 0.172 0
0 0 0 0 -0.407 -0.296 0 0.332 0 -0.099 0 0.328 9.523 0.026 0 0.33 0 0.002 0.332 0
0 0 0 0 -0.844 -0.432 0 0.132 0 -0.08 0 -0.217 0.026 7.977 0 0.331 0 -0.037 -0.08 0
-0.552 0.245 0.729 0.138 0 0 -1.824 0 0.626 0 0.244 0 0 0 19.942 0 -0.469 0 0 1.424
0 0 0 0 -0.3 1.068 0 0.273 0 0.088 0 0.172 0.33 0.331 0 1.865 0 0.036 0.24 0
-0.542 0.248 0.743 0.153 0 0 -1.781 0 0.635 0 0.26 0 0 0 -0.469 0 19.867 0 0 1.441
0 0 0 0 -0.04 -0.029 0 0.027 0 0.004 0 0.021 0.002 -0.037 0 0.036 0 6.025 0.022 0
0 0 0 0 -0.101 0.824 0 0.204 0 0.197 0 0.172 0.332 -0.08 0 0.24 0 0.022 2.45 0
0.542 0.685 2.328 1.855 0 0 3.106 0 1.739 0 2.201 0 0 0 1.424 0 1.441 0 0 12.177

 Mean vectors and covariance matrices after rotation --- 2th cluster >>

 mean vector (mu'=Q*mu)>>
3.619 0.345 2.101 2.775 0.036 1.317 2.29 2.328 3.12 0.493 0.996 3.023 1.643 3.433 0.678 1.494 0.157 0.392 2.944 2.385

 covariance matrix (Sigma'=Q*Sigma*t(Q))>>

22.958 0.084 0.21 -0.156 0 0 -1.762 0 0.216 0 -0.127 0 0 0 -0.552 0 -0.542 0 0 0.542
0.084 10.119 0.44 0.339 0 0 0.514 0 0.33 0 0.404 0 0 0 0.245 0 0.248 0 0 0.685
0.21 0.44 12.8 1.093 0 0 1.45 0 1.116 0 1.311 0 0 0 0.729 0 0.743 0 0 2.328
-0.156 0.339 1.093 16.865 0 0 -0.134 0 0.863 0 0.78 0 0 0 0.138 0 0.153 0 0 1.855
0 0 0 0 2.654 -0.099 0 -0.262 0 -0.548 0 -0.569 -0.689 -0.725 0 -0.263 0 -0.059 -0.334 0
0 0 0 0 -0.099 3.903 0 0.45 0 2.086 0 -0.901 0.185 -0.23 0 0.51 0 0.116 1.226 0
-1.762 0.514 1.45 -0.134 0 0 15.622 0 1.319 0 0.073 0 0 0 -1.824 0 -1.781 0 0 3.106
0 0 0 0 -0.262 0.45 0 3.969 0 0.112 0 -0.182 -0.109 -0.135 0 -0.051 0 0.052 0.448 0
0.216 0.33 1.116 0.863 0 0 1.319 0 10.728 0 1.028 0 0 0 0.626 0 0.635 0 0 1.739
0 0 0 0 -0.548 2.086 0 0.112 0 4.807 0 0.753 -0.933 0.112 0 -0.565 0 0.156 1.139 0
-0.127 0.404 1.311 0.78 0 0 0.073 0 1.028 0 16.657 0 0 0 0.244 0 0.26 0 0 2.201
0 0 0 0 -0.569 -0.901 0 -0.182 0 0.753 0 6.59 0.24 -0.176 0 -0.06 0 0.037 0.259 0
0 0 0 0 -0.689 0.185 0 -0.109 0 -0.933 0 0.24 9.269 -0.019 0 -0.372 0 0.097 0.657 0
0 0 0 0 -0.725 -0.23 0 -0.135 0 0.112 0 -0.176 -0.019 6.377 0 -0.202 0 0.085 0.622 0
-0.552 0.245 0.729 0.138 0 0 -1.824 0 0.626 0 0.244 0 0 0 19.942 0 -0.469 0 0 1.424
0 0 0 0 -0.263 0.51 0 -0.051 0 -0.565 0 -0.06 -0.372 -0.202 0 4.989 0 0.051 0.419 0
-0.542 0.248 0.743 0.153 0 0 -1.781 0 0.635 0 0.26 0 0 0 -0.469 0 19.867 0 0 1.441
0 0 0 0 -0.059 0.116 0 0.052 0 0.156 0 0.037 0.097 0.085 0 0.051 0 2.383 0.112 0
0 0 0 0 -0.334 1.226 0 0.448 0 1.139 0 0.259 0.657 0.622 0 0.419 0 0.112 2.188 0
0.542 0.685 2.328 1.855 0 0 3.106 0 1.739 0 2.201 0 0 0 1.424 0 1.441 0 0 12.177

 Mean vectors and covariance matrices after rotation --- 3th cluster >>

 mean vector (mu'=Q*mu)>>
3.619 0.345 2.101 2.775 0.019 4.032 2.29 -10.031 3.12 0.255 0.996 1.562 0.849 1.774 0.678 0.772 0.157 0.203 1.521 2.385

 covariance matrix (Sigma'=Q*Sigma*t(Q))>>

22.958 0.084 0.21 -0.156 0 0 -1.762 0 0.216 0 -0.127 0 0 0 -0.552 0 -0.542 0 0 0.542
0.084 10.119 0.44 0.339 0 0 0.514 0 0.33 0 0.404 0 0 0 0.245 0 0.248 0 0 0.685
0.21 0.44 12.8 1.093 0 0 1.45 0 1.116 0 1.311 0 0 0 0.729 0 0.743 0 0 2.328
-0.156 0.339 1.093 16.865 0 0 -0.134 0 0.863 0 0.78 0 0 0 0.138 0 0.153 0 0 1.855
0 0 0 0 11.136 0.529 0 0.288 0 -0.036 0 0.263 -0.349 0.444 0 0.029 0 -0.224 -0.117 0
0 0 0 0 0.529 6.496 0 0.643 0 -0.081 0 -0.18 0.923 1.086 0 -0.449 0 0.885 -0.227 0
-1.762 0.514 1.45 -0.134 0 0 15.622 0 1.319 0 0.073 0 0 0 -1.824 0 -1.781 0 0 3.106
0 0 0 0 0.288 0.643 0 5.798 0 0.164 0 -0.072 1.15 0.443 0 -0.256 0 0.648 0.815 0
0.216 0.33 1.116 0.863 0 0 1.319 0 10.728 0 1.028 0 0 0 0.626 0 0.635 0 0 1.739
0 0 0 0 -0.036 -0.081 0 0.164 0 14.268 0 -0.095 -0.058 0.135 0 -0.188 0 -0.022 -0.063 0
-0.127 0.404 1.311 0.78 0 0 0.073 0 1.028 0 16.657 0 0 0 0.244 0 0.26 0 0 2.201
0 0 0 0 0.263 -0.18 0 -0.072 0 -0.095 0 5.092 0.2 0.269 0 0.12 0 0.315 -0.355 0
0 0 0 0 -0.349 0.923 0 1.15 0 -0.058 0 0.2 12.956 1.306 0 -0.568 0 -0.4 -0.206 0
0 0 0 0 0.444 1.086 0 0.443 0 0.135 0 0.269 1.306 3.676 0 0.111 0 0.808 0.777 0
-0.552 0.245 0.729 0.138 0 0 -1.824 0 0.626 0 0.244 0 0 0 19.942 0 -0.469 0 0 1.424
0 0 0 0 0.029 -0.449 0 -0.256 0 -0.188 0 0.12 -0.568 0.111 0 5.955 0 -0.143 -0.823 0
-0.542 0.248 0.743 0.153 0 0 -1.781 0 0.635 0 0.26 0 0 0 -0.469 0 19.867 0 0 1.441
0 0 0 0 -0.224 0.885 0 0.648 0 -0.022 0 0.315 -0.4 0.808 0 -0.143 0 13.742 -0.035 0
0 0 0 0 -0.117 -0.227 0 0.815 0 -0.063 0 -0.355 -0.206 0.777 0 -0.823 0 -0.035 11.595 0
0.542 0.685 2.328 1.855 0 0 3.106 0 1.739 0 2.201 0 0 0 1.424 0 1.441 0 0 12.177

 Final eigenvalues for each cluster >> 
 (rows correspond to clusters)
23.436 21.832 20.427 20.319 16.246 15.685 11.326 9.989 9.889 9.636 8.588 8.212 8.179 7.296 6.027 3.819 2.563 2.253 1.592 1.47
23.436 21.832 20.427 20.319 16.246 15.685 11.326 9.989 9.889 9.565 8.588 7.33 6.945 6.532 5.211 3.955 2.368 2.356 1.555 1.313
23.436 21.832 20.427 20.319 16.246 15.685 14.279 14.028 13.589 11.906 11.326 11.277 9.989 9.889 8.588 6.577 5.753 5.279 5.029 2.996

 theoretical Separation index matrix >>

-1 0.21 0.22
0.21 -1 0.21
0.22 0.21 -1

 theoretical projection directions >>

**** cluster 1 and 2
0 0 0 0 0.192 0.008 0 0.387 0 -0.045 0 0.478 0.066 0.312 0 0.203 0 0.04 0.662 0

**** cluster 1 and 3
0 0 0 0 0.036 0.289 0 -0.739 0 0.033 0 0.44 0.088 0.27 0 0.162 0 0.019 0.26 0

**** cluster 2 and 3
0 0 0 0 -0.02 0.294 0 -0.942 0 -0.031 0 -0.078 0.002 -0.113 0 -0.079 0 0.021 -0.002 0

 empirical Separation index matrix (alpha= 0.05 )>>

-1 0.299 0.31
0.299 -1 0.257
0.31 0.257 -1

 empirical projection directions >>

**** cluster 1 and 2
0.029 0.015 -0.012 0.068 -0.028 -0.27 -0.008 0.916 0.125 0.012 0.082 0.101 0.087 -0.051 0.003 0.118 -0.061 -0.106 0.071 -0.074

**** cluster 1 and 3
-0.037 -0.05 -0.08 0.009 -0.137 -0.357 -0.019 0.69 0.066 -0.055 -0.01 -0.316 -0.024 -0.268 0.072 -0.202 -0.099 0.03 -0.361 0.023

**** cluster 2 and 3
-0.015 -0.023 0.055 -0.065 -0.162 0.008 -0.013 -0.383 -0.033 0.059 -0.056 -0.321 -0.007 -0.108 -0.017 -0.327 -0.029 0 -0.767 0.011
