
 Log information for the data set datasetJMG5v5nv10out0_2.dat >>

 alpha = 0.05 sepVal = 0.21

 Number of clusters >> 5

 cluster sizes >>
50 50 50 50 50

 Number of data points >> 250

 Number of dimensions >> 15

 Number of noisy dimensions >> 10

 noisy variables >>
1 2 4 5 6 7 9 12 14 15

 Number of outliers >> 0

 initial eigenvalues for each cluster >> 
 (rows correspond to clusters)
7.481 1.99 6.814 4.424 7.6
1.379 2.757 8.755 1.653 2.781
8.367 6.669 6.91 7.703 6.949
8.545 1.035 5.472 7.27 2.992
2.092 5.815 6.83 6.091 7.834

 Mean vectors and covariance matrices before rotation --- 1th cluster >>

 mean vector (mu'=Q*mu)>>
-7.609 0 0 0 0 3.846 3.171 2.573 1.161 4.234 0.025 3.868 3.566 1.813 2.265

 covariance matrix (Sigma'=Q*Sigma*t(Q))>>

7.352 0.363 0.282 0.22 -0.181 0 0 0 0 0 0 0 0 0 0
0.363 2.03 0.162 0.034 0.232 0 0 0 0 0 0 0 0 0 0
0.282 0.162 7.058 0.107 0.146 0 0 0 0 0 0 0 0 0 0
0.22 0.034 0.107 4.45 0.138 0 0 0 0 0 0 0 0 0 0
-0.181 0.232 0.146 0.138 7.418 0 0 0 0 0 0 0 0 0 0
0 0 0 0 0 16.88 -1.777 -0.087 2.278 -1.656 2.69 -1.007 -2.9 -0.345 2.924
0 0 0 0 0 -1.777 23.602 -0.105 0.241 -0.778 0.188 -0.31 -0.826 -0.143 0.043
0 0 0 0 0 -0.087 -0.105 18.467 0.167 -0.085 0.203 -0.062 -0.181 -0.019 0.23
0 0 0 0 0 2.278 0.241 0.167 7.712 0.668 1.122 0.072 0.068 0.101 1.55
0 0 0 0 0 -1.656 -0.778 -0.085 0.668 20.159 0.729 -0.422 -1.172 -0.167 0.693
0 0 0 0 0 2.69 0.188 0.203 1.122 0.729 11.491 0.026 -0.099 0.104 2.119
0 0 0 0 0 -1.007 -0.31 -0.062 0.072 -0.422 0.026 25.916 -0.409 -0.076 -0.07
0 0 0 0 0 -2.9 -0.826 -0.181 0.068 -1.172 -0.099 -0.409 27.272 -0.209 -0.407
0 0 0 0 0 -0.345 -0.143 -0.019 0.101 -0.167 0.104 -0.076 -0.209 21.854 0.088
0 0 0 0 0 2.924 0.043 0.23 1.55 0.693 2.119 -0.07 -0.407 0.088 15.023

 Mean vectors and covariance matrices before rotation --- 2th cluster >>

 mean vector (mu'=Q*mu)>>
7.609 0 0 0 0 3.846 3.171 2.573 1.161 4.234 0.025 3.868 3.566 1.813 2.265

 covariance matrix (Sigma'=Q*Sigma*t(Q))>>

3.065 -0.581 -1.932 0.081 -0.44 0 0 0 0 0 0 0 0 0 0
-0.581 3.904 -0.521 -0.236 -0.232 0 0 0 0 0 0 0 0 0 0
-1.932 -0.521 12.954 -0.64 -0.387 0 0 0 0 0 0 0 0 0 0
0.081 -0.236 -0.64 2.481 -0.178 0 0 0 0 0 0 0 0 0 0
-0.44 -0.232 -0.387 -0.178 4.076 0 0 0 0 0 0 0 0 0 0
0 0 0 0 0 16.88 -1.777 -0.087 2.278 -1.656 2.69 -1.007 -2.9 -0.345 2.924
0 0 0 0 0 -1.777 23.602 -0.105 0.241 -0.778 0.188 -0.31 -0.826 -0.143 0.043
0 0 0 0 0 -0.087 -0.105 18.467 0.167 -0.085 0.203 -0.062 -0.181 -0.019 0.23
0 0 0 0 0 2.278 0.241 0.167 7.712 0.668 1.122 0.072 0.068 0.101 1.55
0 0 0 0 0 -1.656 -0.778 -0.085 0.668 20.159 0.729 -0.422 -1.172 -0.167 0.693
0 0 0 0 0 2.69 0.188 0.203 1.122 0.729 11.491 0.026 -0.099 0.104 2.119
0 0 0 0 0 -1.007 -0.31 -0.062 0.072 -0.422 0.026 25.916 -0.409 -0.076 -0.07
0 0 0 0 0 -2.9 -0.826 -0.181 0.068 -1.172 -0.099 -0.409 27.272 -0.209 -0.407
0 0 0 0 0 -0.345 -0.143 -0.019 0.101 -0.167 0.104 -0.076 -0.209 21.854 0.088
0 0 0 0 0 2.924 0.043 0.23 1.55 0.693 2.119 -0.07 -0.407 0.088 15.023

 Mean vectors and covariance matrices before rotation --- 3th cluster >>

 mean vector (mu'=Q*mu)>>
0 13.178 0 0 0 3.846 3.171 2.573 1.161 4.234 0.025 3.868 3.566 1.813 2.265

 covariance matrix (Sigma'=Q*Sigma*t(Q))>>

8.533 0.055 0.55 0.058 0.481 0 0 0 0 0 0 0 0 0 0
0.055 7.568 0.042 0.022 0.037 0 0 0 0 0 0 0 0 0 0
0.55 0.042 8.313 0.243 0.428 0 0 0 0 0 0 0 0 0 0
0.058 0.022 0.243 8.83 0.216 0 0 0 0 0 0 0 0 0 0
0.481 0.037 0.428 0.216 8.265 0 0 0 0 0 0 0 0 0 0
0 0 0 0 0 16.88 -1.777 -0.087 2.278 -1.656 2.69 -1.007 -2.9 -0.345 2.924
0 0 0 0 0 -1.777 23.602 -0.105 0.241 -0.778 0.188 -0.31 -0.826 -0.143 0.043
0 0 0 0 0 -0.087 -0.105 18.467 0.167 -0.085 0.203 -0.062 -0.181 -0.019 0.23
0 0 0 0 0 2.278 0.241 0.167 7.712 0.668 1.122 0.072 0.068 0.101 1.55
0 0 0 0 0 -1.656 -0.778 -0.085 0.668 20.159 0.729 -0.422 -1.172 -0.167 0.693
0 0 0 0 0 2.69 0.188 0.203 1.122 0.729 11.491 0.026 -0.099 0.104 2.119
0 0 0 0 0 -1.007 -0.31 -0.062 0.072 -0.422 0.026 25.916 -0.409 -0.076 -0.07
0 0 0 0 0 -2.9 -0.826 -0.181 0.068 -1.172 -0.099 -0.409 27.272 -0.209 -0.407
0 0 0 0 0 -0.345 -0.143 -0.019 0.101 -0.167 0.104 -0.076 -0.209 21.854 0.088
0 0 0 0 0 2.924 0.043 0.23 1.55 0.693 2.119 -0.07 -0.407 0.088 15.023

 Mean vectors and covariance matrices before rotation --- 4th cluster >>

 mean vector (mu'=Q*mu)>>
0 4.393 12.425 0 0 3.846 3.171 2.573 1.161 4.234 0.025 3.868 3.566 1.813 2.265

 covariance matrix (Sigma'=Q*Sigma*t(Q))>>

5.421 1.175 0.538 -0.351 1.676 0 0 0 0 0 0 0 0 0 0
1.175 1.48 0.813 0.389 0.85 0 0 0 0 0 0 0 0 0 0
0.538 0.813 6.542 0.354 1.407 0 0 0 0 0 0 0 0 0 0
-0.351 0.389 0.354 7.305 0.617 0 0 0 0 0 0 0 0 0 0
1.676 0.85 1.407 0.617 4.567 0 0 0 0 0 0 0 0 0 0
0 0 0 0 0 16.88 -1.777 -0.087 2.278 -1.656 2.69 -1.007 -2.9 -0.345 2.924
0 0 0 0 0 -1.777 23.602 -0.105 0.241 -0.778 0.188 -0.31 -0.826 -0.143 0.043
0 0 0 0 0 -0.087 -0.105 18.467 0.167 -0.085 0.203 -0.062 -0.181 -0.019 0.23
0 0 0 0 0 2.278 0.241 0.167 7.712 0.668 1.122 0.072 0.068 0.101 1.55
0 0 0 0 0 -1.656 -0.778 -0.085 0.668 20.159 0.729 -0.422 -1.172 -0.167 0.693
0 0 0 0 0 2.69 0.188 0.203 1.122 0.729 11.491 0.026 -0.099 0.104 2.119
0 0 0 0 0 -1.007 -0.31 -0.062 0.072 -0.422 0.026 25.916 -0.409 -0.076 -0.07
0 0 0 0 0 -2.9 -0.826 -0.181 0.068 -1.172 -0.099 -0.409 27.272 -0.209 -0.407
0 0 0 0 0 -0.345 -0.143 -0.019 0.101 -0.167 0.104 -0.076 -0.209 21.854 0.088
0 0 0 0 0 2.924 0.043 0.23 1.55 0.693 2.119 -0.07 -0.407 0.088 15.023

 Mean vectors and covariance matrices before rotation --- 5th cluster >>

 mean vector (mu'=Q*mu)>>
0 4.393 3.106 12.03 0 3.846 3.171 2.573 1.161 4.234 0.025 3.868 3.566 1.813 2.265

 covariance matrix (Sigma'=Q*Sigma*t(Q))>>

6.117 0 -0.642 -0.686 -1.731 0 0 0 0 0 0 0 0 0 0
0 5.815 0 0 0 0 0 0 0 0 0 0 0 0 0
-0.642 0 6.289 -0.844 -1.097 0 0 0 0 0 0 0 0 0 0
-0.686 0 -0.844 4.793 -1.741 0 0 0 0 0 0 0 0 0 0
-1.731 0 -1.097 -1.741 5.647 0 0 0 0 0 0 0 0 0 0
0 0 0 0 0 16.88 -1.777 -0.087 2.278 -1.656 2.69 -1.007 -2.9 -0.345 2.924
0 0 0 0 0 -1.777 23.602 -0.105 0.241 -0.778 0.188 -0.31 -0.826 -0.143 0.043
0 0 0 0 0 -0.087 -0.105 18.467 0.167 -0.085 0.203 -0.062 -0.181 -0.019 0.23
0 0 0 0 0 2.278 0.241 0.167 7.712 0.668 1.122 0.072 0.068 0.101 1.55
0 0 0 0 0 -1.656 -0.778 -0.085 0.668 20.159 0.729 -0.422 -1.172 -0.167 0.693
0 0 0 0 0 2.69 0.188 0.203 1.122 0.729 11.491 0.026 -0.099 0.104 2.119
0 0 0 0 0 -1.007 -0.31 -0.062 0.072 -0.422 0.026 25.916 -0.409 -0.076 -0.07
0 0 0 0 0 -2.9 -0.826 -0.181 0.068 -1.172 -0.099 -0.409 27.272 -0.209 -0.407
0 0 0 0 0 -0.345 -0.143 -0.019 0.101 -0.167 0.104 -0.076 -0.209 21.854 0.088
0 0 0 0 0 2.924 0.043 0.23 1.55 0.693 2.119 -0.07 -0.407 0.088 15.023

 Final eigenvalues for each cluster >> 
 (rows correspond to clusters)
28.325 26.073 24.205 21.886 21.018 19.319 18.468 12.234 9.921 7.6 7.481 6.928 6.814 4.424 1.99
28.325 26.073 24.205 21.886 21.018 19.319 18.468 13.381 12.234 9.921 6.928 4.25 4.214 2.526 2.108
28.325 26.073 24.205 21.886 21.018 19.319 18.468 12.234 9.921 9.489 8.737 7.881 7.837 7.564 6.928
28.325 26.073 24.205 21.886 21.018 19.319 18.468 12.234 9.921 8.545 7.27 6.928 5.472 2.992 1.035
28.325 26.073 24.205 21.886 21.018 19.319 18.468 12.234 9.921 7.834 6.928 6.83 6.091 5.815 2.092

 *************************************************

 ********************* rotation ******************

 *************************************************


 The orthogonal matrix Q >>
0.285 0.075 0.655 0.683 0.136
0.075 -0.996 0.038 0.04 0.008
0.655 0.038 -0.666 0.348 0.069
0.683 0.04 0.348 -0.637 0.072
0.136 0.008 0.069 0.072 -0.986

 Mean vectors and covariance matrices after rotation --- 1th cluster >>

 mean vector (mu'=Q*mu)>>
3.566 4.234 -0.567 1.813 3.868 1.161 0.025 -2.168 3.846 -5.194 -4.982 2.573 -1.033 2.265 3.171

 covariance matrix (Sigma'=Q*Sigma*t(Q))>>

27.272 -1.172 0 -0.209 -0.409 0.068 -0.099 0 -2.9 0 0 -0.181 0 -0.407 -0.826
-1.172 20.159 0 -0.167 -0.422 0.668 0.729 0 -1.656 0 0 -0.085 0 0.693 -0.778
0 0 2.001 0 0 0 0 0.086 0 -0.01 0.015 0 0.206 0 0
-0.209 -0.167 0 21.854 -0.076 0.101 0.104 0 -0.345 0 0 -0.019 0 0.088 -0.143
-0.409 -0.422 0 -0.076 25.916 0.072 0.026 0 -1.007 0 0 -0.062 0 -0.07 -0.31
0.068 0.668 0 0.101 0.072 7.712 1.122 0 2.278 0 0 0.167 0 1.55 0.241
-0.099 0.729 0 0.104 0.026 1.122 11.491 0 2.69 0 0 0.203 0 2.119 0.188
0 0 0.086 0 0 0 0 6.209 0 1.399 -0.403 0 -0.249 0 0
-2.9 -1.656 0 -0.345 -1.007 2.278 2.69 0 16.88 0 0 -0.087 0 2.924 -1.777
0 0 -0.01 0 0 0 0 1.399 0 6.025 0.653 0 0.291 0 0
0 0 0.015 0 0 0 0 -0.403 0 0.653 6.656 0 0.1 0 0
-0.181 -0.085 0 -0.019 -0.062 0.167 0.203 0 -0.087 0 0 18.467 0 0.23 -0.105
0 0 0.206 0 0 0 0 -0.249 0 0.291 0.1 0 7.416 0 0
-0.407 0.693 0 0.088 -0.07 1.55 2.119 0 2.924 0 0 0.23 0 15.023 0.043
-0.826 -0.778 0 -0.143 -0.31 0.241 0.188 0 -1.777 0 0 -0.105 0 0.043 23.602

 Mean vectors and covariance matrices after rotation --- 2th cluster >>

 mean vector (mu'=Q*mu)>>
3.566 4.234 0.567 1.813 3.868 1.161 0.025 2.168 3.846 5.194 4.982 2.573 1.033 2.265 3.171

 covariance matrix (Sigma'=Q*Sigma*t(Q))>>

27.272 -1.172 0 -0.209 -0.409 0.068 -0.099 0 -2.9 0 0 -0.181 0 -0.407 -0.826
-1.172 20.159 0 -0.167 -0.422 0.668 0.729 0 -1.656 0 0 -0.085 0 0.693 -0.778
0 0 4.044 0 0 0 0 0.705 0 0.451 -0.106 0 -0.057 0 0
-0.209 -0.167 0 21.854 -0.076 0.101 0.104 0 -0.345 0 0 -0.019 0 0.088 -0.143
-0.409 -0.422 0 -0.076 25.916 0.072 0.026 0 -1.007 0 0 -0.062 0 -0.07 -0.31
0.068 0.668 0 0.101 0.072 7.712 1.122 0 2.278 0 0 0.167 0 1.55 0.241
-0.099 0.729 0 0.104 0.026 1.122 11.491 0 2.69 0 0 0.203 0 2.119 0.188
0 0 0.705 0 0 0 0 5.555 0 1.462 -4.797 0 0.505 0 0
-2.9 -1.656 0 -0.345 -1.007 2.278 2.69 0 16.88 0 0 -0.087 0 2.924 -1.777
0 0 0.451 0 0 0 0 1.462 0 3.245 -2.133 0 0.33 0 0
0 0 -0.106 0 0 0 0 -4.797 0 -2.133 9.387 0 -0.342 0 0
-0.181 -0.085 0 -0.019 -0.062 0.167 0.203 0 -0.087 0 0 18.467 0 0.23 -0.105
0 0 -0.057 0 0 0 0 0.505 0 0.33 -0.342 0 4.248 0 0
-0.407 0.693 0 0.088 -0.07 1.55 2.119 0 2.924 0 0 0.23 0 15.023 0.043
-0.826 -0.778 0 -0.143 -0.31 0.241 0.188 0 -1.777 0 0 -0.105 0 0.043 23.602

 Mean vectors and covariance matrices after rotation --- 3th cluster >>

 mean vector (mu'=Q*mu)>>
3.566 4.234 -13.121 1.813 3.868 1.161 0.025 0.983 3.846 0.522 0.501 2.573 0.104 2.265 3.171

 covariance matrix (Sigma'=Q*Sigma*t(Q))>>

27.272 -1.172 0 -0.209 -0.409 0.068 -0.099 0 -2.9 0 0 -0.181 0 -0.407 -0.826
-1.172 20.159 0 -0.167 -0.422 0.668 0.729 0 -1.656 0 0 -0.085 0 0.693 -0.778
0 0 7.568 0 0 0 0 0.073 0 0.019 0.019 0 -0.016 0 0
-0.209 -0.167 0 21.854 -0.076 0.101 0.104 0 -0.345 0 0 -0.019 0 0.088 -0.143
-0.409 -0.422 0 -0.076 25.916 0.072 0.026 0 -1.007 0 0 -0.062 0 -0.07 -0.31
0.068 0.668 0 0.101 0.072 7.712 1.122 0 2.278 0 0 0.167 0 1.55 0.241
-0.099 0.729 0 0.104 0.026 1.122 11.491 0 2.69 0 0 0.203 0 2.119 0.188
0 0 0.073 0 0 0 0 9.174 0 0.181 0.326 0 -0.414 0 0
-2.9 -1.656 0 -0.345 -1.007 2.278 2.69 0 16.88 0 0 -0.087 0 2.924 -1.777
0 0 0.019 0 0 0 0 0.181 0 8.78 0.013 0 -0.282 0 0
0 0 0.019 0 0 0 0 0.326 0 0.013 7.919 0 -0.086 0 0
-0.181 -0.085 0 -0.019 -0.062 0.167 0.203 0 -0.087 0 0 18.467 0 0.23 -0.105
0 0 -0.016 0 0 0 0 -0.414 0 -0.282 -0.086 0 8.069 0 0
-0.407 0.693 0 0.088 -0.07 1.55 2.119 0 2.924 0 0 0.23 0 15.023 0.043
-0.826 -0.778 0 -0.143 -0.31 0.241 0.188 0 -1.777 0 0 -0.105 0 0.043 23.602

 Mean vectors and covariance matrices after rotation --- 4th cluster >>

 mean vector (mu'=Q*mu)>>
3.566 4.234 -3.902 1.813 3.868 1.161 0.025 8.464 3.846 4.497 -8.112 2.573 0.894 2.265 3.171

 covariance matrix (Sigma'=Q*Sigma*t(Q))>>

27.272 -1.172 0 -0.209 -0.409 0.068 -0.099 0 -2.9 0 0 -0.181 0 -0.407 -0.826
-1.172 20.159 0 -0.167 -0.422 0.668 0.729 0 -1.656 0 0 -0.085 0 0.693 -0.778
0 0 1.243 0 0 0 0 -0.791 0 -0.711 -0.288 0 0.445 0 0
-0.209 -0.167 0 21.854 -0.076 0.101 0.104 0 -0.345 0 0 -0.019 0 0.088 -0.143
-0.409 -0.422 0 -0.076 25.916 0.072 0.026 0 -1.007 0 0 -0.062 0 -0.07 -0.31
0.068 0.668 0 0.101 0.072 7.712 1.122 0 2.278 0 0 0.167 0 1.55 0.241
-0.099 0.729 0 0.104 0.026 1.122 11.491 0 2.69 0 0 0.203 0 2.119 0.188
0 0 -0.791 0 0 0 0 7.803 0 -0.038 0.051 0 -1.471 0 0
-2.9 -1.656 0 -0.345 -1.007 2.278 2.69 0 16.88 0 0 -0.087 0 2.924 -1.777
0 0 -0.711 0 0 0 0 -0.038 0 6.965 -0.39 0 -1.155 0 0
0 0 -0.288 0 0 0 0 0.051 0 -0.39 5.428 0 -0.376 0 0
-0.181 -0.085 0 -0.019 -0.062 0.167 0.203 0 -0.087 0 0 18.467 0 0.23 -0.105
0 0 0.445 0 0 0 0 -1.471 0 -1.155 -0.376 0 3.876 0 0
-0.407 0.693 0 0.088 -0.07 1.55 2.119 0 2.924 0 0 0.23 0 15.023 0.043
-0.826 -0.778 0 -0.143 -0.31 0.241 0.188 0 -1.777 0 0 -0.105 0 0.043 23.602

 Mean vectors and covariance matrices after rotation --- 5th cluster >>

 mean vector (mu'=Q*mu)>>
3.566 4.234 -3.779 1.813 3.868 1.161 0.025 10.574 3.846 -6.412 2.283 2.573 1.117 2.265 3.171

 covariance matrix (Sigma'=Q*Sigma*t(Q))>>

27.272 -1.172 0 -0.209 -0.409 0.068 -0.099 0 -2.9 0 0 -0.181 0 -0.407 -0.826
-1.172 20.159 0 -0.167 -0.422 0.668 0.729 0 -1.656 0 0 -0.085 0 0.693 -0.778
0 0 5.801 0 0 0 0 -0.186 0 0.016 -0.045 0 0.217 0 0
-0.209 -0.167 0 21.854 -0.076 0.101 0.104 0 -0.345 0 0 -0.019 0 0.088 -0.143
-0.409 -0.422 0 -0.076 25.916 0.072 0.026 0 -1.007 0 0 -0.062 0 -0.07 -0.31
0.068 0.668 0 0.101 0.072 7.712 1.122 0 2.278 0 0 0.167 0 1.55 0.241
-0.099 0.729 0 0.104 0.026 1.122 11.491 0 2.69 0 0 0.203 0 2.119 0.188
0 0 -0.186 0 0 0 0 3.65 0 -0.019 -1.034 0 2.085 0 0
-2.9 -1.656 0 -0.345 -1.007 2.278 2.69 0 16.88 0 0 -0.087 0 2.924 -1.777
0 0 0.016 0 0 0 0 -0.019 0 6.199 -0.045 0 0.495 0 0
0 0 -0.045 0 0 0 0 -1.034 0 -0.045 6.53 0 0.939 0 0
-0.181 -0.085 0 -0.019 -0.062 0.167 0.203 0 -0.087 0 0 18.467 0 0.23 -0.105
0 0 0.217 0 0 0 0 2.085 0 0.495 0.939 0 6.481 0 0
-0.407 0.693 0 0.088 -0.07 1.55 2.119 0 2.924 0 0 0.23 0 15.023 0.043
-0.826 -0.778 0 -0.143 -0.31 0.241 0.188 0 -1.777 0 0 -0.105 0 0.043 23.602

 Final eigenvalues for each cluster >> 
 (rows correspond to clusters)
28.325 26.073 24.205 21.886 21.018 19.319 18.468 12.234 9.921 7.6 7.481 6.928 6.814 4.424 1.99
28.325 26.073 24.205 21.886 21.018 19.319 18.468 13.381 12.234 9.921 6.928 4.25 4.214 2.526 2.108
28.325 26.073 24.205 21.886 21.018 19.319 18.468 12.234 9.921 9.489 8.737 7.881 7.837 7.564 6.928
28.325 26.073 24.205 21.886 21.018 19.319 18.468 12.234 9.921 8.545 7.27 6.928 5.472 2.992 1.035
28.325 26.073 24.205 21.886 21.018 19.319 18.468 12.234 9.921 7.834 6.928 6.83 6.091 5.815 2.092

 theoretical Separation index matrix >>

-1 0.278 0.264 0.21 0.291
0.278 -1 0.233 0.21 0.318
0.264 0.233 -1 0.257 0.21
0.21 0.21 0.257 -1 0.214
0.291 0.318 0.21 0.214 -1

 theoretical projection directions >>

**** cluster 1 and 2
0 0 -0.002 0 0 0 0 0.348 0 0.735 0.577 0 0.073 0 0

**** cluster 1 and 3
0 0 -0.941 0 0 0 0 0.119 0 0.215 0.224 0 0.062 0 0

**** cluster 1 and 4
0 0 -0.615 0 0 0 0 0.515 0 0.49 -0.196 0 0.278 0 0

**** cluster 1 and 5
0 0 -0.206 0 0 0 0 0.864 0 -0.158 0.427 0 -0.061 0 0

**** cluster 2 and 3
0 0 -0.908 0 0 0 0 -0.061 0 -0.315 -0.261 0 -0.071 0 0

**** cluster 2 and 4
0 0 -0.707 0 0 0 0 0.124 0 -0.224 -0.658 0 -0.039 0 0

**** cluster 2 and 5
0 0 -0.227 0 0 0 0 0.644 0 -0.723 0.06 0 -0.085 0 0

**** cluster 3 and 4
0 0 0.835 0 0 0 0 0.334 0 0.2 -0.379 0 0.081 0 0

**** cluster 3 and 5
0 0 0.59 0 0 0 0 0.687 0 -0.392 0.151 0 -0.054 0 0

**** cluster 4 and 5
0 0 0.021 0 0 0 0 0.22 0 -0.661 0.713 0 -0.079 0 0

 empirical Separation index matrix (alpha= 0.05 )>>

-1 0.329 0.321 0.287 0.441
0.329 -1 0.343 0.329 0.314
0.321 0.343 -1 0.322 0.304
0.287 0.329 0.322 -1 0.284
0.441 0.314 0.304 0.284 -1

 empirical projection directions >>

**** cluster 1 and 2
0.018 0.038 0.224 0.051 -0.031 0.017 0.046 -0.83 -0.04 0.111 -0.483 -0.004 -0.033 -0.068 0.014

**** cluster 1 and 3
-0.073 0.112 -0.134 -0.058 -0.023 0.067 -0.099 -0.324 -0.092 0.571 -0.707 0.056 -0.046 -0.01 -0.024

**** cluster 1 and 4
0.032 0.067 -0.57 -0.039 -0.026 -0.006 0.045 -0.646 -0.054 0.424 -0.247 0.015 -0.032 0 -0.047

**** cluster 1 and 5
0.015 0.046 0.196 -0.108 -0.029 -0.078 0.02 -0.61 0.019 0.74 -0.025 -0.026 -0.01 -0.103 0.086

**** cluster 2 and 3
-0.033 0.037 -0.711 0.009 0.022 -0.096 0.046 0.528 0.011 0.297 -0.202 0.006 0.253 0.071 0.057

**** cluster 2 and 4
0.025 -0.026 -0.929 -0.002 -0.03 -0.083 -0.083 0.078 0.058 0.228 0.146 -0.056 0.155 0.064 -0.084

**** cluster 2 and 5
-0.047 -0.006 0.065 0.009 -0.019 0.082 -0.06 0.322 -0.045 0.719 0.579 -0.014 0.148 0.032 -0.028

**** cluster 3 and 4
0.001 -0.111 -0.875 0.003 0.009 -0.116 0.009 -0.286 -0.054 -0.173 0.28 -0.007 0.123 0.027 0.004

**** cluster 3 and 5
-0.023 -0.068 0.721 -0.078 0.021 -0.019 -0.063 -0.329 -0.011 0.265 0.523 -0.079 0.036 0.035 -0.051

**** cluster 4 and 5
0.013 0.04 0.921 0.015 0.02 -0.01 0.013 0.051 0.042 0.292 0.235 0.003 0.025 0.04 0.032
