
 Log information for the data set datasetJLG3v10nv3out0_1.dat >>

 alpha = 0.05 sepVal = 0.01

 Number of clusters >> 3

 cluster sizes >>
50 50 50

 Number of data points >> 150

 Number of dimensions >> 13

 Number of noisy dimensions >> 3

 noisy variables >>
5 9 12

 Number of outliers >> 0

 initial eigenvalues for each cluster >> 
 (rows correspond to clusters)
8.475 5.83 8.7 2.456 9.651 6.677 2.122 3.832 9.268 3.366
5.36 4.391 3.284 7.475 9.887 7.24 6.766 5.471 3.047 1.397
4.121 2.344 1.281 6.171 9.942 4.035 9.335 7.08 1.901 5.907

 Mean vectors and covariance matrices before rotation --- 1th cluster >>

 mean vector (mu'=Q*mu)>>
-4.405 0 0 0 0 0 0 0 0 0 0.266 1.048 2.058

 covariance matrix (Sigma'=Q*Sigma*t(Q))>>

4.972 0.026 -0.626 0.114 -0.525 -0.249 1.825 0.442 -0.635 1.403 0 0 0
0.026 5.958 -0.005 0.037 -0.028 0.117 0.568 0.184 -0.024 0.524 0 0 0
-0.626 -0.005 8.589 0.018 -0.091 -0.053 0.282 0.065 -0.111 0.21 0 0 0
0.114 0.037 0.018 2.463 0.008 0.042 0.112 0.041 0.012 0.112 0 0 0
-0.525 -0.028 -0.091 0.008 9.58 -0.066 0.129 0.02 -0.088 0.078 0 0 0
-0.249 0.117 -0.053 0.042 -0.066 6.762 0.652 0.199 -0.071 0.579 0 0 0
1.825 0.568 0.282 0.112 0.129 0.652 3.813 0.619 0.2 1.694 0 0 0
0.442 0.184 0.065 0.041 0.02 0.199 0.619 4.05 0.038 0.602 0 0 0
-0.635 -0.024 -0.111 0.012 -0.088 -0.071 0.2 0.038 9.159 0.134 0 0 0
1.403 0.524 0.21 0.112 0.078 0.579 1.694 0.602 0.134 5.03 0 0 0
0 0 0 0 0 0 0 0 0 0 8.984 -0.846 1.682
0 0 0 0 0 0 0 0 0 0 -0.846 10.614 0.382
0 0 0 0 0 0 0 0 0 0 1.682 0.382 8.524

 Mean vectors and covariance matrices before rotation --- 2th cluster >>

 mean vector (mu'=Q*mu)>>
4.405 0 0 0 0 0 0 0 0 0 0.266 1.048 2.058

 covariance matrix (Sigma'=Q*Sigma*t(Q))>>

6.512 0.107 0.928 -0.166 -1.576 -0.512 -0.159 0.247 0.08 1.609 0 0 0
0.107 4.398 0.057 -0.001 -0.054 0.002 0.01 0.024 0.005 0.09 0 0 0
0.928 0.057 3.688 0.036 -0.169 0.175 0.162 0.216 0.034 0.592 0 0 0
-0.166 -0.001 0.036 7.415 -0.315 -0.216 -0.12 -0.044 0.004 0.115 0 0 0
-1.576 -0.054 -0.169 -0.315 8.523 -1.18 -0.711 -0.393 -0.011 0.052 0 0 0
-0.512 0.002 0.175 -0.216 -1.18 6.463 -0.425 -0.139 0.017 0.488 0 0 0
-0.159 0.01 0.162 -0.12 -0.711 -0.425 6.543 -0.049 0.015 0.372 0 0 0
0.247 0.024 0.216 -0.044 -0.393 -0.139 -0.049 5.523 0.019 0.38 0 0 0
0.08 0.005 0.034 0.004 -0.011 0.017 0.015 0.019 3.05 0.049 0 0 0
1.609 0.09 0.592 0.115 0.052 0.488 0.372 0.38 0.049 2.202 0 0 0
0 0 0 0 0 0 0 0 0 0 8.984 -0.846 1.682
0 0 0 0 0 0 0 0 0 0 -0.846 10.614 0.382
0 0 0 0 0 0 0 0 0 0 1.682 0.382 8.524

 Mean vectors and covariance matrices before rotation --- 3th cluster >>

 mean vector (mu'=Q*mu)>>
0 7.63 0 0 0 0 0 0 0 0 0.266 1.048 2.058

 covariance matrix (Sigma'=Q*Sigma*t(Q))>>

5.909 0.862 1.07 -0.324 -0.888 0.465 -1.85 -1.083 0.855 -0.073 0 0 0
0.862 2.915 0.338 0.035 -0.122 0.284 -0.234 -0.035 0.288 0.015 0 0 0
1.07 0.338 1.783 0.086 -0.072 0.35 -0.121 0.073 0.311 0.029 0 0 0
-0.324 0.035 0.086 6.705 -0.225 -0.096 -0.489 -0.385 0.052 -0.042 0 0 0
-0.888 -0.122 -0.072 -0.225 10.832 -0.279 -0.509 -0.481 -0.089 -0.063 0 0 0
0.465 0.284 0.35 -0.096 -0.279 4.651 -0.579 -0.332 0.281 -0.021 0 0 0
-1.85 -0.234 -0.121 -0.489 -0.509 -0.579 9.25 -1.055 -0.164 -0.136 0 0 0
-1.083 -0.035 0.073 -0.385 -0.481 -0.332 -1.055 6.989 0.012 -0.104 0 0 0
0.855 0.288 0.311 0.052 -0.089 0.281 -0.164 0.012 2.382 0.019 0 0 0
-0.073 0.015 0.029 -0.042 -0.063 -0.021 -0.136 -0.104 0.019 6.56 0 0 0
0 0 0 0 0 0 0 0 0 0 8.984 -0.846 1.682
0 0 0 0 0 0 0 0 0 0 -0.846 10.614 0.382
0 0 0 0 0 0 0 0 0 0 1.682 0.382 8.524

 Final eigenvalues for each cluster >> 
 (rows correspond to clusters)
11.044 10.214 9.651 9.268 8.7 8.475 6.864 6.677 5.83 3.832 3.366 2.456 2.122
11.044 10.214 9.887 7.475 7.24 6.864 6.766 5.471 5.36 4.391 3.284 3.047 1.397
11.06 11.044 10.385 10.214 7.876 6.864 6.864 6.571 4.584 4.489 2.607 2.115 1.425

 *************************************************

 ********************* rotation ******************

 *************************************************


 The orthogonal matrix Q >>
0.092 0.174 0.096 0.407 0.238 0.056 0.479 0.394 0.255 0.526
0.174 -0.972 0.015 0.065 0.038 0.009 0.077 0.063 0.041 0.084
0.096 0.015 -0.991 0.036 0.021 0.005 0.042 0.035 0.023 0.046
0.407 0.065 0.036 -0.848 0.089 0.021 0.179 0.147 0.095 0.196
0.238 0.038 0.021 0.089 -0.948 0.012 0.104 0.086 0.055 0.114
0.056 0.009 0.005 0.021 0.012 -0.997 0.025 0.02 0.013 0.027
0.479 0.077 0.042 0.179 0.104 0.025 -0.79 0.173 0.112 0.231
0.394 0.063 0.035 0.147 0.086 0.02 0.173 -0.858 0.092 0.19
0.255 0.041 0.023 0.095 0.055 0.013 0.112 0.092 -0.941 0.123
0.526 0.084 0.046 0.196 0.114 0.027 0.231 0.19 0.123 -0.747

 Mean vectors and covariance matrices after rotation --- 1th cluster >>

 mean vector (mu'=Q*mu)>>
-0.248 -0.768 -1.793 -2.317 1.048 -1.122 -2.111 -1.736 2.058 -0.425 -0.405 0.266 -1.046

 covariance matrix (Sigma'=Q*Sigma*t(Q))>>

6.721 0.031 -0.019 0.302 0 -0.16 0.386 0.06 0 -0.071 -0.593 0 -0.155
0.031 5.819 0.142 0.048 0 -0.117 0.093 0.039 0 0.009 -0.25 0 -0.132
-0.019 0.142 3.71 0.296 0 0.423 0.183 0.673 0 0.288 2.156 0 0.35
0.302 0.048 0.296 3.426 0 -0.227 0.106 0.038 0 0.221 0.215 0 -0.312
0 0 0 0 10.614 0 0 0 0.382 0 0 -0.846 0
-0.16 -0.117 0.423 -0.227 0 9.185 -0.191 0.077 0 -0.03 -0.347 0 -0.089
0.386 0.093 0.183 0.106 0 -0.191 2.252 0.011 0 0.269 0.481 0 -0.283
0.06 0.039 0.673 0.038 0 0.077 0.011 4.106 0 0.19 0.878 0 0.016
0 0 0 0 0.382 0 0 0 8.524 0 0 1.682 0
-0.071 0.009 0.288 0.221 0 -0.03 0.269 0.19 0 8.647 -0.21 0 -0.025
-0.593 -0.25 2.156 0.215 0 -0.347 0.481 0.878 0 -0.21 6.956 0 -0.368
0 0 0 0 -0.846 0 0 0 1.682 0 0 8.984 0
-0.155 -0.132 0.35 -0.312 0 -0.089 -0.283 0.016 0 -0.025 -0.368 0 9.555

 Mean vectors and covariance matrices after rotation --- 2th cluster >>

 mean vector (mu'=Q*mu)>>
0.248 0.768 1.793 2.317 1.048 1.122 2.111 1.736 2.058 0.425 0.405 0.266 1.046

 covariance matrix (Sigma'=Q*Sigma*t(Q))>>

6.557 0.157 0.117 0.924 0 0.267 -0.018 0.189 0 0.192 0.365 0 -0.883
0.157 4.458 0.05 0.177 0 0.166 0.12 0.093 0 -0.122 0.2 0 0.294
0.117 0.05 7.331 0.053 0 0.252 -0.104 -0.081 0 -0.43 -0.498 0 0.377
0.924 0.177 0.053 2.183 0 0.399 0.448 0.378 0 0.001 1.306 0 0.973
0 0 0 0 10.614 0 0 0 0.382 0 0 -0.846 0
0.267 0.166 0.252 0.399 0 3.393 0.379 0.287 0 -0.187 0.679 0 0.597
-0.018 0.12 -0.104 0.448 0 0.379 6.697 0.019 0 -0.36 -0.241 0 0.171
0.189 0.093 -0.081 0.378 0 0.287 0.019 5.531 0 -0.225 0.045 0 0.303
0 0 0 0 0.382 0 0 0 8.524 0 0 1.682 0
0.192 -0.122 -0.43 0.001 0 -0.187 -0.36 -0.225 0 3.471 -0.347 0 -0.266
0.365 0.2 -0.498 1.306 0 0.679 -0.241 0.045 0 -0.347 5.337 0 0.218
0 0 0 0 -0.846 0 0 0 1.682 0 0 8.984 0
-0.883 0.294 0.377 0.973 0 0.597 0.171 0.303 0 -0.266 0.218 0 9.359

 Mean vectors and covariance matrices after rotation --- 3th cluster >>

 mean vector (mu'=Q*mu)>>
0.069 -7.418 0.496 0.641 1.048 0.31 0.584 0.48 2.058 0.118 1.33 0.266 0.289

 covariance matrix (Sigma'=Q*Sigma*t(Q))>>

4.637 0.231 -0.147 -0.125 0 0.23 -0.598 -0.322 0 0.284 0.324 0 -0.301
0.231 2.718 -0.199 -0.406 0 0.084 -0.381 -0.078 0 0.116 0.225 0 -0.234
-0.147 -0.199 6.69 -0.338 0 -0.092 -0.208 0.028 0 -0.307 -0.388 0 -0.178
-0.125 -0.406 -0.338 5.822 0 -0.34 -0.098 0.163 0 -0.544 -0.895 0 -0.162
0 0 0 0 10.614 0 0 0 0.382 0 0 -0.846 0
0.23 0.084 -0.092 -0.34 0 2.207 -0.147 0.141 0 0.033 0.455 0 -0.138
-0.598 -0.381 -0.208 -0.098 0 -0.147 9.931 -0.279 0 -0.513 -1.125 0 -0.278
-0.322 -0.078 0.028 0.163 0 0.141 -0.279 7.804 0 -0.206 0.004 0 -0.185
0 0 0 0 0.382 0 0 0 8.524 0 0 1.682 0
0.284 0.116 -0.307 -0.544 0 0.033 -0.513 -0.206 0 1.598 0.012 0 -0.287
0.324 0.225 -0.388 -0.895 0 0.455 -1.125 0.004 0 0.012 5.676 0 -0.774
0 0 0 0 -0.846 0 0 0 1.682 0 0 8.984 0
-0.301 -0.234 -0.178 -0.162 0 -0.138 -0.278 -0.185 0 -0.287 -0.774 0 10.893

 Final eigenvalues for each cluster >> 
 (rows correspond to clusters)
11.044 10.214 9.651 9.268 8.7 8.475 6.864 6.677 5.83 3.832 3.366 2.456 2.122
11.044 10.214 9.887 7.475 7.24 6.864 6.766 5.471 5.36 4.391 3.284 3.047 1.397
11.06 11.044 10.385 10.214 7.876 6.864 6.864 6.571 4.584 4.489 2.607 2.115 1.425

 theoretical Separation index matrix >>

-1 0.01 0.01
0.01 -1 0.084
0.01 0.084 -1

 theoretical projection directions >>

**** cluster 1 and 2
-0.051 0.114 0.287 0.758 0 0.138 0.437 0.316 0 0.06 -0.1 0 0.067

**** cluster 1 and 3
0.064 -0.84 0.191 0.326 0 0.158 0.227 0.17 0 0.102 0.16 0 0.082

**** cluster 2 and 3
0.028 -0.954 -0.092 -0.198 0 -0.09 -0.085 -0.069 0 -0.108 0.091 0 -0.02

 empirical Separation index matrix (alpha= 0.05 )>>

-1 0.095 0.105
0.095 -1 0.062
0.105 0.062 -1

 empirical projection directions >>

**** cluster 1 and 2
-0.006 0.876 -0.04 0.252 0.024 0.052 -0.004 -0.015 -0.057 0.279 -0.225 0.177 0.023

**** cluster 1 and 3
-0.045 0.781 -0.267 -0.462 -0.041 -0.116 -0.126 -0.129 -0.084 -0.079 -0.088 0.003 -0.188

**** cluster 2 and 3
0.107 0.045 -0.399 -0.69 0.046 -0.085 -0.471 -0.277 -0.142 0.045 0.116 0.072 -0.054
