
 Log information for the data set datasetJMG3v2nv10out0_2.dat >>

 alpha = 0.05 sepVal = 0.21

 Number of clusters >> 3

 cluster sizes >>
50 50 50

 Number of data points >> 150

 Number of dimensions >> 12

 Number of noisy dimensions >> 10

 noisy variables >>
1 2 3 4 6 7 8 9 11 12

 Number of outliers >> 0

 initial eigenvalues for each cluster >> 
 (rows correspond to clusters)
6.766 3.585
6.177 9.044
1.119 8.53

 Mean vectors and covariance matrices before rotation --- 1th cluster >>

 mean vector (mu'=Q*mu)>>
-8.714 0 4.164 2.523 1.89 0.8 0.584 0.703 4.734 2.571 0.985 1.582

 covariance matrix (Sigma'=Q*Sigma*t(Q))>>

9.262 0.964 0 0 0 0 0 0 0 0 0 0
0.964 17.146 0 0 0 0 0 0 0 0 0 0
0 0 58.046 -0.057 0.474 -0.619 0.438 0.021 -0.133 -0.271 0.012 0.134
0 0 -0.057 59.456 0.007 -0.034 0.004 0 -0.01 -0.016 -0.004 -0.001
0 0 0.474 0.007 57.784 0.064 0.583 0.034 0.098 0.055 0.135 0.24
0 0 -0.619 -0.034 0.064 59.135 0.038 0 -0.107 -0.168 -0.04 -0.01
0 0 0.438 0.004 0.583 0.038 57.962 0.035 0.092 0.044 0.135 0.245
0 0 0.021 0 0.034 0 0.035 57.556 0.005 0.001 0.008 0.014
0 0 -0.133 -0.01 0.098 -0.107 0.092 0.005 58.753 -0.046 0.006 0.03
0 0 -0.271 -0.016 0.055 -0.168 0.044 0.001 -0.046 59.209 -0.013 0.006
0 0 0.012 -0.004 0.135 -0.04 0.135 0.008 0.006 -0.013 58.117 0.052
0 0 0.134 -0.001 0.24 -0.01 0.245 0.014 0.03 0.006 0.052 57.734

 Mean vectors and covariance matrices before rotation --- 2th cluster >>

 mean vector (mu'=Q*mu)>>
8.714 0 4.164 2.523 1.89 0.8 0.584 0.703 4.734 2.571 0.985 1.582

 covariance matrix (Sigma'=Q*Sigma*t(Q))>>

7.643 -1.433 0 0 0 0 0 0 0 0 0 0
-1.433 7.578 0 0 0 0 0 0 0 0 0 0
0 0 58.046 -0.057 0.474 -0.619 0.438 0.021 -0.133 -0.271 0.012 0.134
0 0 -0.057 59.456 0.007 -0.034 0.004 0 -0.01 -0.016 -0.004 -0.001
0 0 0.474 0.007 57.784 0.064 0.583 0.034 0.098 0.055 0.135 0.24
0 0 -0.619 -0.034 0.064 59.135 0.038 0 -0.107 -0.168 -0.04 -0.01
0 0 0.438 0.004 0.583 0.038 57.962 0.035 0.092 0.044 0.135 0.245
0 0 0.021 0 0.034 0 0.035 57.556 0.005 0.001 0.008 0.014
0 0 -0.133 -0.01 0.098 -0.107 0.092 0.005 58.753 -0.046 0.006 0.03
0 0 -0.271 -0.016 0.055 -0.168 0.044 0.001 -0.046 59.209 -0.013 0.006
0 0 0.012 -0.004 0.135 -0.04 0.135 0.008 0.006 -0.013 58.117 0.052
0 0 0.134 -0.001 0.24 -0.01 0.245 0.014 0.03 0.006 0.052 57.734

 Mean vectors and covariance matrices before rotation --- 3th cluster >>

 mean vector (mu'=Q*mu)>>
0 15.093 4.164 2.523 1.89 0.8 0.584 0.703 4.734 2.571 0.985 1.582

 covariance matrix (Sigma'=Q*Sigma*t(Q))>>

3.864 -3.578 0 0 0 0 0 0 0 0 0 0
-3.578 5.786 0 0 0 0 0 0 0 0 0 0
0 0 58.046 -0.057 0.474 -0.619 0.438 0.021 -0.133 -0.271 0.012 0.134
0 0 -0.057 59.456 0.007 -0.034 0.004 0 -0.01 -0.016 -0.004 -0.001
0 0 0.474 0.007 57.784 0.064 0.583 0.034 0.098 0.055 0.135 0.24
0 0 -0.619 -0.034 0.064 59.135 0.038 0 -0.107 -0.168 -0.04 -0.01
0 0 0.438 0.004 0.583 0.038 57.962 0.035 0.092 0.044 0.135 0.245
0 0 0.021 0 0.034 0 0.035 57.556 0.005 0.001 0.008 0.014
0 0 -0.133 -0.01 0.098 -0.107 0.092 0.005 58.753 -0.046 0.006 0.03
0 0 -0.271 -0.016 0.055 -0.168 0.044 0.001 -0.046 59.209 -0.013 0.006
0 0 0.012 -0.004 0.135 -0.04 0.135 0.008 0.006 -0.013 58.117 0.052
0 0 0.134 -0.001 0.24 -0.01 0.245 0.014 0.03 0.006 0.052 57.734

 Final eigenvalues for each cluster >> 
 (rows correspond to clusters)
59.497 59.46 59.286 58.872 58.774 58.093 57.635 57.554 57.363 57.218 17.262 9.145
59.497 59.46 59.286 58.872 58.774 58.093 57.635 57.554 57.363 57.218 9.044 6.177
59.497 59.46 59.286 58.872 58.774 58.093 57.635 57.554 57.363 57.218 8.53 1.119

 *************************************************

 ********************* rotation ******************

 *************************************************


 The orthogonal matrix Q >>
0.779 0.627
0.627 -0.779

 Mean vectors and covariance matrices after rotation --- 1th cluster >>

 mean vector (mu'=Q*mu)>>
0.8 4.734 2.523 0.584 -5.465 4.164 0.985 2.571 1.582 -6.787 0.703 1.89

 covariance matrix (Sigma'=Q*Sigma*t(Q))>>

59.135 -0.107 -0.034 0.038 0 -0.619 -0.04 -0.168 -0.01 0 0 0.064
-0.107 58.753 -0.01 0.092 0 -0.133 0.006 -0.046 0.03 0 0.005 0.098
-0.034 -0.01 59.456 0.004 0 -0.057 -0.004 -0.016 -0.001 0 0 0.007
0.038 0.092 0.004 57.962 0 0.438 0.135 0.044 0.245 0 0.035 0.583
0 0 0 0 13.102 0 0 0 0 -4.057 0 0
-0.619 -0.133 -0.057 0.438 0 58.046 0.012 -0.271 0.134 0 0.021 0.474
-0.04 0.006 -0.004 0.135 0 0.012 58.117 -0.013 0.052 0 0.008 0.135
-0.168 -0.046 -0.016 0.044 0 -0.271 -0.013 59.209 0.006 0 0.001 0.055
-0.01 0.03 -0.001 0.245 0 0.134 0.052 0.006 57.734 0 0.014 0.24
0 0 0 0 -4.057 0 0 0 0 13.305 0 0
0 0.005 0 0.035 0 0.021 0.008 0.001 0.014 0 57.556 0.034
0.064 0.098 0.007 0.583 0 0.474 0.135 0.055 0.24 0 0.034 57.784

 Mean vectors and covariance matrices after rotation --- 2th cluster >>

 mean vector (mu'=Q*mu)>>
0.8 4.734 2.523 0.584 5.465 4.164 0.985 2.571 1.582 6.787 0.703 1.89

 covariance matrix (Sigma'=Q*Sigma*t(Q))>>

59.135 -0.107 -0.034 0.038 0 -0.619 -0.04 -0.168 -0.01 0 0 0.064
-0.107 58.753 -0.01 0.092 0 -0.133 0.006 -0.046 0.03 0 0.005 0.098
-0.034 -0.01 59.456 0.004 0 -0.057 -0.004 -0.016 -0.001 0 0 0.007
0.038 0.092 0.004 57.962 0 0.438 0.135 0.044 0.245 0 0.035 0.583
0 0 0 0 9.004 0 0 0 0 0.337 0 0
-0.619 -0.133 -0.057 0.438 0 58.046 0.012 -0.271 0.134 0 0.021 0.474
-0.04 0.006 -0.004 0.135 0 0.012 58.117 -0.013 0.052 0 0.008 0.135
-0.168 -0.046 -0.016 0.044 0 -0.271 -0.013 59.209 0.006 0 0.001 0.055
-0.01 0.03 -0.001 0.245 0 0.134 0.052 0.006 57.734 0 0.014 0.24
0 0 0 0 0.337 0 0 0 0 6.217 0 0
0 0.005 0 0.035 0 0.021 0.008 0.001 0.014 0 57.556 0.034
0.064 0.098 0.007 0.583 0 0.474 0.135 0.055 0.24 0 0.034 57.784

 Mean vectors and covariance matrices after rotation --- 3th cluster >>

 mean vector (mu'=Q*mu)>>
0.8 4.734 2.523 0.584 -11.755 4.164 0.985 2.571 1.582 9.467 0.703 1.89

 covariance matrix (Sigma'=Q*Sigma*t(Q))>>

59.135 -0.107 -0.034 0.038 0 -0.619 -0.04 -0.168 -0.01 0 0 0.064
-0.107 58.753 -0.01 0.092 0 -0.133 0.006 -0.046 0.03 0 0.005 0.098
-0.034 -0.01 59.456 0.004 0 -0.057 -0.004 -0.016 -0.001 0 0 0.007
0.038 0.092 0.004 57.962 0 0.438 0.135 0.044 0.245 0 0.035 0.583
0 0 0 0 8.526 0 0 0 0 -0.176 0 0
-0.619 -0.133 -0.057 0.438 0 58.046 0.012 -0.271 0.134 0 0.021 0.474
-0.04 0.006 -0.004 0.135 0 0.012 58.117 -0.013 0.052 0 0.008 0.135
-0.168 -0.046 -0.016 0.044 0 -0.271 -0.013 59.209 0.006 0 0.001 0.055
-0.01 0.03 -0.001 0.245 0 0.134 0.052 0.006 57.734 0 0.014 0.24
0 0 0 0 -0.176 0 0 0 0 1.124 0 0
0 0.005 0 0.035 0 0.021 0.008 0.001 0.014 0 57.556 0.034
0.064 0.098 0.007 0.583 0 0.474 0.135 0.055 0.24 0 0.034 57.784

 Final eigenvalues for each cluster >> 
 (rows correspond to clusters)
59.497 59.46 59.286 58.872 58.774 58.093 57.635 57.554 57.363 57.218 17.262 9.145
59.497 59.46 59.286 58.872 58.774 58.093 57.635 57.554 57.363 57.218 9.044 6.177
59.497 59.46 59.286 58.872 58.774 58.093 57.635 57.554 57.363 57.218 8.53 1.119

 theoretical Separation index matrix >>

-1 0.21 0.277
0.21 -1 0.21
0.277 0.21 -1

 theoretical projection directions >>

**** cluster 1 and 2
0 0 0 0 0.608 0 0 0 0 0.794 0 0

**** cluster 1 and 3
0 0 0 0 -0.049 0 0 0 0 0.999 0 0

**** cluster 2 and 3
0 0 0 0 -0.929 0 0 0 0 0.369 0 0

 empirical Separation index matrix (alpha= 0.05 )>>

-1 0.283 0.17
0.283 -1 0.233
0.17 0.233 -1

 empirical projection directions >>

**** cluster 1 and 2
0.018 -0.005 0.004 -0.003 0.001 -0.006 -0.002 -0.014 0.047 -0.997 0.037 -0.032

**** cluster 1 and 3
0.061 0.053 -0.063 -0.043 0.907 -0.074 0.049 -0.012 0.044 -0.393 -0.002 -0.016

**** cluster 2 and 3
-0.022 -0.014 -0.004 -0.029 0.595 -0.011 0.033 -0.041 -0.035 0.799 -0.037 0.015
