
 Log information for the data set datasetJHG5v5nv10out0_3.dat >>

 alpha = 0.05 sepVal = 0.34

 Number of clusters >> 5

 cluster sizes >>
50 50 50 50 50

 Number of data points >> 250

 Number of dimensions >> 15

 Number of noisy dimensions >> 10

 noisy variables >>
1 2 3 5 8 9 11 13 14 15

 Number of outliers >> 0

 initial eigenvalues for each cluster >> 
 (rows correspond to clusters)
4.674 5.408 2.493 9.505 2.377
2.871 5.463 6.22 8.498 3.49
5.762 1.946 3.614 3.548 3.399
4.029 9.792 3.484 7.718 6.898
9.134 1.161 6.547 7.187 9.821

 Mean vectors and covariance matrices before rotation --- 1th cluster >>

 mean vector (mu'=Q*mu)>>
-10.232 0 0 0 0 1.132 3.268 0.561 5.683 4.493 0.743 2.023 3.555 0.641 5.062

 covariance matrix (Sigma'=Q*Sigma*t(Q))>>

2.964 -0.893 0.421 -0.727 0.228 0 0 0 0 0 0 0 0 0 0
-0.893 4.984 -0.072 -0.294 -0.016 0 0 0 0 0 0 0 0 0 0
0.421 -0.072 4.374 -0.402 0.86 0 0 0 0 0 0 0 0 0 0
-0.727 -0.294 -0.402 9.366 -0.171 0 0 0 0 0 0 0 0 0 0
0.228 -0.016 0.86 -0.171 2.769 0 0 0 0 0 0 0 0 0 0
0 0 0 0 0 36.481 -5.412 -1.135 -1.569 -3.433 -3.214 -0.854 -0.323 -4.239 -0.455
0 0 0 0 0 -5.412 32.501 -2.017 -5.993 -5.297 -8.597 -1.443 -1.035 -4.685 -0.597
0 0 0 0 0 -1.135 -2.017 39.496 -1.377 -1.225 -1.979 -0.333 -0.238 -1.088 -0.138
0 0 0 0 0 -1.569 -5.993 -1.377 30.399 -3.647 -5.755 -0.988 -0.688 -3.309 -0.416
0 0 0 0 0 -3.433 -5.297 -1.225 -3.647 38.665 -5.227 -0.876 -0.63 -2.837 -0.362
0 0 0 0 0 -3.214 -8.597 -1.979 -5.755 -5.227 27.941 -1.419 -0.997 -4.706 -0.594
0 0 0 0 0 -0.854 -1.443 -0.333 -0.988 -0.876 -1.419 40.351 -0.171 -0.776 -0.099
0 0 0 0 0 -0.323 -1.035 -0.238 -0.688 -0.63 -0.997 -0.171 35.067 -0.569 -0.072
0 0 0 0 0 -4.239 -4.685 -1.088 -3.309 -2.837 -4.706 -0.776 -0.569 46.433 -0.317
0 0 0 0 0 -0.455 -0.597 -0.138 -0.416 -0.362 -0.594 -0.099 -0.072 -0.317 44.693

 Mean vectors and covariance matrices before rotation --- 2th cluster >>

 mean vector (mu'=Q*mu)>>
10.232 0 0 0 0 1.132 3.268 0.561 5.683 4.493 0.743 2.023 3.555 0.641 5.062

 covariance matrix (Sigma'=Q*Sigma*t(Q))>>

7.976 -0.19 -0.192 -2.583 0.614 0 0 0 0 0 0 0 0 0 0
-0.19 6.051 -0.324 -2.157 -0.139 0 0 0 0 0 0 0 0 0 0
-0.192 -0.324 8.04 -0.57 -0.062 0 0 0 0 0 0 0 0 0 0
-2.583 -2.157 -0.57 7.993 -0.606 0 0 0 0 0 0 0 0 0 0
0.614 -0.139 -0.062 -0.606 4.641 0 0 0 0 0 0 0 0 0 0
0 0 0 0 0 36.481 -5.412 -1.135 -1.569 -3.433 -3.214 -0.854 -0.323 -4.239 -0.455
0 0 0 0 0 -5.412 32.501 -2.017 -5.993 -5.297 -8.597 -1.443 -1.035 -4.685 -0.597
0 0 0 0 0 -1.135 -2.017 39.496 -1.377 -1.225 -1.979 -0.333 -0.238 -1.088 -0.138
0 0 0 0 0 -1.569 -5.993 -1.377 30.399 -3.647 -5.755 -0.988 -0.688 -3.309 -0.416
0 0 0 0 0 -3.433 -5.297 -1.225 -3.647 38.665 -5.227 -0.876 -0.63 -2.837 -0.362
0 0 0 0 0 -3.214 -8.597 -1.979 -5.755 -5.227 27.941 -1.419 -0.997 -4.706 -0.594
0 0 0 0 0 -0.854 -1.443 -0.333 -0.988 -0.876 -1.419 40.351 -0.171 -0.776 -0.099
0 0 0 0 0 -0.323 -1.035 -0.238 -0.688 -0.63 -0.997 -0.171 35.067 -0.569 -0.072
0 0 0 0 0 -4.239 -4.685 -1.088 -3.309 -2.837 -4.706 -0.776 -0.569 46.433 -0.317
0 0 0 0 0 -0.455 -0.597 -0.138 -0.416 -0.362 -0.594 -0.099 -0.072 -0.317 44.693

 Mean vectors and covariance matrices before rotation --- 3th cluster >>

 mean vector (mu'=Q*mu)>>
0 17.722 0 0 0 1.132 3.268 0.561 5.683 4.493 0.743 2.023 3.555 0.641 5.062

 covariance matrix (Sigma'=Q*Sigma*t(Q))>>

7.7 1.459 -0.029 -0.05 -0.076 0 0 0 0 0 0 0 0 0 0
1.459 6.838 0.164 0.388 3.206 0 0 0 0 0 0 0 0 0 0
-0.029 0.164 8.818 0.024 0.205 0 0 0 0 0 0 0 0 0 0
-0.05 0.388 0.024 8.704 0.492 0 0 0 0 0 0 0 0 0 0
-0.076 3.206 0.205 0.492 12.464 0 0 0 0 0 0 0 0 0 0
0 0 0 0 0 36.481 -5.412 -1.135 -1.569 -3.433 -3.214 -0.854 -0.323 -4.239 -0.455
0 0 0 0 0 -5.412 32.501 -2.017 -5.993 -5.297 -8.597 -1.443 -1.035 -4.685 -0.597
0 0 0 0 0 -1.135 -2.017 39.496 -1.377 -1.225 -1.979 -0.333 -0.238 -1.088 -0.138
0 0 0 0 0 -1.569 -5.993 -1.377 30.399 -3.647 -5.755 -0.988 -0.688 -3.309 -0.416
0 0 0 0 0 -3.433 -5.297 -1.225 -3.647 38.665 -5.227 -0.876 -0.63 -2.837 -0.362
0 0 0 0 0 -3.214 -8.597 -1.979 -5.755 -5.227 27.941 -1.419 -0.997 -4.706 -0.594
0 0 0 0 0 -0.854 -1.443 -0.333 -0.988 -0.876 -1.419 40.351 -0.171 -0.776 -0.099
0 0 0 0 0 -0.323 -1.035 -0.238 -0.688 -0.63 -0.997 -0.171 35.067 -0.569 -0.072
0 0 0 0 0 -4.239 -4.685 -1.088 -3.309 -2.837 -4.706 -0.776 -0.569 46.433 -0.317
0 0 0 0 0 -0.455 -0.597 -0.138 -0.416 -0.362 -0.594 -0.099 -0.072 -0.317 44.693

 Mean vectors and covariance matrices before rotation --- 4th cluster >>

 mean vector (mu'=Q*mu)>>
0 5.907 16.709 0 0 1.132 3.268 0.561 5.683 4.493 0.743 2.023 3.555 0.641 5.062

 covariance matrix (Sigma'=Q*Sigma*t(Q))>>

6.106 -0.512 0.572 -0.56 -1.147 0 0 0 0 0 0 0 0 0 0
-0.512 9.696 -0.089 -0.161 -0.465 0 0 0 0 0 0 0 0 0 0
0.572 -0.089 3.629 -0.085 -0.142 0 0 0 0 0 0 0 0 0 0
-0.56 -0.161 -0.085 7.467 -0.694 0 0 0 0 0 0 0 0 0 0
-1.147 -0.465 -0.142 -0.694 5.023 0 0 0 0 0 0 0 0 0 0
0 0 0 0 0 36.481 -5.412 -1.135 -1.569 -3.433 -3.214 -0.854 -0.323 -4.239 -0.455
0 0 0 0 0 -5.412 32.501 -2.017 -5.993 -5.297 -8.597 -1.443 -1.035 -4.685 -0.597
0 0 0 0 0 -1.135 -2.017 39.496 -1.377 -1.225 -1.979 -0.333 -0.238 -1.088 -0.138
0 0 0 0 0 -1.569 -5.993 -1.377 30.399 -3.647 -5.755 -0.988 -0.688 -3.309 -0.416
0 0 0 0 0 -3.433 -5.297 -1.225 -3.647 38.665 -5.227 -0.876 -0.63 -2.837 -0.362
0 0 0 0 0 -3.214 -8.597 -1.979 -5.755 -5.227 27.941 -1.419 -0.997 -4.706 -0.594
0 0 0 0 0 -0.854 -1.443 -0.333 -0.988 -0.876 -1.419 40.351 -0.171 -0.776 -0.099
0 0 0 0 0 -0.323 -1.035 -0.238 -0.688 -0.63 -0.997 -0.171 35.067 -0.569 -0.072
0 0 0 0 0 -4.239 -4.685 -1.088 -3.309 -2.837 -4.706 -0.776 -0.569 46.433 -0.317
0 0 0 0 0 -0.455 -0.597 -0.138 -0.416 -0.362 -0.594 -0.099 -0.072 -0.317 44.693

 Mean vectors and covariance matrices before rotation --- 5th cluster >>

 mean vector (mu'=Q*mu)>>
0 5.907 4.177 16.178 0 1.132 3.268 0.561 5.683 4.493 0.743 2.023 3.555 0.641 5.062

 covariance matrix (Sigma'=Q*Sigma*t(Q))>>

8.484 0.724 0.025 0.951 -0.53 0 0 0 0 0 0 0 0 0 0
0.724 1.249 0.007 0.348 0.199 0 0 0 0 0 0 0 0 0 0
0.025 0.007 6.548 0.018 0.005 0 0 0 0 0 0 0 0 0 0
0.951 0.348 0.018 8.009 0.159 0 0 0 0 0 0 0 0 0 0
-0.53 0.199 0.005 0.159 9.56 0 0 0 0 0 0 0 0 0 0
0 0 0 0 0 36.481 -5.412 -1.135 -1.569 -3.433 -3.214 -0.854 -0.323 -4.239 -0.455
0 0 0 0 0 -5.412 32.501 -2.017 -5.993 -5.297 -8.597 -1.443 -1.035 -4.685 -0.597
0 0 0 0 0 -1.135 -2.017 39.496 -1.377 -1.225 -1.979 -0.333 -0.238 -1.088 -0.138
0 0 0 0 0 -1.569 -5.993 -1.377 30.399 -3.647 -5.755 -0.988 -0.688 -3.309 -0.416
0 0 0 0 0 -3.433 -5.297 -1.225 -3.647 38.665 -5.227 -0.876 -0.63 -2.837 -0.362
0 0 0 0 0 -3.214 -8.597 -1.979 -5.755 -5.227 27.941 -1.419 -0.997 -4.706 -0.594
0 0 0 0 0 -0.854 -1.443 -0.333 -0.988 -0.876 -1.419 40.351 -0.171 -0.776 -0.099
0 0 0 0 0 -0.323 -1.035 -0.238 -0.688 -0.63 -0.997 -0.171 35.067 -0.569 -0.072
0 0 0 0 0 -4.239 -4.685 -1.088 -3.309 -2.837 -4.706 -0.776 -0.569 46.433 -0.317
0 0 0 0 0 -0.455 -0.597 -0.138 -0.416 -0.362 -0.594 -0.099 -0.072 -0.317 44.693

 Final eigenvalues for each cluster >> 
 (rows correspond to clusters)
48.89 44.733 41.879 41.229 40.59 39.962 36.262 35.186 34.364 9.505 8.93 5.408 4.674 2.493 2.377
48.89 44.733 41.879 41.229 40.59 39.962 36.262 35.186 34.364 11.11 8.93 8.132 7.143 4.563 3.754
48.89 44.733 41.879 41.229 40.59 39.962 36.262 35.186 34.364 14.044 8.93 8.808 8.647 8.284 4.743
48.89 44.733 41.879 41.229 40.59 39.962 36.262 35.186 34.364 9.792 8.93 7.718 6.898 4.029 3.484
48.89 44.733 41.879 41.229 40.59 39.962 36.262 35.186 34.364 9.821 9.134 8.93 7.187 6.547 1.161

 *************************************************

 ********************* rotation ******************

 *************************************************


 The orthogonal matrix Q >>
0.399 0.485 0.563 0.485 0.232
0.485 -0.832 0.195 0.168 0.08
0.563 0.195 -0.773 0.195 0.094
0.485 0.168 0.195 -0.832 0.08
0.232 0.08 0.094 0.08 -0.961

 Mean vectors and covariance matrices after rotation --- 1th cluster >>

 mean vector (mu'=Q*mu)>>
0.743 5.062 3.268 -4.958 0.641 -4.959 -4.078 3.555 0.561 -2.377 2.023 -5.765 1.132 5.683 4.493

 covariance matrix (Sigma'=Q*Sigma*t(Q))>>

27.941 -0.594 -8.597 0 -4.706 0 0 -0.997 -1.979 0 -1.419 0 -3.214 -5.755 -5.227
-0.594 44.693 -0.597 0 -0.317 0 0 -0.072 -0.138 0 -0.099 0 -0.455 -0.416 -0.362
-8.597 -0.597 32.501 0 -4.685 0 0 -1.035 -2.017 0 -1.443 0 -5.412 -5.993 -5.297
0 0 0 5.399 0 -0.619 0.018 0 0 -0.124 0 -0.243 0 0 0
-4.706 -0.317 -4.685 0 46.433 0 0 -0.569 -1.088 0 -0.776 0 -4.239 -3.309 -2.837
0 0 0 -0.619 0 8.302 -1.949 0 0 -0.634 0 -1.433 0 0 0
0 0 0 0.018 0 -1.949 4.77 0 0 -0.221 0 -0.404 0 0 0
-0.997 -0.072 -1.035 0 -0.569 0 0 35.067 -0.238 0 -0.171 0 -0.323 -0.688 -0.63
-1.979 -0.138 -2.017 0 -1.088 0 0 -0.238 39.496 0 -0.333 0 -1.135 -1.377 -1.225
0 0 0 -0.124 0 -0.634 -0.221 0 0 2.57 0 0.421 0 0 0
-1.419 -0.099 -1.443 0 -0.776 0 0 -0.171 -0.333 0 40.351 0 -0.854 -0.988 -0.876
0 0 0 -0.243 0 -1.433 -0.404 0 0 0.421 0 3.416 0 0 0
-3.214 -0.455 -5.412 0 -4.239 0 0 -0.323 -1.135 0 -0.854 0 36.481 -1.569 -3.433
-5.755 -0.416 -5.993 0 -3.309 0 0 -0.688 -1.377 0 -0.988 0 -1.569 30.399 -3.647
-5.227 -0.362 -5.297 0 -2.837 0 0 -0.63 -1.225 0 -0.876 0 -3.433 -3.647 38.665

 Mean vectors and covariance matrices after rotation --- 2th cluster >>

 mean vector (mu'=Q*mu)>>
0.743 5.062 3.268 4.958 0.641 4.959 4.078 3.555 0.561 2.377 2.023 5.765 1.132 5.683 4.493

 covariance matrix (Sigma'=Q*Sigma*t(Q))>>

27.941 -0.594 -8.597 0 -4.706 0 0 -0.997 -1.979 0 -1.419 0 -3.214 -5.755 -5.227
-0.594 44.693 -0.597 0 -0.317 0 0 -0.072 -0.138 0 -0.099 0 -0.455 -0.416 -0.362
-8.597 -0.597 32.501 0 -4.685 0 0 -1.035 -2.017 0 -1.443 0 -5.412 -5.993 -5.297
0 0 0 7.04 0 -0.249 0.659 0 0 0.035 0 0.071 0 0 0
-4.706 -0.317 -4.685 0 46.433 0 0 -0.569 -1.088 0 -0.776 0 -4.239 -3.309 -2.837
0 0 0 -0.249 0 10.82 0.918 0 0 0.008 0 0.893 0 0 0
0 0 0 0.659 0 0.918 4.64 0 0 0.154 0 -1.384 0 0 0
-0.997 -0.072 -1.035 0 -0.569 0 0 35.067 -0.238 0 -0.171 0 -0.323 -0.688 -0.63
-1.979 -0.138 -2.017 0 -1.088 0 0 -0.238 39.496 0 -0.333 0 -1.135 -1.377 -1.225
0 0 0 0.035 0 0.008 0.154 0 0 4.581 0 -0.222 0 0 0
-1.419 -0.099 -1.443 0 -0.776 0 0 -0.171 -0.333 0 40.351 0 -0.854 -0.988 -0.876
0 0 0 0.071 0 0.893 -1.384 0 0 -0.222 0 7.622 0 0 0
-3.214 -0.455 -5.412 0 -4.239 0 0 -0.323 -1.135 0 -0.854 0 36.481 -1.569 -3.433
-5.755 -0.416 -5.993 0 -3.309 0 0 -0.688 -1.377 0 -0.988 0 -1.569 30.399 -3.647
-5.227 -0.362 -5.297 0 -2.837 0 0 -0.63 -1.225 0 -0.876 0 -3.433 -3.647 38.665

 Mean vectors and covariance matrices after rotation --- 3th cluster >>

 mean vector (mu'=Q*mu)>>
0.743 5.062 3.268 -14.746 0.641 2.976 8.588 3.555 0.561 1.426 2.023 3.46 1.132 5.683 4.493

 covariance matrix (Sigma'=Q*Sigma*t(Q))>>

27.941 -0.594 -8.597 0 -4.706 0 0 -0.997 -1.979 0 -1.419 0 -3.214 -5.755 -5.227
-0.594 44.693 -0.597 0 -0.317 0 0 -0.072 -0.138 0 -0.099 0 -0.455 -0.416 -0.362
-8.597 -0.597 32.501 0 -4.685 0 0 -1.035 -2.017 0 -1.443 0 -5.412 -5.993 -5.297
0 0 0 5.439 0 -0.348 -0.156 0 0 1.968 0 -0.649 0 0 0
-4.706 -0.317 -4.685 0 46.433 0 0 -0.569 -1.088 0 -0.776 0 -4.239 -3.309 -2.837
0 0 0 -0.348 0 8.633 0.251 0 0 -0.428 0 -0.016 0 0 0
0 0 0 -0.156 0 0.251 10.033 0 0 -2.489 0 0.445 0 0 0
-0.997 -0.072 -1.035 0 -0.569 0 0 35.067 -0.238 0 -0.171 0 -0.323 -0.688 -0.63
-1.979 -0.138 -2.017 0 -1.088 0 0 -0.238 39.496 0 -0.333 0 -1.135 -1.377 -1.225
0 0 0 1.968 0 -0.428 -2.489 0 0 11.599 0 -0.844 0 0 0
-1.419 -0.099 -1.443 0 -0.776 0 0 -0.171 -0.333 0 40.351 0 -0.854 -0.988 -0.876
0 0 0 -0.649 0 -0.016 0.445 0 0 -0.844 0 8.821 0 0 0
-3.214 -0.455 -5.412 0 -4.239 0 0 -0.323 -1.135 0 -0.854 0 36.481 -1.569 -3.433
-5.755 -0.416 -5.993 0 -3.309 0 0 -0.688 -1.377 0 -0.988 0 -1.569 30.399 -3.647
-5.227 -0.362 -5.297 0 -2.837 0 0 -0.63 -1.225 0 -0.876 0 -3.433 -3.647 38.665

 Mean vectors and covariance matrices after rotation --- 4th cluster >>

 mean vector (mu'=Q*mu)>>
0.743 5.062 3.268 -1.653 0.641 4.255 12.277 3.555 0.561 2.039 2.023 -11.762 1.132 5.683 4.493

 covariance matrix (Sigma'=Q*Sigma*t(Q))>>

27.941 -0.594 -8.597 0 -4.706 0 0 -0.997 -1.979 0 -1.419 0 -3.214 -5.755 -5.227
-0.594 44.693 -0.597 0 -0.317 0 0 -0.072 -0.138 0 -0.099 0 -0.455 -0.416 -0.362
-8.597 -0.597 32.501 0 -4.685 0 0 -1.035 -2.017 0 -1.443 0 -5.412 -5.993 -5.297
0 0 0 8.976 0 -0.466 -1.64 0 0 0.187 0 -0.362 0 0 0
-4.706 -0.317 -4.685 0 46.433 0 0 -0.569 -1.088 0 -0.776 0 -4.239 -3.309 -2.837
0 0 0 -0.466 0 7.578 -0.491 0 0 0.156 0 0.126 0 0 0
0 0 0 -1.64 0 -0.491 5.585 0 0 1.187 0 0.888 0 0 0
-0.997 -0.072 -1.035 0 -0.569 0 0 35.067 -0.238 0 -0.171 0 -0.323 -0.688 -0.63
-1.979 -0.138 -2.017 0 -1.088 0 0 -0.238 39.496 0 -0.333 0 -1.135 -1.377 -1.225
0 0 0 0.187 0 0.156 1.187 0 0 5.813 0 0.886 0 0 0
-1.419 -0.099 -1.443 0 -0.776 0 0 -0.171 -0.333 0 40.351 0 -0.854 -0.988 -0.876
0 0 0 -0.362 0 0.126 0.888 0 0 0.886 0 3.969 0 0 0
-3.214 -0.455 -5.412 0 -4.239 0 0 -0.323 -1.135 0 -0.854 0 36.481 -1.569 -3.433
-5.755 -0.416 -5.993 0 -3.309 0 0 -0.688 -1.377 0 -0.988 0 -1.569 30.399 -3.647
-5.227 -0.362 -5.297 0 -2.837 0 0 -0.63 -1.225 0 -0.876 0 -3.433 -3.647 38.665

 Mean vectors and covariance matrices after rotation --- 5th cluster >>

 mean vector (mu'=Q*mu)>>
0.743 5.062 3.268 -1.383 0.641 -11.653 13.057 3.555 0.561 2.169 2.023 1.083 1.132 5.683 4.493

 covariance matrix (Sigma'=Q*Sigma*t(Q))>>

27.941 -0.594 -8.597 0 -4.706 0 0 -0.997 -1.979 0 -1.419 0 -3.214 -5.755 -5.227
-0.594 44.693 -0.597 0 -0.317 0 0 -0.072 -0.138 0 -0.099 0 -0.455 -0.416 -0.362
-8.597 -0.597 32.501 0 -4.685 0 0 -1.035 -2.017 0 -1.443 0 -5.412 -5.993 -5.297
0 0 0 2.808 0 0.663 2.706 0 0 0.677 0 1.265 0 0 0
-4.706 -0.317 -4.685 0 46.433 0 0 -0.569 -1.088 0 -0.776 0 -4.239 -3.309 -2.837
0 0 0 0.663 0 7.08 -0.657 0 0 0.042 0 -0.171 0 0 0
0 0 0 2.706 0 -0.657 6.936 0 0 -0.355 0 0.727 0 0 0
-0.997 -0.072 -1.035 0 -0.569 0 0 35.067 -0.238 0 -0.171 0 -0.323 -0.688 -0.63
-1.979 -0.138 -2.017 0 -1.088 0 0 -0.238 39.496 0 -0.333 0 -1.135 -1.377 -1.225
0 0 0 0.677 0 0.042 -0.355 0 0 9.661 0 0.296 0 0 0
-1.419 -0.099 -1.443 0 -0.776 0 0 -0.171 -0.333 0 40.351 0 -0.854 -0.988 -0.876
0 0 0 1.265 0 -0.171 0.727 0 0 0.296 0 7.365 0 0 0
-3.214 -0.455 -5.412 0 -4.239 0 0 -0.323 -1.135 0 -0.854 0 36.481 -1.569 -3.433
-5.755 -0.416 -5.993 0 -3.309 0 0 -0.688 -1.377 0 -0.988 0 -1.569 30.399 -3.647
-5.227 -0.362 -5.297 0 -2.837 0 0 -0.63 -1.225 0 -0.876 0 -3.433 -3.647 38.665

 Final eigenvalues for each cluster >> 
 (rows correspond to clusters)
48.89 44.733 41.879 41.229 40.59 39.962 36.262 35.186 34.364 9.505 8.93 5.408 4.674 2.493 2.377
48.89 44.733 41.879 41.229 40.59 39.962 36.262 35.186 34.364 11.11 8.93 8.132 7.143 4.563 3.754
48.89 44.733 41.879 41.229 40.59 39.962 36.262 35.186 34.364 14.044 8.93 8.808 8.647 8.284 4.743
48.89 44.733 41.879 41.229 40.59 39.962 36.262 35.186 34.364 9.792 8.93 7.718 6.898 4.029 3.484
48.89 44.733 41.879 41.229 40.59 39.962 36.262 35.186 34.364 9.821 9.134 8.93 7.187 6.547 1.161

 theoretical Separation index matrix >>

-1 0.41 0.378 0.423 0.34
0.41 -1 0.36 0.365 0.34
0.378 0.36 -1 0.34 0.388
0.423 0.365 0.34 -1 0.345
0.34 0.34 0.388 0.345 -1

 theoretical projection directions >>

**** cluster 1 and 2
0 0 0 0.372 0 0.344 0.516 0 0 0.332 0 0.605 0 0 0

**** cluster 1 and 3
0 0 0 -0.437 0 0.359 0.587 0 0 0.354 0 0.459 0 0 0

**** cluster 1 and 4
0 0 0 0.202 0 0.369 0.805 0 0 0.22 0 -0.357 0 0 0

**** cluster 1 and 5
0 0 0 -0.051 0 -0.045 0.895 0 0 0.258 0 0.357 0 0 0

**** cluster 2 and 3
0 0 0 -0.959 0 -0.096 0.224 0 0 0.114 0 -0.093 0 0 0

**** cluster 2 and 4
0 0 0 -0.21 0 0.009 0.401 0 0 0.002 0 -0.892 0 0 0

**** cluster 2 and 5
0 0 0 -0.576 0 -0.53 0.616 0 0 0.035 0 -0.083 0 0 0

**** cluster 3 and 4
0 0 0 0.549 0 0.09 0.299 0 0 -0.012 0 -0.775 0 0 0

**** cluster 3 and 5
0 0 0 0.873 0 -0.454 -0.072 0 0 -0.1 0 -0.125 0 0 0

**** cluster 4 and 5
0 0 0 -0.018 0 -0.67 -0.115 0 0 -0.037 0 0.732 0 0 0

 empirical Separation index matrix (alpha= 0.05 )>>

-1 0.374 0.418 0.423 0.407
0.374 -1 0.341 0.355 0.394
0.418 0.341 -1 0.388 0.508
0.423 0.355 0.388 -1 0.327
0.407 0.394 0.508 0.327 -1

 empirical projection directions >>

**** cluster 1 and 2
0.089 -0.052 0.045 -0.608 0.063 -0.503 0.534 0.033 -0.045 0.226 0.035 -0.075 0.024 0.105 0.055

**** cluster 1 and 3
0.038 -0.029 -0.085 -0.34 0.014 -0.389 -0.545 -0.001 0.043 -0.193 -0.07 -0.616 -0.012 0.009 0.051

**** cluster 1 and 4
0.075 -0.051 0.129 -0.871 0.091 -0.04 0.348 0.004 -0.028 0.194 0.009 -0.123 0.083 0.122 0.097

**** cluster 1 and 5
0.121 -0.068 0.002 -0.266 0.008 0.068 0.405 0.054 0.005 -0.015 0.008 -0.852 -0.001 0.088 0.069

**** cluster 2 and 3
0.021 -0.035 -0.032 -0.04 0.021 -0.127 -0.889 -0.114 0.083 -0.287 -0.068 -0.26 0.061 0.086 0.048

**** cluster 2 and 4
0.034 -0.024 0.017 -0.888 0.098 0.397 0.119 -0.025 0.022 0.102 -0.007 0.112 0.047 0.037 0.035

**** cluster 2 and 5
0.086 -0.045 0.107 0.053 0.048 0.715 0.157 0.01 0.064 -0.117 0.107 -0.628 0.065 0.086 0.058

**** cluster 3 and 4
-0.009 -0.001 -0.033 -0.452 0.026 0.409 0.626 0.038 -0.038 0.344 0.021 0.333 0.031 -0.007 -0.028

**** cluster 3 and 5
-0.011 0.01 -0.007 0.08 -0.059 0.402 0.758 0.053 -0.04 0.28 -0.011 -0.409 -0.051 0.008 -0.024

**** cluster 4 and 5
0.088 -0.077 0.035 0.617 -0.059 0.05 0.23 -0.001 0.028 -0.129 0.027 -0.725 0.013 -0.009 -0.026
