
 Log information for the data set datasetJHG5v10nv1out0_1.dat >>

 alpha = 0.05 sepVal = 0.34

 Number of clusters >> 5

 cluster sizes >>
50 50 50 50 50

 Number of data points >> 250

 Number of dimensions >> 11

 Number of noisy dimensions >> 1

 noisy variables >>
10

 Number of outliers >> 0

 initial eigenvalues for each cluster >> 
 (rows correspond to clusters)
7.869 1.216 8.033 3.744 2.272 3.354 4.786 7.589 8.375 8.769
4.138 6.403 3.01 3.222 4.203 4.199 2.713 8.708 9.734 1.727
5.431 6.194 6.579 7.649 9.867 1.677 8.32 6.896 2.86 7.466
1.467 7.516 2.966 2.845 2.704 4.687 8.374 5.87 2.926 3.121
9.54 6.71 5.265 4.849 9.747 9.528 8.657 6.233 5.597 2.004

 Mean vectors and covariance matrices before rotation --- 1th cluster >>

 mean vector (mu'=Q*mu)>>
-10.061 0 0 0 0 0 0 0 0 0 2.836

 covariance matrix (Sigma'=Q*Sigma*t(Q))>>

6.342 0.253 -0.115 1.124 2.073 0.147 0.446 -0.134 -0.679 -0.712 0
0.253 1.256 0.015 0.104 0.149 0.013 0.056 0.029 0.063 0.049 0
-0.115 0.015 8.18 0.063 0.119 0.008 0.024 -0.01 -0.045 -0.046 0
1.124 0.104 0.063 4.442 0.94 0.077 0.323 0.132 0.258 0.183 0
2.073 0.149 0.119 0.94 3.683 0.114 0.498 0.238 0.507 0.384 0
0.147 0.013 0.008 0.077 0.114 3.428 0.04 0.017 0.034 0.025 0
0.446 0.056 0.024 0.323 0.498 0.04 5.039 0.055 0.092 0.057 0
-0.134 0.029 -0.01 0.132 0.238 0.017 0.055 7.726 -0.06 -0.066 0
-0.679 0.063 -0.045 0.258 0.507 0.034 0.092 -0.06 8.29 -0.246 0
-0.712 0.049 -0.046 0.183 0.384 0.025 0.057 -0.066 -0.246 8.698 0
0 0 0 0 0 0 0 0 0 0 38.811

 Mean vectors and covariance matrices before rotation --- 2th cluster >>

 mean vector (mu'=Q*mu)>>
10.061 0 0 0 0 0 0 0 0 0 2.836

 covariance matrix (Sigma'=Q*Sigma*t(Q))>>

5.907 -0.312 0.33 0.462 0.385 0.317 0.895 -1.861 -1.616 1.049 0
-0.312 6.919 -0.005 -0.017 -0.101 -0.082 0.006 -0.489 -0.389 0.055 0
0.33 -0.005 3.374 0.083 0.098 0.081 0.147 -0.142 -0.136 0.156 0
0.462 -0.017 0.083 3.67 0.137 0.112 0.215 -0.241 -0.225 0.231 0
0.385 -0.101 0.098 0.137 4.741 0.09 0.267 -0.582 -0.504 0.316 0
0.317 -0.082 0.081 0.112 0.09 4.701 0.219 -0.476 -0.412 0.259 0
0.895 0.006 0.147 0.215 0.267 0.219 3.368 -0.298 -0.295 0.393 0
-1.861 -0.489 -0.142 -0.241 -0.582 -0.476 -0.298 8.109 -1.133 -0.136 0
-1.616 -0.389 -0.136 -0.225 -0.504 -0.412 -0.295 -1.133 9.874 -0.17 0
1.049 0.055 0.156 0.231 0.316 0.259 0.393 -0.136 -0.17 2.295 0
0 0 0 0 0 0 0 0 0 0 38.811

 Mean vectors and covariance matrices before rotation --- 3th cluster >>

 mean vector (mu'=Q*mu)>>
0 17.427 0 0 0 0 0 0 0 0 2.836

 covariance matrix (Sigma'=Q*Sigma*t(Q))>>

5.44 -0.17 -0.309 -0.771 -0.734 1.794 -0.305 -0.692 0.573 -0.483 0
-0.17 6.139 -0.083 -0.166 -0.138 0.23 -0.062 -0.169 0.065 -0.107 0
-0.309 -0.083 6.459 -0.227 -0.179 0.242 -0.083 -0.24 0.062 -0.146 0
-0.771 -0.166 -0.227 7.264 -0.275 0.184 -0.134 -0.435 0.02 -0.252 0
-0.734 -0.138 -0.179 -0.275 9.693 -0.038 -0.092 -0.332 -0.049 -0.182 0
1.794 0.23 0.242 0.184 -0.038 2.901 0.031 0.372 0.481 0.14 0
-0.305 -0.062 -0.083 -0.134 -0.092 0.031 8.273 -0.156 -0.005 -0.089 0
-0.692 -0.169 -0.24 -0.435 -0.332 0.372 -0.156 6.424 0.084 -0.282 0
0.573 0.065 0.062 0.02 -0.049 0.481 -0.005 0.084 3.042 0.021 0
-0.483 -0.107 -0.146 -0.252 -0.182 0.14 -0.089 -0.282 0.021 7.302 0
0 0 0 0 0 0 0 0 0 0 38.811

 Mean vectors and covariance matrices before rotation --- 4th cluster >>

 mean vector (mu'=Q*mu)>>
0 5.809 16.43 0 0 0 0 0 0 0 2.836

 covariance matrix (Sigma'=Q*Sigma*t(Q))>>

6.648 -0.208 0.876 0.383 0.353 -0.523 -1.709 -1.141 0.869 0.267 0
-0.208 12.475 -0.152 -0.058 -0.046 -0.181 -0.145 -0.171 -0.144 -0.056 0
0.876 -0.152 4.726 -0.06 -0.029 -0.848 -1.174 -1.051 -0.179 -0.098 0
0.383 -0.058 -0.06 4.714 -0.005 -0.313 -0.449 -0.396 -0.05 -0.031 0
0.353 -0.046 -0.029 -0.005 4.498 -0.24 -0.36 -0.311 -0.023 -0.018 0
-0.523 -0.181 -0.848 -0.313 -0.24 6.448 -1.347 -1.408 -0.794 -0.326 0
-1.709 -0.145 -1.174 -0.449 -0.36 -1.347 12.889 -1.253 -1.112 -0.432 0
-1.141 -0.171 -1.051 -0.396 -0.311 -1.408 -1.253 8.362 -0.99 -0.394 0
0.869 -0.144 -0.179 -0.05 -0.023 -0.794 -1.112 -0.99 4.709 -0.087 0
0.267 -0.056 -0.098 -0.031 -0.018 -0.326 -0.432 -0.394 -0.087 5.145 0
0 0 0 0 0 0 0 0 0 0 38.811

 Mean vectors and covariance matrices before rotation --- 5th cluster >>

 mean vector (mu'=Q*mu)>>
0 5.809 4.107 15.908 0 0 0 0 0 0 2.836

 covariance matrix (Sigma'=Q*Sigma*t(Q))>>

6.609 0.232 0.955 1.108 -0.313 -0.018 -0.564 0.106 0.542 1.128 0
0.232 6.996 0.538 0.567 0.016 0.001 0.173 0.088 0.338 0.417 0
0.955 0.538 6.194 0.961 0.084 0.006 0.443 0.16 0.593 0.656 0
1.108 0.567 0.961 5.839 0.099 0.007 0.489 0.167 0.615 0.665 0
-0.313 0.016 0.084 0.099 9.713 -0.002 -0.064 0.009 0.047 0.106 0
-0.018 0.001 0.006 0.007 -0.002 9.528 -0.004 0.001 0.003 0.007 0
-0.564 0.173 0.443 0.489 -0.064 -0.004 8.602 0.061 0.265 0.431 0
0.106 0.088 0.16 0.167 0.009 0.001 0.061 6.26 0.101 0.12 0
0.542 0.338 0.593 0.615 0.047 0.003 0.265 0.101 5.974 0.426 0
1.128 0.417 0.656 0.665 0.106 0.007 0.431 0.12 0.426 2.415 0
0 0 0 0 0 0 0 0 0 0 38.811

 Final eigenvalues for each cluster >> 
 (rows correspond to clusters)
38.811 8.938 8.537 8.188 8.02 7.736 4.878 3.816 3.419 2.315 1.24
38.811 10.727 9.596 7.056 4.632 4.627 4.56 3.551 3.317 2.99 1.903
38.811 9.867 8.32 7.649 7.466 6.896 6.579 6.194 5.431 2.86 1.677
38.811 13.922 12.495 9.758 7.791 5.189 4.931 4.864 4.729 4.496 2.439
38.811 9.747 9.54 9.528 8.657 6.71 6.233 5.597 5.265 4.849 2.004

 *************************************************

 ********************* rotation ******************

 *************************************************


 The orthogonal matrix Q >>
0.465 0.293 0.184 0.128 0.419 0.468 0.205 0.381 0.237 0.102
0.293 -0.942 0.037 0.026 0.084 0.094 0.041 0.076 0.047 0.02
0.184 0.037 -0.977 0.016 0.053 0.059 0.026 0.048 0.03 0.013
0.128 0.026 0.016 -0.989 0.037 0.041 0.018 0.033 0.021 0.009
0.419 0.084 0.053 0.037 -0.88 0.134 0.058 0.109 0.068 0.029
0.468 0.094 0.059 0.041 0.134 -0.85 0.065 0.122 0.076 0.033
0.205 0.041 0.026 0.018 0.058 0.065 -0.971 0.053 0.033 0.014
0.381 0.076 0.048 0.033 0.109 0.122 0.053 -0.901 0.062 0.026
0.237 0.047 0.03 0.021 0.068 0.076 0.033 0.062 -0.962 0.016
0.102 0.02 0.013 0.009 0.029 0.033 0.014 0.026 0.016 -0.993

 Mean vectors and covariance matrices after rotation --- 1th cluster >>

 mean vector (mu'=Q*mu)>>
-1.024 -1.849 -4.712 -1.289 -2.059 -4.211 -2.943 -4.676 -2.389 2.836 -3.833

 covariance matrix (Sigma'=Q*Sigma*t(Q))>>

8.802 0.042 0.362 0.111 0.121 0.444 0.282 0.044 -0.093 0 0.116
0.042 8.158 0.156 -0.193 -0.06 -0.184 0.148 -0.187 -0.001 0 -0.054
0.362 0.156 4.325 -0.433 0.052 -0.192 0.678 1.589 0.41 0 0.326
0.111 -0.193 -0.433 4.096 -0.004 0.181 -0.185 -0.842 -0.022 0 -0.397
0.121 -0.06 0.052 -0.004 4.879 0.025 0.109 -0.112 0.063 0 -0.119
0.444 -0.184 -0.192 0.181 0.025 2.42 0.052 -0.101 0.28 0 -0.387
0.282 0.148 0.678 -0.185 0.109 0.052 1.737 1.482 0.351 0 0.307
0.044 -0.187 1.589 -0.842 -0.112 -0.101 1.482 6.594 -0.196 0 -0.276
-0.093 -0.001 0.41 -0.022 0.063 0.28 0.351 -0.196 8.44 0 0.032
0 0 0 0 0 0 0 0 0 38.811 0
0.116 -0.054 0.326 -0.397 -0.119 -0.387 0.307 -0.276 0.032 0 7.635

 Mean vectors and covariance matrices after rotation --- 2th cluster >>

 mean vector (mu'=Q*mu)>>
1.024 1.849 4.712 1.289 2.059 4.211 2.943 4.676 2.389 2.836 3.833

 covariance matrix (Sigma'=Q*Sigma*t(Q))>>

2.078 -0.055 -0.248 0.057 0.099 -0.145 -0.238 -0.564 -0.262 0 -0.363
-0.055 3.322 0.001 -0.003 -0.018 0.013 -0.011 0.034 0.121 0 0.129
-0.248 0.001 4.636 -0.067 -0.14 -0.003 -0.011 -0.005 0.313 0 0.328
0.057 -0.003 -0.067 3.577 0.046 -0.033 -0.098 -0.132 -0.108 0 -0.152
0.099 -0.018 -0.14 0.046 3.066 -0.069 -0.17 -0.281 -0.146 0 -0.215
-0.145 0.013 -0.003 -0.033 -0.069 4.627 -0.058 -0.01 0.127 0 0.109
-0.238 -0.011 -0.011 -0.098 -0.17 -0.058 7.034 -0.163 0.121 0 0.104
-0.564 0.034 -0.005 -0.132 -0.281 -0.01 -0.163 4.533 0.592 0 0.559
-0.262 0.121 0.313 -0.108 -0.146 0.127 0.121 0.592 10.626 0 -0.109
0 0 0 0 0 0 0 0 0 38.811 0
-0.363 0.129 0.328 -0.152 -0.215 0.109 0.104 0.559 -0.109 0 9.461

 Mean vectors and covariance matrices after rotation --- 3th cluster >>

 mean vector (mu'=Q*mu)>>
0.354 0.64 1.63 0.446 0.712 1.457 -16.409 5.098 0.826 2.836 1.326

 covariance matrix (Sigma'=Q*Sigma*t(Q))>>

7.408 -0.021 0.263 -0.098 0.022 0.014 0.057 0.296 0.11 0 -0.023
-0.021 6.567 0.162 -0.032 -0.016 -0.095 0.024 0.15 0.07 0 -0.018
0.263 0.162 1.794 0.434 -0.193 -0.632 -0.062 0.138 0.044 0 0.203
-0.098 -0.032 0.434 7.484 0.046 0.057 0.099 0.507 0.181 0 -0.032
0.022 -0.016 -0.193 0.046 8.289 -0.119 -0.027 -0.216 -0.064 0 -0.019
0.014 -0.095 -0.632 0.057 -0.119 9.515 -0.152 -0.978 -0.239 0 -0.162
0.057 0.024 -0.062 0.099 -0.027 -0.152 6.206 0.045 -0.005 0 0.05
0.296 0.15 0.138 0.507 -0.216 -0.978 0.045 5.91 0.123 0 0.247
0.11 0.07 0.044 0.181 -0.064 -0.239 -0.005 0.123 2.884 0 0.099
0 0 0 0 0 0 0 0 0 38.811 0
-0.023 -0.018 0.203 -0.032 -0.019 -0.162 0.05 0.247 0.099 0 6.881

 Mean vectors and covariance matrices after rotation --- 4th cluster >>

 mean vector (mu'=Q*mu)>>
0.328 -15.838 1.509 0.413 0.659 1.349 -4.866 4.719 0.765 2.836 1.227

 covariance matrix (Sigma'=Q*Sigma*t(Q))>>

5.159 -0.085 -0.178 -0.025 -0.22 0.024 -0.139 0.276 -0.073 0 -0.218
-0.085 4.727 -0.637 -0.063 -0.815 -0.002 -0.337 0.72 -0.181 0 -0.777
-0.178 -0.637 7.521 -0.177 -0.197 0.307 -0.318 0.75 -0.529 0 -0.276
-0.025 -0.063 -0.177 4.708 -0.204 0.004 -0.194 0.239 -0.058 0 -0.214
-0.22 -0.815 -0.197 -0.204 13.689 0.487 0.221 0.976 -0.651 0 -0.205
0.024 -0.002 0.307 0.004 0.487 4.618 -0.427 0.2 0.005 0 0.365
-0.139 -0.337 -0.318 -0.194 0.221 -0.427 11.884 -1.939 -0.388 0 -0.121
0.276 0.72 0.75 0.239 0.976 0.2 -1.939 4.113 0.641 0 0.704
-0.073 -0.181 -0.529 -0.058 -0.651 0.005 -0.388 0.641 4.702 0 -0.643
0 0 0 0 0 0 0 0 0 38.811 0
-0.218 -0.777 -0.276 -0.214 -0.205 0.365 -0.121 0.704 -0.643 0 9.493

 Mean vectors and covariance matrices after rotation --- 5th cluster >>

 mean vector (mu'=Q*mu)>>
0.312 -3.544 1.437 -15.515 0.628 1.284 -4.912 4.493 0.728 2.836 1.168

 covariance matrix (Sigma'=Q*Sigma*t(Q))>>

2.174 0.313 -0.607 0.363 0.212 -0.421 0.035 -0.529 0.087 0 -0.314
0.313 5.739 -0.682 0.532 0.231 -0.491 0.11 -0.723 0.193 0 -0.282
-0.607 -0.682 8.974 -0.759 -0.019 -0.396 -0.339 -0.539 -0.407 0 -0.149
0.363 0.532 -0.759 5.461 0.217 -0.557 0.09 -0.956 0.191 0 -0.373
0.212 0.231 -0.019 0.217 8.695 -0.034 0.165 -0.083 0.2 0 0.18
-0.421 -0.491 -0.396 -0.557 -0.034 9.452 -0.226 -0.463 -0.269 0 -0.043
0.035 0.11 -0.339 0.09 0.165 -0.226 6.786 -0.078 0.084 0 -0.001
-0.529 -0.723 -0.539 -0.956 -0.083 -0.463 -0.078 8.766 -0.128 0 0.623
0.087 0.193 -0.407 0.191 0.2 -0.269 0.084 -0.128 5.7 0 -0.081
0 0 0 0 0 0 0 0 0 38.811 0
-0.314 -0.282 -0.149 -0.373 0.18 -0.043 -0.001 0.623 -0.081 0 6.383

 Final eigenvalues for each cluster >> 
 (rows correspond to clusters)
38.811 8.938 8.537 8.188 8.02 7.736 4.878 3.816 3.419 2.315 1.24
38.811 10.727 9.596 7.056 4.632 4.627 4.56 3.551 3.317 2.99 1.903
38.811 9.867 8.32 7.649 7.466 6.896 6.579 6.194 5.431 2.86 1.677
38.811 13.922 12.495 9.758 7.791 5.189 4.931 4.864 4.729 4.496 2.439
38.811 9.747 9.54 9.528 8.657 6.71 6.233 5.597 5.265 4.849 2.004

 theoretical Separation index matrix >>

-1 0.38 0.453 0.34 0.344
0.38 -1 0.34 0.43 0.408
0.453 0.34 -1 0.34 0.34
0.34 0.43 0.34 -1 0.398
0.344 0.408 0.34 0.398 -1

 theoretical projection directions >>

**** cluster 1 and 2
0.087 0.169 0.443 0.256 0.293 0.611 0.237 0.362 0.085 0 0.218

**** cluster 1 and 3
0.019 0.069 0.293 0.074 0.096 0.242 -0.825 0.354 0.095 0 0.145

**** cluster 1 and 4
0.032 -0.668 0.192 0.144 0.029 0.43 -0.059 0.521 0.122 0 0.141

**** cluster 1 and 5
0.115 -0.016 0.2 -0.804 0.135 0.296 -0.246 0.287 0.146 0 0.173

**** cluster 2 and 3
-0.063 -0.069 -0.321 -0.036 -0.101 -0.151 -0.918 0.012 -0.061 0 -0.081

**** cluster 2 and 4
-0.089 -0.939 -0.169 -0.07 -0.091 -0.121 -0.186 0.081 -0.067 0 -0.096

**** cluster 2 and 5
-0.094 -0.249 -0.194 -0.879 -0.04 -0.157 -0.266 -0.105 -0.034 0 -0.096

**** cluster 3 and 4
-0.015 -0.906 -0.059 -0.016 -0.049 0.014 0.381 0.155 -0.027 0 -0.059

**** cluster 3 and 5
0.016 -0.196 -0.03 -0.793 0.005 -0.028 0.57 -0.061 0.024 0 -0.035

**** cluster 4 and 5
0.015 0.607 0.005 -0.792 0.019 -0.014 -0.005 -0.057 0.013 0 0.016

 empirical Separation index matrix (alpha= 0.05 )>>

-1 0.459 0.459 0.413 0.355
0.459 -1 0.486 0.428 0.361
0.459 0.486 -1 0.333 0.35
0.413 0.428 0.333 -1 0.467
0.355 0.361 0.35 0.467 -1

 empirical projection directions >>

**** cluster 1 and 2
0.016 -0.052 -0.278 -0.934 0.078 0.02 -0.102 -0.09 -0.088 -0.004 -0.121

**** cluster 1 and 3
-0.21 -0.929 -0.081 0.03 -0.054 -0.175 -0.119 -0.052 -0.074 0.115 -0.129

**** cluster 1 and 4
-0.226 -0.36 -0.188 -0.188 -0.144 -0.641 -0.174 -0.455 -0.102 -0.052 -0.257

**** cluster 1 and 5
-0.263 -0.2 -0.076 -0.026 -0.053 -0.206 -0.846 -0.265 -0.215 0.032 -0.078

**** cluster 2 and 3
-0.135 -0.587 0.053 0.773 0.094 0.011 0.04 -0.055 0.005 0.058 -0.137

**** cluster 2 and 4
-0.21 -0.141 -0.07 0.749 0.018 -0.345 0.092 -0.365 -0.247 -0.053 -0.212

**** cluster 2 and 5
0.139 0.063 -0.015 0.781 -0.089 -0.096 -0.546 0.101 -0.199 0.039 -0.01

**** cluster 3 and 4
-0.007 0.693 -0.241 -0.136 -0.018 -0.15 -0.155 -0.601 -0.084 0.006 -0.169

**** cluster 3 and 5
-0.065 0.852 -0.069 -0.088 -0.052 -0.144 -0.428 -0.211 -0.075 0.029 -0.002

**** cluster 4 and 5
0.073 0.023 0.398 0.07 -0.027 0.198 -0.764 0.411 0.081 0.126 0.125
