
 Log information for the data set datasetJMG5v5nv1out0_3.dat >>

 alpha = 0.05 sepVal = 0.21

 Number of clusters >> 5

 cluster sizes >>
50 50 50 50 50

 Number of data points >> 250

 Number of dimensions >> 6

 Number of noisy dimensions >> 1

 noisy variables >>
1

 Number of outliers >> 0

 initial eigenvalues for each cluster >> 
 (rows correspond to clusters)
2.175 4.642 2.839 7.231 2.706
4.225 8.759 3.145 7.181 8.667
2.239 5.831 6.752 5.719 8.921
6.501 7.38 2.064 1.549 8.667
5.402 2.732 6.192 4.91 7.031

 Mean vectors and covariance matrices before rotation --- 1th cluster >>

 mean vector (mu'=Q*mu)>>
-8.04 0 0 0 0 0.411

 covariance matrix (Sigma'=Q*Sigma*t(Q))>>

10.608 -1.301 0.652 -5.064 0.189 0
-1.301 12.765 -0.863 -1.663 -0.168 0
0.652 -0.863 7.939 -2.696 -0.038 0
-5.064 -1.663 -2.696 17.714 -0.542 0
0.189 -0.168 -0.038 -0.542 7.853 0
0 0 0 0 0 18.321

 Mean vectors and covariance matrices before rotation --- 2th cluster >>

 mean vector (mu'=Q*mu)>>
8.04 0 0 0 0 0.411

 covariance matrix (Sigma'=Q*Sigma*t(Q))>>

4.657 -1.796 0.779 -0.044 -0.002 0
-1.796 7.843 -0.462 -0.029 -0.001 0
0.779 -0.462 3.63 -0.009 0 0
-0.044 -0.029 -0.009 7.18 0 0
-0.002 -0.001 0 0 8.667 0
0 0 0 0 0 18.321

 Mean vectors and covariance matrices before rotation --- 3th cluster >>

 mean vector (mu'=Q*mu)>>
0 13.926 0 0 0 0.411

 covariance matrix (Sigma'=Q*Sigma*t(Q))>>

5.863 -0.22 -1.225 -0.49 -1.28 0
-0.22 5.679 -0.534 -0.371 -0.367 0
-1.225 -0.534 4.929 -1.31 -1.202 0
-0.49 -0.371 -1.31 4.812 -0.905 0
-1.28 -0.367 -1.202 -0.905 8.179 0
0 0 0 0 0 18.321

 Mean vectors and covariance matrices before rotation --- 4th cluster >>

 mean vector (mu'=Q*mu)>>
0 4.642 13.13 0 0 0.411

 covariance matrix (Sigma'=Q*Sigma*t(Q))>>

7.526 -0.246 2.338 0.705 -1.486 0
-0.246 7.796 0.683 0.211 -0.79 0
2.338 0.683 3.943 0.488 0.808 0
0.705 0.211 0.488 1.826 0.263 0
-1.486 -0.79 0.808 0.263 7.374 0
0 0 0 0 0 18.321

 Mean vectors and covariance matrices before rotation --- 5th cluster >>

 mean vector (mu'=Q*mu)>>
0 4.642 3.282 12.713 0 0.411

 covariance matrix (Sigma'=Q*Sigma*t(Q))>>

5.259 1.735 -0.475 -0.045 -0.791 0
1.735 5.46 0.146 0.152 0.034 0
-0.475 0.146 7.818 -0.023 -0.153 0
-0.045 0.152 -0.023 6.283 -0.044 0
-0.791 0.034 -0.153 -0.044 8.784 0
0 0 0 0 0 18.321

 Final eigenvalues for each cluster >> 
 (rows correspond to clusters)
20.992 18.321 13.475 8.242 7.855 6.315
18.321 8.759 8.667 7.181 4.225 3.145
18.321 8.921 6.752 5.831 5.719 2.239
18.321 9.43 8.03 7.073 2.245 1.686
18.321 8.995 7.921 6.912 6.282 3.495

 *************************************************

 ********************* rotation ******************

 *************************************************


 The orthogonal matrix Q >>
0.729 0.442 0.279 0.442 0.021
0.442 -0.887 0.071 0.113 0.005
0.279 0.071 -0.955 0.071 0.003
0.442 0.113 0.071 -0.887 0.005
0.021 0.005 0.003 0.005 -1

 Mean vectors and covariance matrices after rotation --- 1th cluster >>

 mean vector (mu'=Q*mu)>>
0.411 -3.556 -5.858 -0.171 -2.239 -3.555

 covariance matrix (Sigma'=Q*Sigma*t(Q))>>

18.321 0 0 0 0 0
0 20.76 0.408 -0.469 -1.618 0.147
0 0.408 6.839 0.166 0.812 -0.663
0 -0.469 0.166 7.853 -0.032 -0.154
0 -1.618 0.812 -0.032 8.089 -0.564
0 0.147 -0.663 -0.154 -0.564 13.337

 Mean vectors and covariance matrices after rotation --- 2th cluster >>

 mean vector (mu'=Q*mu)>>
0.411 3.556 5.858 0.171 2.239 3.555

 covariance matrix (Sigma'=Q*Sigma*t(Q))>>

18.321 0 0 0 0 0
0 6.581 -1.21 -0.037 -0.44 0.103
0 -1.21 4.698 -0.09 -0.163 -0.101
0 -0.037 -0.09 8.665 -0.026 -0.003
0 -0.44 -0.163 -0.026 3.325 -0.432
0 0.103 -0.101 -0.003 -0.432 8.708

 Mean vectors and covariance matrices after rotation --- 3th cluster >>

 mean vector (mu'=Q*mu)>>
0.411 1.575 6.158 0.076 0.992 -12.351

 covariance matrix (Sigma'=Q*Sigma*t(Q))>>

18.321 0 0 0 0 0
0 5.547 0.698 -0.11 -0.323 0.088
0 0.698 3.918 1.748 1.57 -0.11
0 -0.11 1.748 8.253 -0.676 0.415
0 -0.323 1.57 -0.676 5.88 0.279
0 0.088 -0.11 0.415 0.279 5.862

 Mean vectors and covariance matrices after rotation --- 4th cluster >>

 mean vector (mu'=Q*mu)>>
0.411 1.461 5.709 0.07 -12.21 -3.182

 covariance matrix (Sigma'=Q*Sigma*t(Q))>>

18.321 0 0 0 0 0
0 2.495 2.042 0.942 -0.178 0.616
0 2.042 7.755 1.107 -1.071 0.062
0 0.942 1.107 7.437 1.183 -0.124
0 -0.178 -1.071 1.183 2.839 -0.148
0 0.616 0.062 -0.124 -0.148 7.938

 Mean vectors and covariance matrices after rotation --- 5th cluster >>

 mean vector (mu'=Q*mu)>>
0.411 -10.515 8.589 0.106 -1.899 -2.445

 covariance matrix (Sigma'=Q*Sigma*t(Q))>>

18.321 0 0 0 0 0
0 6.231 0.031 0.302 0.029 -0.607
0 0.031 6.658 0.573 -0.096 -0.951
0 0.302 0.573 8.818 0.069 0.345
0 0.029 -0.096 0.069 7.904 -0.248
0 -0.607 -0.951 0.345 -0.248 3.994

 Final eigenvalues for each cluster >> 
 (rows correspond to clusters)
20.992 18.321 13.475 8.242 7.855 6.315
18.321 8.759 8.667 7.181 4.225 3.145
18.321 8.921 6.752 5.831 5.719 2.239
18.321 9.43 8.03 7.073 2.245 1.686
18.321 8.995 7.921 6.912 6.282 3.495

 theoretical Separation index matrix >>

-1 0.23 0.21 0.21 0.21
0.23 -1 0.21 0.393 0.247
0.21 0.21 -1 0.304 0.28
0.21 0.393 0.304 -1 0.344
0.21 0.247 0.28 0.344 -1

 theoretical projection directions >>

**** cluster 1 and 2
0 0.282 0.836 0.025 0.365 0.297

**** cluster 1 and 3
0 0.133 0.918 -0.098 0.029 -0.36

**** cluster 1 and 4
0 0.058 0.645 0.016 -0.762 0.006

**** cluster 1 and 5
0 -0.244 0.958 -0.033 -0.039 0.14

**** cluster 2 and 3
0 -0.138 0.024 0.011 -0.14 -0.98

**** cluster 2 and 4
0 -0.139 -0.099 0.085 -0.965 -0.181

**** cluster 2 and 5
0 -0.85 0.048 0.018 -0.326 -0.41

**** cluster 3 and 4
0 -0.114 0.012 0.042 -0.915 0.384

**** cluster 3 and 5
0 -0.663 0.307 -0.071 -0.192 0.651

**** cluster 4 and 5
0 -0.792 0.289 -0.015 0.533 0.076

 empirical Separation index matrix (alpha= 0.05 )>>

-1 0.209 0.413 0.239 0.179
0.209 -1 0.34 0.162 0.248
0.413 0.34 -1 0.231 0.272
0.239 0.162 0.231 -1 0.225
0.179 0.248 0.272 0.225 -1

 empirical projection directions >>

**** cluster 1 and 2
-0.041 -0.867 0.034 -0.042 -0.23 -0.436

**** cluster 1 and 3
0.014 -0.213 -0.118 -0.024 -0.958 -0.151

**** cluster 1 and 4
0.034 -0.271 -0.808 -0.189 -0.435 -0.218

**** cluster 1 and 5
-0.083 -0.291 0.216 -0.13 -0.183 -0.901

**** cluster 2 and 3
0.005 0.827 -0.149 -0.004 -0.537 -0.069

**** cluster 2 and 4
0.035 0.217 -0.962 0.058 0.035 -0.149

**** cluster 2 and 5
-0.009 0.723 -0.158 0.03 0.208 -0.639

**** cluster 3 and 4
0.027 -0.075 -0.538 -0.089 0.833 0.049

**** cluster 3 and 5
0.089 0.28 -0.052 0.055 0.904 -0.302

**** cluster 4 and 5
-0.114 0.15 0.88 0.024 0.029 -0.434
