
 Log information for the data set datasetJHG3v10nv10out0_3.dat >>

 alpha = 0.05 sepVal = 0.34

 Number of clusters >> 3

 cluster sizes >>
50 50 50

 Number of data points >> 150

 Number of dimensions >> 20

 Number of noisy dimensions >> 10

 noisy variables >>
1 5 6 9 10 11 12 17 18 20

 Number of outliers >> 0

 initial eigenvalues for each cluster >> 
 (rows correspond to clusters)
4.441 2.974 2.913 4.757 8.562 8.493 6.442 6.208 9.617 6.155
2.119 6.497 5.68 7.7 7.262 8.508 9.445 6.646 1.83 7.977
2.288 5.068 5.119 6.038 6.498 6.082 8.744 2.38 2.158 8.11

 Mean vectors and covariance matrices before rotation --- 1th cluster >>

 mean vector (mu'=Q*mu)>>
-9.713 0 0 0 0 0 0 0 0 0 3.144 4.231 2.237 3.21 3.841 0.982 1.458 3.7 3.538 4.256

 covariance matrix (Sigma'=Q*Sigma*t(Q))>>

5.681 1.242 0.837 0.083 -0.452 -0.482 -0.208 -0.002 -2.059 -0.331 0 0 0 0 0 0 0 0 0 0
1.242 3.758 0.523 0.109 -0.095 -0.1 0.032 0.001 -0.528 0.117 0 0 0 0 0 0 0 0 0 0
0.837 0.523 3.262 0.073 -0.061 -0.063 0.024 0.001 -0.339 0.084 0 0 0 0 0 0 0 0 0 0
0.083 0.109 0.073 4.761 -0.05 -0.053 -0.027 0 -0.223 -0.047 0 0 0 0 0 0 0 0 0 0
-0.452 -0.095 -0.061 -0.05 8.449 -0.121 -0.11 -0.002 -0.44 -0.228 0 0 0 0 0 0 0 0 0 0
-0.482 -0.1 -0.063 -0.053 -0.121 8.362 -0.118 -0.002 -0.475 -0.244 0 0 0 0 0 0 0 0 0 0
-0.208 0.032 0.024 -0.027 -0.11 -0.118 6.352 -0.001 -0.454 -0.178 0 0 0 0 0 0 0 0 0 0
-0.002 0.001 0.001 0 -0.002 -0.002 -0.001 6.208 -0.007 -0.002 0 0 0 0 0 0 0 0 0 0
-2.059 -0.528 -0.339 -0.223 -0.44 -0.475 -0.454 -0.007 7.922 -0.946 0 0 0 0 0 0 0 0 0 0
-0.331 0.117 0.084 -0.047 -0.228 -0.244 -0.178 -0.002 -0.946 5.806 0 0 0 0 0 0 0 0 0 0
0 0 0 0 0 0 0 0 0 0 39.755 19.925 7.925 3.844 6.227 7.81 -7.203 0.066 0.87 4.54
0 0 0 0 0 0 0 0 0 0 19.925 22.224 6.461 6.677 4.609 6.741 5.236 1.425 2.328 4.647
0 0 0 0 0 0 0 0 0 0 7.925 6.461 15.885 2.83 2.006 2.915 2.07 0.593 0.98 1.997
0 0 0 0 0 0 0 0 0 0 3.844 6.677 2.83 38.41 2.076 2.907 0.925 0.455 0.82 1.919
0 0 0 0 0 0 0 0 0 0 6.227 4.609 2.006 2.076 8.31 2.093 1.637 0.444 0.724 1.444
0 0 0 0 0 0 0 0 0 0 7.81 6.741 2.915 2.907 2.093 19.182 2.032 0.602 1.002 2.068
0 0 0 0 0 0 0 0 0 0 -7.203 5.236 2.07 0.925 1.637 2.032 63.276 -0.013 0.191 1.165
0 0 0 0 0 0 0 0 0 0 0.066 1.425 0.593 0.455 0.444 0.602 -0.013 47.602 0.142 0.384
0 0 0 0 0 0 0 0 0 0 0.87 2.328 0.98 0.82 0.724 1.002 0.191 0.142 41.134 0.653
0 0 0 0 0 0 0 0 0 0 4.54 4.647 1.997 1.919 1.444 2.068 1.165 0.384 0.653 24.825

 Mean vectors and covariance matrices before rotation --- 2th cluster >>

 mean vector (mu'=Q*mu)>>
9.713 0 0 0 0 0 0 0 0 0 3.144 4.231 2.237 3.21 3.841 0.982 1.458 3.7 3.538 4.256

 covariance matrix (Sigma'=Q*Sigma*t(Q))>>

7.368 0.516 0.466 -0.141 0.013 -0.488 -0.59 0.095 0.133 -0.196 0 0 0 0 0 0 0 0 0 0
0.516 5.192 -0.461 -1.14 -0.4 -1.409 -1.104 -0.304 0.017 -0.94 0 0 0 0 0 0 0 0 0 0
0.466 -0.461 5.532 -0.433 -0.149 -0.552 -0.443 -0.109 0.013 -0.361 0 0 0 0 0 0 0 0 0 0
-0.141 -1.14 -0.433 6.768 -0.333 -1.117 -0.853 -0.263 -0.001 -0.76 0 0 0 0 0 0 0 0 0 0
0.013 -0.4 -0.149 -0.333 7.143 -0.403 -0.311 -0.092 0.001 -0.273 0 0 0 0 0 0 0 0 0 0
-0.488 -1.409 -0.552 -1.117 -0.403 7.188 -0.995 -0.323 -0.009 -0.906 0 0 0 0 0 0 0 0 0 0
-0.59 -1.104 -0.443 -0.853 -0.311 -0.995 8.705 -0.252 -0.012 -0.688 0 0 0 0 0 0 0 0 0 0
0.095 -0.304 -0.109 -0.263 -0.092 -0.323 -0.252 6.575 0.003 -0.216 0 0 0 0 0 0 0 0 0 0
0.133 0.017 0.013 -0.001 0.001 -0.009 -0.012 0.003 1.834 -0.003 0 0 0 0 0 0 0 0 0 0
-0.196 -0.94 -0.361 -0.76 -0.273 -0.906 -0.688 -0.216 -0.003 7.359 0 0 0 0 0 0 0 0 0 0
0 0 0 0 0 0 0 0 0 0 39.755 19.925 7.925 3.844 6.227 7.81 -7.203 0.066 0.87 4.54
0 0 0 0 0 0 0 0 0 0 19.925 22.224 6.461 6.677 4.609 6.741 5.236 1.425 2.328 4.647
0 0 0 0 0 0 0 0 0 0 7.925 6.461 15.885 2.83 2.006 2.915 2.07 0.593 0.98 1.997
0 0 0 0 0 0 0 0 0 0 3.844 6.677 2.83 38.41 2.076 2.907 0.925 0.455 0.82 1.919
0 0 0 0 0 0 0 0 0 0 6.227 4.609 2.006 2.076 8.31 2.093 1.637 0.444 0.724 1.444
0 0 0 0 0 0 0 0 0 0 7.81 6.741 2.915 2.907 2.093 19.182 2.032 0.602 1.002 2.068
0 0 0 0 0 0 0 0 0 0 -7.203 5.236 2.07 0.925 1.637 2.032 63.276 -0.013 0.191 1.165
0 0 0 0 0 0 0 0 0 0 0.066 1.425 0.593 0.455 0.444 0.602 -0.013 47.602 0.142 0.384
0 0 0 0 0 0 0 0 0 0 0.87 2.328 0.98 0.82 0.724 1.002 0.191 0.142 41.134 0.653
0 0 0 0 0 0 0 0 0 0 4.54 4.647 1.997 1.919 1.444 2.068 1.165 0.384 0.653 24.825

 Mean vectors and covariance matrices before rotation --- 3th cluster >>

 mean vector (mu'=Q*mu)>>
0 16.824 0 0 0 0 0 0 0 0 3.144 4.231 2.237 3.21 3.841 0.982 1.458 3.7 3.538 4.256

 covariance matrix (Sigma'=Q*Sigma*t(Q))>>

5.783 -0.253 -1.092 -1.709 -0.251 -0.55 -0.309 0.447 0.378 -1.288 0 0 0 0 0 0 0 0 0 0
-0.253 7.024 -0.208 -0.253 -0.034 -0.081 -0.033 -0.05 -0.031 -0.146 0 0 0 0 0 0 0 0 0 0
-1.092 -0.208 6.262 -1.069 -0.145 -0.341 -0.141 -0.216 -0.132 -0.617 0 0 0 0 0 0 0 0 0 0
-1.709 -0.253 -1.069 7.167 -0.168 -0.401 -0.158 -0.332 -0.213 -0.698 0 0 0 0 0 0 0 0 0 0
-0.251 -0.034 -0.145 -0.168 9.047 -0.054 -0.021 -0.048 -0.032 -0.092 0 0 0 0 0 0 0 0 0 0
-0.55 -0.081 -0.341 -0.401 -0.054 8.36 -0.05 -0.107 -0.069 -0.222 0 0 0 0 0 0 0 0 0 0
-0.309 -0.033 -0.141 -0.158 -0.021 -0.05 12.185 -0.059 -0.04 -0.081 0 0 0 0 0 0 0 0 0 0
0.447 -0.05 -0.216 -0.332 -0.048 -0.107 -0.059 3.398 0.066 -0.246 0 0 0 0 0 0 0 0 0 0
0.378 -0.031 -0.132 -0.213 -0.032 -0.069 -0.04 0.066 3.066 -0.165 0 0 0 0 0 0 0 0 0 0
-1.288 -0.146 -0.617 -0.698 -0.092 -0.222 -0.081 -0.246 -0.165 10.955 0 0 0 0 0 0 0 0 0 0
0 0 0 0 0 0 0 0 0 0 39.755 19.925 7.925 3.844 6.227 7.81 -7.203 0.066 0.87 4.54
0 0 0 0 0 0 0 0 0 0 19.925 22.224 6.461 6.677 4.609 6.741 5.236 1.425 2.328 4.647
0 0 0 0 0 0 0 0 0 0 7.925 6.461 15.885 2.83 2.006 2.915 2.07 0.593 0.98 1.997
0 0 0 0 0 0 0 0 0 0 3.844 6.677 2.83 38.41 2.076 2.907 0.925 0.455 0.82 1.919
0 0 0 0 0 0 0 0 0 0 6.227 4.609 2.006 2.076 8.31 2.093 1.637 0.444 0.724 1.444
0 0 0 0 0 0 0 0 0 0 7.81 6.741 2.915 2.907 2.093 19.182 2.032 0.602 1.002 2.068
0 0 0 0 0 0 0 0 0 0 -7.203 5.236 2.07 0.925 1.637 2.032 63.276 -0.013 0.191 1.165
0 0 0 0 0 0 0 0 0 0 0.066 1.425 0.593 0.455 0.444 0.602 -0.013 47.602 0.142 0.384
0 0 0 0 0 0 0 0 0 0 0.87 2.328 0.98 0.82 0.724 1.002 0.191 0.142 41.134 0.653
0 0 0 0 0 0 0 0 0 0 4.54 4.647 1.997 1.919 1.444 2.068 1.165 0.384 0.653 24.825

 Final eigenvalues for each cluster >> 
 (rows correspond to clusters)
65.404 63.959 47.532 40.868 35.922 23.428 16.152 13.085 9.617 8.562 8.493 7.373 6.879 6.442 6.208 6.155 4.757 4.441 2.974 2.913
65.404 63.959 47.532 40.868 35.922 23.428 16.152 13.085 9.445 8.508 7.977 7.7 7.373 7.262 6.879 6.646 6.497 5.68 2.119 1.83
65.404 63.959 47.532 40.868 35.922 23.428 16.152 13.085 12.203 11.318 9.069 8.488 8.426 7.373 7.144 7.073 6.879 3.322 3.194 3.012

 *************************************************

 ********************* rotation ******************

 *************************************************


 The orthogonal matrix Q >>
0.364 0.41 0.032 0.259 0.444 0.346 0.129 0.265 0.297 0.373
0.41 -0.877 0.01 0.078 0.133 0.104 0.039 0.08 0.089 0.112
0.032 0.01 -0.999 0.006 0.01 0.008 0.003 0.006 0.007 0.009
0.259 0.078 0.006 -0.951 0.084 0.066 0.025 0.05 0.056 0.071
0.444 0.133 0.01 0.084 -0.855 0.113 0.042 0.086 0.097 0.122
0.346 0.104 0.008 0.066 0.113 -0.912 0.033 0.067 0.076 0.095
0.129 0.039 0.003 0.025 0.042 0.033 -0.988 0.025 0.028 0.035
0.265 0.08 0.006 0.05 0.086 0.067 0.025 -0.949 0.058 0.073
0.297 0.089 0.007 0.056 0.097 0.076 0.028 0.058 -0.935 0.081
0.373 0.112 0.009 0.071 0.122 0.095 0.035 0.073 0.081 -0.898

 Mean vectors and covariance matrices after rotation --- 1th cluster >>

 mean vector (mu'=Q*mu)>>
3.21 -1.257 -2.574 -2.512 0.982 4.231 -3.532 -4.313 3.7 3.841 4.256 1.458 -3.981 -3.363 -2.889 -0.312 2.237 3.144 -3.627 3.538

 covariance matrix (Sigma'=Q*Sigma*t(Q))>>

38.41 0 0 0 2.907 6.677 0 0 0.455 2.076 1.919 0.925 0 0 0 0 2.83 3.844 0 0.82
0 6.428 0.049 0.053 0 0 0.168 -0.033 0 0 0 0 0.056 -0.029 -0.08 -0.081 0 0 -0.009 0
0 0.049 6.093 -0.048 0 0 -0.351 -0.207 0 0 0 0 -0.286 -0.101 0.515 -0.24 0 0 0.038 0
0 0.053 -0.048 4.779 0 0 0.078 -0.141 0 0 0 0 -0.071 -0.066 0.359 -0.153 0 0 0.084 0
2.907 0 0 0 19.182 6.741 0 0 0.602 2.093 2.068 2.032 0 0 0 0 2.915 7.81 0 1.002
6.677 0 0 0 6.741 22.224 0 0 1.425 4.609 4.647 5.236 0 0 0 0 6.461 19.925 0 2.328
0 0.168 -0.351 0.078 0 0 5.142 -1.1 0 0 0 0 0.143 -0.676 0.898 -0.371 0 0 0.221 0
0 -0.033 -0.207 -0.141 0 0 -1.1 8.085 0 0 0 0 -0.595 -0.305 0.419 -0.465 0 0 -0.177 0
0.455 0 0 0 0.602 1.425 0 0 47.602 0.444 0.384 -0.013 0 0 0 0 0.593 0.066 0 0.142
2.076 0 0 0 2.093 4.609 0 0 0.444 8.31 1.444 1.637 0 0 0 0 2.006 6.227 0 0.724
1.919 0 0 0 2.068 4.647 0 0 0.384 1.444 24.825 1.165 0 0 0 0 1.997 4.54 0 0.653
0.925 0 0 0 2.032 5.236 0 0 -0.013 1.637 1.165 63.276 0 0 0 0 2.07 -7.203 0 0.191
0 0.056 -0.286 -0.071 0 0 0.143 -0.595 0 0 0 0 3.146 -0.396 0.157 0.138 0 0 0.027 0
0 -0.029 -0.101 -0.066 0 0 -0.676 -0.305 0 0 0 0 -0.396 8.298 0.263 -0.371 0 0 -0.12 0
0 -0.08 0.515 0.359 0 0 0.898 0.419 0 0 0 0 0.157 0.263 9.237 -0.53 0 0 0.016 0
0 -0.081 -0.24 -0.153 0 0 -0.371 -0.465 0 0 0 0 0.138 -0.371 -0.53 3.206 0 0 -0.231 0
2.83 0 0 0 2.915 6.461 0 0 0.593 2.006 1.997 2.07 0 0 0 0 15.885 7.925 0 0.98
3.844 0 0 0 7.81 19.925 0 0 0.066 6.227 4.54 -7.203 0 0 0 0 7.925 39.755 0 0.87
0 -0.009 0.038 0.084 0 0 0.221 -0.177 0 0 0 0 0.027 -0.12 0.016 -0.231 0 0 6.149 0
0.82 0 0 0 1.002 2.328 0 0 0.142 0.724 0.653 0.191 0 0 0 0 0.98 0.87 0 41.134

 Mean vectors and covariance matrices after rotation --- 2th cluster >>

 mean vector (mu'=Q*mu)>>
3.21 1.257 2.574 2.512 0.982 4.231 3.532 4.313 3.7 3.841 4.256 1.458 3.981 3.363 2.889 0.312 2.237 3.144 3.627 3.538

 covariance matrix (Sigma'=Q*Sigma*t(Q))>>

38.41 0 0 0 2.907 6.677 0 0 0.455 2.076 1.919 0.925 0 0 0 0 2.83 3.844 0 0.82
0 9.075 0.143 -0.343 0 0 1.187 0.327 0 0 0 0 -0.407 -0.322 0.513 -0.382 0 0 -0.066 0
0 0.143 6.644 0.057 0 0 -0.082 -0.029 0 0 0 0 -0.024 0.085 0.246 -0.074 0 0 0.013 0
0 -0.343 0.057 7.327 0 0 0.985 0.152 0 0 0 0 -0.477 -0.389 0.52 -0.369 0 0 -0.18 0
2.907 0 0 0 19.182 6.741 0 0 0.602 2.093 2.068 2.032 0 0 0 0 2.915 7.81 0 1.002
6.677 0 0 0 6.741 22.224 0 0 1.425 4.609 4.647 5.236 0 0 0 0 6.461 19.925 0 2.328
0 1.187 -0.082 0.985 0 0 3.725 -0.549 0 0 0 0 1.136 0.919 0.787 0.577 0 0 0.236 0
0 0.327 -0.029 0.152 0 0 -0.549 7.164 0 0 0 0 -0.01 0.213 0.35 -0.098 0 0 0.039 0
0.455 0 0 0 0.602 1.425 0 0 47.602 0.444 0.384 -0.013 0 0 0 0 0.593 0.066 0 0.142
2.076 0 0 0 2.093 4.609 0 0 0.444 8.31 1.444 1.637 0 0 0 0 2.006 6.227 0 0.724
1.919 0 0 0 2.068 4.647 0 0 0.384 1.444 24.825 1.165 0 0 0 0 1.997 4.54 0 0.653
0.925 0 0 0 2.032 5.236 0 0 -0.013 1.637 1.165 63.276 0 0 0 0 2.07 -7.203 0 0.191
0 -0.407 -0.024 -0.477 0 0 1.136 -0.01 0 0 0 0 5.893 -0.551 0.587 -0.387 0 0 -0.341 0
0 -0.322 0.085 -0.389 0 0 0.919 0.213 0 0 0 0 -0.551 8.137 0.666 -0.468 0 0 -0.158 0
0 0.513 0.246 0.52 0 0 0.787 0.35 0 0 0 0 0.587 0.666 2.292 0.072 0 0 0.488 0
0 -0.382 -0.074 -0.369 0 0 0.577 -0.098 0 0 0 0 -0.387 -0.468 0.072 5.54 0 0 -0.297 0
2.83 0 0 0 2.915 6.461 0 0 0.593 2.006 1.997 2.07 0 0 0 0 15.885 7.925 0 0.98
3.844 0 0 0 7.81 19.925 0 0 0.066 6.227 4.54 -7.203 0 0 0 0 7.925 39.755 0 0.87
0 -0.066 0.013 -0.18 0 0 0.236 0.039 0 0 0 0 -0.341 -0.158 0.488 -0.297 0 0 7.869 0
0.82 0 0 0 1.002 2.328 0 0 0.142 0.724 0.653 0.191 0 0 0 0 0.98 0.87 0 41.134

 Mean vectors and covariance matrices after rotation --- 3th cluster >>

 mean vector (mu'=Q*mu)>>
3.21 0.655 1.34 1.308 0.982 4.231 6.895 2.245 3.7 3.841 4.256 1.458 -14.751 1.751 1.504 0.162 2.237 3.144 1.888 3.538

 covariance matrix (Sigma'=Q*Sigma*t(Q))>>

38.41 0 0 0 2.907 6.677 0 0 0.455 2.076 1.919 0.925 0 0 0 0 2.83 3.844 0 0.82
0 12.114 -0.127 0.011 0 0 -0.682 -0.27 0 0 0 0 -0.176 -0.158 -0.103 0.072 0 0 -0.183 0
0 -0.127 3.417 0.17 0 0 0.497 -0.294 0 0 0 0 -0.097 -0.119 0.115 0.239 0 0 -0.231 0
0 0.011 0.17 8.129 0 0 0.829 0.402 0 0 0 0 0.45 0.219 0.377 -0.566 0 0 -0.002 0
2.907 0 0 0 19.182 6.741 0 0 0.602 2.093 2.068 2.032 0 0 0 0 2.915 7.81 0 1.002
6.677 0 0 0 6.741 22.224 0 0 1.425 4.609 4.647 5.236 0 0 0 0 6.461 19.925 0 2.328
0 -0.682 0.497 0.829 0 0 5.804 -1.593 0 0 0 0 -0.566 -0.675 0.578 1.244 0 0 -1.276 0
0 -0.27 -0.294 0.402 0 0 -1.593 8.171 0 0 0 0 -0.542 -0.437 -0.261 0.584 0 0 -0.457 0
0.455 0 0 0 0.602 1.425 0 0 47.602 0.444 0.384 -0.013 0 0 0 0 0.593 0.066 0 0.142
2.076 0 0 0 2.093 4.609 0 0 0.444 8.31 1.444 1.637 0 0 0 0 2.006 6.227 0 0.724
1.919 0 0 0 2.068 4.647 0 0 0.384 1.444 24.825 1.165 0 0 0 0 1.997 4.54 0 0.653
0.925 0 0 0 2.032 5.236 0 0 -0.013 1.637 1.165 63.276 0 0 0 0 2.07 -7.203 0 0.191
0 -0.176 -0.097 0.45 0 0 -0.566 -0.542 0 0 0 0 6.833 -0.2 -0.04 0.487 0 0 -0.23 0
0 -0.158 -0.119 0.219 0 0 -0.675 -0.437 0 0 0 0 -0.2 8.295 -0.047 0.249 0 0 -0.255 0
0 -0.103 0.115 0.377 0 0 0.578 -0.261 0 0 0 0 -0.04 -0.047 3.152 0.382 0 0 -0.109 0
0 0.072 0.239 -0.566 0 0 1.244 0.584 0 0 0 0 0.487 0.249 0.382 6.372 0 0 0.022 0
2.83 0 0 0 2.915 6.461 0 0 0.593 2.006 1.997 2.07 0 0 0 0 15.885 7.925 0 0.98
3.844 0 0 0 7.81 19.925 0 0 0.066 6.227 4.54 -7.203 0 0 0 0 7.925 39.755 0 0.87
0 -0.183 -0.231 -0.002 0 0 -1.276 -0.457 0 0 0 0 -0.23 -0.255 -0.109 0.022 0 0 10.96 0
0.82 0 0 0 1.002 2.328 0 0 0.142 0.724 0.653 0.191 0 0 0 0 0.98 0.87 0 41.134

 Final eigenvalues for each cluster >> 
 (rows correspond to clusters)
65.404 63.959 47.532 40.868 35.922 23.428 16.152 13.085 9.617 8.562 8.493 7.373 6.879 6.442 6.208 6.155 4.757 4.441 2.974 2.913
65.404 63.959 47.532 40.868 35.922 23.428 16.152 13.085 9.445 8.508 7.977 7.7 7.373 7.262 6.879 6.646 6.497 5.68 2.119 1.83
65.404 63.959 47.532 40.868 35.922 23.428 16.152 13.085 12.203 11.318 9.069 8.488 8.426 7.373 7.144 7.073 6.879 3.322 3.194 3.012

 theoretical Separation index matrix >>

-1 0.34 0.35
0.34 -1 0.34
0.35 0.34 -1

 theoretical projection directions >>

**** cluster 1 and 2
0 0.078 0.269 0.252 0 0 0.393 0.404 0 0 0 0 0.569 0.287 0.096 0.162 0 0 0.315 0

**** cluster 1 and 3
0 0.084 0.221 0.129 0 0 0.632 0.32 0 0 0 0 -0.552 0.229 0.103 0.034 0 0 0.238 0

**** cluster 2 and 3
0 -0.059 -0.089 -0.093 0 0 0.323 -0.066 0 0 0 0 -0.918 -0.114 -0.077 -0.063 0 0 -0.075 0

 empirical Separation index matrix (alpha= 0.05 )>>

-1 0.392 0.381
0.392 -1 0.409
0.381 0.409 -1

 empirical projection directions >>

**** cluster 1 and 2
0.066 -0.256 -0.034 0.003 0.085 -0.013 0.522 -0.15 0.099 0.148 0.039 0.04 -0.749 -0.086 -0.046 -0.084 -0.057 -0.083 -0.06 -0.029

**** cluster 1 and 3
-0.025 -0.172 -0.102 -0.251 0.045 0.005 -0.54 -0.45 0.025 0.049 0.065 -0.034 -0.26 -0.416 0.047 0.161 0.107 -0.106 -0.316 0.004

**** cluster 2 and 3
-0.019 -0.137 -0.337 -0.061 0.068 -0.053 -0.759 -0.208 0.015 0.014 0.053 -0.031 0.307 -0.311 0.021 -0.041 0.053 -0.091 -0.17 -0.014
