
 Log information for the data set datasetJHG3v10nv0out0_2.dat >>

 alpha = 0.05 sepVal = 0.34

 Number of clusters >> 3

 cluster sizes >>
50 50 50

 Number of data points >> 150

 Number of dimensions >> 10

 Number of noisy dimensions >> 0

 noisy variables >>
0

 Number of outliers >> 0

 initial eigenvalues for each cluster >> 
 (rows correspond to clusters)
9.833 2.302 5.696 8.151 7.947 8.337 6.841 9.389 4.541 6.507
4.24 5.553 3.545 9.215 5.47 3.043 1.252 8.696 4.563 6.124
6.993 6.487 6.987 4.311 1.626 4.787 1.608 2.809 4.736 5.961

 Mean vectors and covariance matrices before rotation --- 1th cluster >>

 mean vector (mu'=Q*mu)>>
-9.764 0 0 0 0 0 0 0 0 0

 covariance matrix (Sigma'=Q*Sigma*t(Q))>>

6.459 2.254 0.591 -0.439 -0.177 -0.058 0.025 -0.594 0.054 0.311
2.254 4.326 1.245 1.105 0.59 0.118 0.186 0.521 0.073 1.274
0.591 1.245 6.354 0.454 0.25 0.047 0.09 0.162 0.041 0.634
-0.439 1.105 0.454 8.281 0.085 0.011 0.05 -0.049 0.032 0.381
-0.177 0.59 0.25 0.085 8 0.008 0.028 -0.015 0.017 0.214
-0.058 0.118 0.047 0.011 0.008 8.338 0.005 -0.007 0.003 0.039
0.025 0.186 0.09 0.05 0.028 0.005 6.852 0.012 0.006 0.083
-0.594 0.521 0.162 -0.049 -0.015 -0.007 0.012 9.289 0.013 0.107
0.054 0.073 0.041 0.032 0.017 0.003 0.006 0.013 4.543 0.041
0.311 1.274 0.634 0.381 0.214 0.039 0.083 0.107 0.041 7.1

 Mean vectors and covariance matrices before rotation --- 2th cluster >>

 mean vector (mu'=Q*mu)>>
9.764 0 0 0 0 0 0 0 0 0

 covariance matrix (Sigma'=Q*Sigma*t(Q))>>

5.356 -0.365 0.088 -1.044 -0.233 1.011 1.255 -1.467 0.002 -0.06
-0.365 5.435 0.001 -0.62 -0.351 0.135 0.365 -0.898 -0.002 -0.056
0.088 0.001 3.797 -0.046 0.003 0.072 0.078 -0.062 0 -0.001
-1.044 -0.62 -0.046 9.412 -0.446 -0.331 -0.089 -0.664 -0.005 -0.059
-0.233 -0.351 0.003 -0.446 5.603 0.114 0.276 -0.646 -0.002 -0.04
1.011 0.135 0.072 -0.331 0.114 3.982 0.731 -0.441 0.004 0
1.255 0.365 0.078 -0.089 0.276 0.731 1.971 -0.086 0.005 0.024
-1.467 -0.898 -0.062 -0.664 -0.646 -0.441 -0.086 8.3 -0.007 -0.087
0.002 -0.002 0 -0.005 -0.002 0.004 0.005 -0.007 4.879 0
-0.06 -0.056 -0.001 -0.059 -0.04 0 0.024 -0.087 0 6.542

 Mean vectors and covariance matrices before rotation --- 3th cluster >>

 mean vector (mu'=Q*mu)>>
0 16.912 0 0 0 0 0 0 0 0

 covariance matrix (Sigma'=Q*Sigma*t(Q))>>

5.294 -0.283 -0.101 0.504 0.207 0.338 0.571 1.183 0.151 -0.081
-0.283 6.465 -0.017 0.195 0.067 0.146 0.184 0.398 0.064 0.046
-0.101 -0.017 6.981 0.03 0.012 0.02 0.034 0.071 0.009 -0.005
0.504 0.195 0.03 4.653 0.082 0.299 0.226 0.542 0.129 0.289
0.207 0.067 0.012 0.082 1.642 0.076 0.046 0.117 0.032 0.087
0.338 0.146 0.02 0.299 0.076 5.045 0.208 0.49 0.111 0.231
0.571 0.184 0.034 0.226 0.046 0.208 1.734 0.321 0.089 0.24
1.183 0.398 0.071 0.542 0.117 0.49 0.321 3.607 0.211 0.538
0.151 0.064 0.009 0.129 0.032 0.111 0.089 0.211 4.784 0.101
-0.081 0.046 -0.005 0.289 0.087 0.231 0.24 0.538 0.101 6.1

 Final eigenvalues for each cluster >> 
 (rows correspond to clusters)
9.833 9.389 8.337 8.151 7.947 6.841 6.507 5.696 4.541 2.302
9.852 9.298 6.548 5.937 5.848 4.879 4.533 3.79 3.253 1.338
6.993 6.987 6.487 5.961 4.787 4.736 4.311 2.809 1.626 1.608

 *************************************************

 ********************* rotation ******************

 *************************************************


 The orthogonal matrix Q >>
0.207 0.182 0.417 0.107 0.295 0.408 0.45 0.399 0.027 0.35
0.182 -0.973 0.063 0.016 0.044 0.061 0.068 0.06 0.004 0.053
0.417 0.063 -0.856 0.037 0.102 0.141 0.156 0.138 0.009 0.121
0.107 0.016 0.037 -0.99 0.026 0.036 0.04 0.035 0.002 0.031
0.295 0.044 0.102 0.026 -0.928 0.1 0.11 0.097 0.007 0.086
0.408 0.061 0.141 0.036 0.1 -0.862 0.152 0.135 0.009 0.119
0.45 0.068 0.156 0.04 0.11 0.152 -0.832 0.149 0.01 0.131
0.399 0.06 0.138 0.035 0.097 0.135 0.149 -0.868 0.009 0.116
0.027 0.004 0.009 0.002 0.007 0.009 0.01 0.009 -0.999 0.008
0.35 0.053 0.121 0.031 0.086 0.119 0.131 0.116 0.008 -0.898

 Mean vectors and covariance matrices after rotation --- 1th cluster >>

 mean vector (mu'=Q*mu)>>
-3.893 -1.048 -2.879 -1.774 -2.017 -4.074 -4.396 -3.422 -0.263 -3.984

 covariance matrix (Sigma'=Q*Sigma*t(Q))>>

9.231 -0.084 -0.09 -0.713 -0.303 -0.141 0.063 -0.197 -0.002 -0.111
-0.084 8.266 0.05 0.764 -0.421 0.352 0.041 0.282 0.027 -0.038
-0.09 0.05 7.92 -0.339 -0.062 -0.008 0.029 -0.04 0.004 -0.103
-0.713 0.764 -0.339 3.213 -1.271 -0.158 -1.155 0.073 -0.016 -1.166
-0.303 -0.421 -0.062 -1.271 8.75 0.162 0.708 -0.199 0.038 0.104
-0.141 0.352 -0.008 -0.158 0.162 5.784 -0.13 0.103 0.009 -0.31
0.063 0.041 0.029 -1.155 0.708 -0.13 7.042 -0.158 -0.004 0.007
-0.197 0.282 -0.04 0.073 -0.199 0.103 -0.158 6.611 0.01 -0.312
-0.002 0.027 0.004 -0.016 0.038 0.009 -0.004 0.01 4.541 -0.016
-0.111 -0.038 -0.103 -1.166 0.104 -0.31 0.007 -0.312 -0.016 8.185

 Mean vectors and covariance matrices after rotation --- 2th cluster >>

 mean vector (mu'=Q*mu)>>
3.893 1.048 2.879 1.774 2.017 4.074 4.396 3.422 0.263 3.984

 covariance matrix (Sigma'=Q*Sigma*t(Q))>>

9.123 -0.046 -0.215 -0.469 -0.327 0.519 0.216 0.164 0.024 -0.323
-0.046 9.685 -0.037 -0.324 0.462 0.526 0.44 0.357 0.03 0.106
-0.215 -0.037 5.789 -0.116 0.071 0.246 0.298 -0.011 0.009 0.018
-0.469 -0.324 -0.116 5.655 0.318 0.323 0.564 0.105 0.015 0.244
-0.327 0.462 0.071 0.318 4.722 0.434 0.645 -0.488 0.002 -0.015
0.519 0.526 0.246 0.323 0.434 4.112 0.078 0.015 0.013 -0.091
0.216 0.44 0.298 0.564 0.645 0.078 1.604 -0.244 -0.003 0.222
0.164 0.357 -0.011 0.105 -0.488 0.015 -0.244 6.346 -0.006 -0.381
0.024 0.03 0.009 0.015 0.002 0.013 -0.003 -0.006 4.879 -0.014
-0.323 0.106 0.018 0.244 -0.015 -0.091 0.222 -0.381 -0.014 3.361

 Mean vectors and covariance matrices after rotation --- 3th cluster >>

 mean vector (mu'=Q*mu)>>
1.015 0.273 0.751 -16.449 3.072 1.062 1.147 0.892 0.069 1.039

 covariance matrix (Sigma'=Q*Sigma*t(Q))>>

2.862 0.092 0.151 0.209 0.132 -0.404 0.21 0.095 0.057 -0.022
0.092 4.465 -0.093 0.03 -0.535 -0.359 -0.086 -0.05 0.071 -0.095
0.151 -0.093 2.101 0.194 1.202 0.274 0.625 0.274 -0.041 0.295
0.209 0.03 0.194 6.447 -0.308 -0.076 0.303 -0.024 0.005 0.066
0.132 -0.535 1.202 -0.308 5.754 -0.28 1.595 -0.364 -0.232 0.017
-0.404 -0.359 0.274 -0.076 -0.28 6.803 0.262 -0.201 -0.131 -0.205
0.21 -0.086 0.625 0.303 1.595 0.262 2.434 0.382 -0.035 0.376
0.095 -0.05 0.274 -0.024 -0.364 -0.201 0.382 5.896 -0.02 -0.003
0.057 0.071 -0.041 0.005 -0.232 -0.131 -0.035 -0.02 4.767 -0.029
-0.022 -0.095 0.295 0.066 0.017 -0.205 0.376 -0.003 -0.029 4.775

 Final eigenvalues for each cluster >> 
 (rows correspond to clusters)
9.833 9.389 8.337 8.151 7.947 6.841 6.507 5.696 4.541 2.302
9.852 9.298 6.548 5.937 5.848 4.879 4.533 3.79 3.253 1.338
6.993 6.987 6.487 5.961 4.787 4.736 4.311 2.809 1.626 1.608

 theoretical Separation index matrix >>

-1 0.364 0.34
0.364 -1 0.34
0.34 0.34 -1

 theoretical projection directions >>

**** cluster 1 and 2
0.248 0.007 0.223 0.323 0.134 0.426 0.542 0.321 0.029 0.432

**** cluster 1 and 3
0.214 0.121 0.163 -0.852 0.089 0.242 0.217 0.213 0.025 0.166

**** cluster 2 and 3
-0.155 -0.04 -0.125 -0.895 0.128 -0.14 -0.279 -0.109 -0.01 -0.179

 empirical Separation index matrix (alpha= 0.05 )>>

-1 0.346 0.41
0.346 -1 0.367
0.41 0.367 -1

 empirical projection directions >>

**** cluster 1 and 2
-0.157 0.064 -0.018 -0.867 0.207 -0.238 0.13 -0.049 0.076 -0.308

**** cluster 1 and 3
-0.248 0.098 -0.142 -0.333 -0.073 -0.48 -0.514 -0.37 -0.122 -0.382

**** cluster 2 and 3
-0.142 -0.001 -0.081 0.713 0.002 -0.251 -0.468 -0.332 -0.163 -0.215
