
 Log information for the data set datasetJLG5v5nv3out0_3.dat >>

 alpha = 0.05 sepVal = 0.01

 Number of clusters >> 5

 cluster sizes >>
50 50 50 50 50

 Number of data points >> 250

 Number of dimensions >> 8

 Number of noisy dimensions >> 3

 noisy variables >>
2 3 4

 Number of outliers >> 0

 initial eigenvalues for each cluster >> 
 (rows correspond to clusters)
6.625 5.806 3.735 8.859 6.406
7.483 3.352 5.887 5.8 9.996
3.378 2.374 2.596 8.823 3.237
6.959 5.887 8.119 8.123 7.186
4.24 4.062 7.23 7.599 6.322

 Mean vectors and covariance matrices before rotation --- 1th cluster >>

 mean vector (mu'=Q*mu)>>
-5.569 0 0 0 0 1.459 0.255 2.61

 covariance matrix (Sigma'=Q*Sigma*t(Q))>>

7.233 0.462 1.339 -1.193 0.377 0 0 0
0.462 6.038 0.525 -0.19 0.241 0 0 0
1.339 0.525 4.647 0.335 0.643 0 0 0
-1.193 -0.19 0.335 6.891 -0.467 0 0 0
0.377 0.241 0.643 -0.467 6.622 0 0 0
0 0 0 0 0 15.095 0.11 -1.747
0 0 0 0 0 0.11 13.251 -1.664
0 0 0 0 0 -1.747 -1.664 12.156

 Mean vectors and covariance matrices before rotation --- 2th cluster >>

 mean vector (mu'=Q*mu)>>
5.569 0 0 0 0 1.459 0.255 2.61

 covariance matrix (Sigma'=Q*Sigma*t(Q))>>

8.671 0.373 0.37 1.104 -1.3 0 0 0
0.373 4.42 0.099 0.278 0.024 0 0 0
0.37 0.099 7.859 0.491 -0.115 0 0 0
1.104 0.278 0.491 8.968 -0.297 0 0 0
-1.3 0.024 -0.115 -0.297 12.539 0 0 0
0 0 0 0 0 15.095 0.11 -1.747
0 0 0 0 0 0.11 13.251 -1.664
0 0 0 0 0 -1.747 -1.664 12.156

 Mean vectors and covariance matrices before rotation --- 3th cluster >>

 mean vector (mu'=Q*mu)>>
0 9.645 0 0 0 1.459 0.255 2.61

 covariance matrix (Sigma'=Q*Sigma*t(Q))>>

9.739 3.411 1.588 -5.119 0.136 0 0 0
3.411 8.376 1.66 -2.734 0.163 0 0 0
1.588 1.66 6.18 -1.509 0.076 0 0 0
-5.119 -2.734 -1.509 11.316 -0.223 0 0 0
0.136 0.163 0.076 -0.223 6.722 0 0 0
0 0 0 0 0 15.095 0.11 -1.747
0 0 0 0 0 0.11 13.251 -1.664
0 0 0 0 0 -1.747 -1.664 12.156

 Mean vectors and covariance matrices before rotation --- 4th cluster >>

 mean vector (mu'=Q*mu)>>
0 3.215 9.094 0 0 1.459 0.255 2.61

 covariance matrix (Sigma'=Q*Sigma*t(Q))>>

7.144 0.608 -0.366 -0.467 -0.049 0 0 0
0.608 6.316 0.007 0.008 0.199 0 0 0
-0.366 0.007 7.911 -0.265 -0.18 0 0 0
-0.467 0.008 -0.265 7.786 -0.229 0 0 0
-0.049 0.199 -0.18 -0.229 7.117 0 0 0
0 0 0 0 0 15.095 0.11 -1.747
0 0 0 0 0 0.11 13.251 -1.664
0 0 0 0 0 -1.747 -1.664 12.156

 Mean vectors and covariance matrices before rotation --- 5th cluster >>

 mean vector (mu'=Q*mu)>>
0 3.215 2.273 8.805 0 1.459 0.255 2.61

 covariance matrix (Sigma'=Q*Sigma*t(Q))>>

5.31 0.453 -1.162 -0.69 -0.366 0 0 0
0.453 4.246 -0.36 -0.216 -0.107 0 0 0
-1.162 -0.36 6.38 -0.465 -0.365 0 0 0
-0.69 -0.216 -0.465 7.345 -0.203 0 0 0
-0.366 -0.107 -0.365 -0.203 6.172 0 0 0
0 0 0 0 0 15.095 0.11 -1.747
0 0 0 0 0 0.11 13.251 -1.664
0 0 0 0 0 -1.747 -1.664 12.156

 Final eigenvalues for each cluster >> 
 (rows correspond to clusters)
16.169 13.81 10.523 8.859 6.625 6.406 5.806 3.735
16.169 13.81 13.051 10.523 9.771 7.686 7.572 4.377
18.301 16.169 13.81 10.523 7.007 6.716 5.386 4.924
16.169 13.81 10.523 8.123 8.119 7.186 6.959 5.887
16.169 13.81 10.523 7.599 7.23 6.322 4.24 4.062

 *************************************************

 ********************* rotation ******************

 *************************************************


 The orthogonal matrix Q >>
0.261 0.346 0.629 0.643 0.059
0.346 -0.905 0.173 0.176 0.016
0.629 0.173 -0.687 0.32 0.029
0.643 0.176 0.32 -0.672 0.03
0.059 0.016 0.029 0.03 -0.997

 Mean vectors and covariance matrices after rotation --- 1th cluster >>

 mean vector (mu'=Q*mu)>>
-1.928 0.255 2.61 1.459 -1.455 -0.329 -3.5 -3.58

 covariance matrix (Sigma'=Q*Sigma*t(Q))>>

5.807 0 0 0 -0.061 0.048 0.163 0.02
0 13.251 -1.664 0.11 0 0 0 0
0 -1.664 12.156 -1.747 0 0 0 0
0 0.11 -1.747 15.095 0 0 0 0
-0.061 0 0 0 6.496 -0.272 0.601 0.169
0.048 0 0 0 -0.272 6.563 0.302 -0.716
0.163 0 0 0 0.601 0.302 4.094 0.825
0.02 0 0 0 0.169 -0.716 0.825 8.471

 Mean vectors and covariance matrices after rotation --- 2th cluster >>

 mean vector (mu'=Q*mu)>>
1.928 0.255 2.61 1.459 1.455 0.329 3.5 3.58

 covariance matrix (Sigma'=Q*Sigma*t(Q))>>

5.013 0 0 0 1.503 0.547 0.716 0.452
0 13.251 -1.664 0.11 0 0 0 0
0 -1.664 12.156 -1.747 0 0 0 0
0 0.11 -1.747 15.095 0 0 0 0
1.503 0 0 0 9.03 0.429 0.745 -0.177
0.547 0 0 0 0.429 12.7 0.756 0.516
0.716 0 0 0 0.745 0.756 8.144 -0.047
0.452 0 0 0 -0.177 0.516 -0.047 7.569

 Mean vectors and covariance matrices after rotation --- 3th cluster >>

 mean vector (mu'=Q*mu)>>
-8.729 0.255 2.61 1.459 3.339 0.156 1.664 1.702

 covariance matrix (Sigma'=Q*Sigma*t(Q))>>

6.251 0 0 0 -0.902 -0.041 -0.469 -3.07
0 13.251 -1.664 0.11 0 0 0 0
0 -1.664 12.156 -1.747 0 0 0 0
0 0.11 -1.747 15.095 0 0 0 0
-0.902 0 0 0 6.515 -0.021 0.057 0.026
-0.041 0 0 0 -0.021 6.715 0.001 0.015
-0.469 0 0 0 0.057 0.001 5.454 1.093
-3.07 0 0 0 0.026 0.015 1.093 17.399

 Mean vectors and covariance matrices after rotation --- 4th cluster >>

 mean vector (mu'=Q*mu)>>
-1.341 0.255 2.61 1.459 6.829 0.32 -5.69 3.481

 covariance matrix (Sigma'=Q*Sigma*t(Q))>>

5.997 0 0 0 0.038 0.238 -0.278 -0.231
0 13.251 -1.664 0.11 0 0 0 0
0 -1.664 12.156 -1.747 0 0 0 0
0 0.11 -1.747 15.095 0 0 0 0
0.038 0 0 0 7.215 0.194 -0.334 -0.243
0.238 0 0 0 0.194 7.14 -0.059 -0.097
-0.278 0 0 0 -0.334 -0.059 7.926 -0.154
-0.231 0 0 0 -0.243 -0.097 -0.154 7.996

 Mean vectors and covariance matrices after rotation --- 5th cluster >>

 mean vector (mu'=Q*mu)>>
-0.964 0.255 2.61 1.459 8.203 0.384 1.815 -4.623

 covariance matrix (Sigma'=Q*Sigma*t(Q))>>

4.176 0 0 0 0.315 0.095 -0.231 -0.448
0 13.251 -1.664 0.11 0 0 0 0
0 -1.664 12.156 -1.747 0 0 0 0
0 0.11 -1.747 15.095 0 0 0 0
0.315 0 0 0 5.231 0.389 -0.481 -1.319
0.095 0 0 0 0.389 6.243 0.045 0.155
-0.231 0 0 0 -0.481 0.045 7.079 -0.411
-0.448 0 0 0 -1.319 0.155 -0.411 6.725

 Final eigenvalues for each cluster >> 
 (rows correspond to clusters)
16.169 13.81 10.523 8.859 6.625 6.406 5.806 3.735
16.169 13.81 13.051 10.523 9.771 7.686 7.572 4.377
18.301 16.169 13.81 10.523 7.007 6.716 5.386 4.924
16.169 13.81 10.523 8.123 8.119 7.186 6.959 5.887
16.169 13.81 10.523 7.599 7.23 6.322 4.24 4.062

 theoretical Separation index matrix >>

-1 0.01 0.01 0.034 0.078
0.01 -1 0.099 0.021 0.037
0.01 0.099 -1 0.064 0.031
0.034 0.021 0.064 -1 0.01
0.078 0.037 0.031 0.01 -1

 theoretical projection directions >>

**** cluster 1 and 2
0.386 0 0 0 0.162 0.004 0.713 0.562

**** cluster 1 and 3
-0.652 0 0 0 0.395 0.05 0.627 0.15

**** cluster 1 and 4
0.069 0 0 0 0.769 0.103 -0.286 0.558

**** cluster 1 and 5
0.082 0 0 0 0.867 0.035 0.49 -0.011

**** cluster 2 and 3
-0.966 0 0 0 0.163 0.023 -0.108 -0.167

**** cluster 2 and 4
-0.432 0 0 0 0.494 0.028 -0.754 0.001

**** cluster 2 and 5
-0.489 0 0 0 0.571 0.024 -0.149 -0.642

**** cluster 3 and 4
0.714 0 0 0 0.325 -0.001 -0.588 0.198

**** cluster 3 and 5
0.846 0 0 0 0.501 0.003 0.085 -0.163

**** cluster 4 and 5
0.033 0 0 0 0.104 0.005 0.676 -0.729

 empirical Separation index matrix (alpha= 0.05 )>>

-1 0.065 0.033 -0.008 -0.039
0.065 -1 0.073 0.075 0.045
0.033 0.073 -1 0.036 0.002
-0.008 0.075 0.036 -1 0.109
-0.039 0.045 0.002 0.109 -1

 empirical projection directions >>

**** cluster 1 and 2
0.078 0.038 -0.012 0.121 0.151 -0.011 -0.675 0.707

**** cluster 1 and 3
-0.105 -0.05 -0.072 -0.021 -0.768 -0.163 -0.597 0.095

**** cluster 1 and 4
-0.845 0.06 -0.009 0.088 -0.474 0.055 -0.183 0.115

**** cluster 1 and 5
0.629 0.024 -0.035 0.018 -0.358 0.041 0.065 0.684

**** cluster 2 and 3
-0.047 -0.027 -0.093 -0.131 -0.652 -0.123 0.379 -0.622

**** cluster 2 and 4
-0.65 0.034 0.02 -0.056 -0.159 0.026 0.691 -0.263

**** cluster 2 and 5
0.472 -0.003 -0.044 -0.116 -0.37 -0.156 0.752 -0.189

**** cluster 3 and 4
-0.553 0.072 0.095 0.024 0.307 0.156 0.745 0.071

**** cluster 3 and 5
0.477 -0.052 0.039 0.061 0.084 0.065 0.725 0.476

**** cluster 4 and 5
0.954 -0.034 -0.153 -0.066 -0.085 -0.047 0.111 0.2
