
 Log information for the data set datasetJLG5v5nv10out0_1.dat >>

 alpha = 0.05 sepVal = 0.01

 Number of clusters >> 5

 cluster sizes >>
50 50 50 50 50

 Number of data points >> 250

 Number of dimensions >> 15

 Number of noisy dimensions >> 10

 noisy variables >>
1 2 4 5 7 8 9 10 12 13

 Number of outliers >> 0

 initial eigenvalues for each cluster >> 
 (rows correspond to clusters)
7.63 7.929 3.82 8.532 6.557
8.121 3.794 3.345 1.948 8.971
4.831 6.125 4.86 4.9 4.691
6.669 3.934 7.787 3.33 3.703
2.54 7.605 6.266 7.589 8.63

 Mean vectors and covariance matrices before rotation --- 1th cluster >>

 mean vector (mu'=Q*mu)>>
-5.035 0 0 0 0 2.529 0.012 1.224 0.88 1.638 1.112 0.53 0.795 0.594 0.777

 covariance matrix (Sigma'=Q*Sigma*t(Q))>>

7.691 -0.053 1.41 -0.712 0.292 0 0 0 0 0 0 0 0 0 0
-0.053 7.908 0.225 -0.166 0.037 0 0 0 0 0 0 0 0 0 0
1.41 0.225 4.646 0.728 0.379 0 0 0 0 0 0 0 0 0 0
-0.712 -0.166 0.728 7.544 0.039 0 0 0 0 0 0 0 0 0 0
0.292 0.037 0.379 0.039 6.678 0 0 0 0 0 0 0 0 0 0
0 0 0 0 0 11.077 -0.381 -0.306 -0.082 -0.176 -0.326 2.427 -0.092 0.072 -0.13
0 0 0 0 0 -0.381 13.329 -0.019 0.076 0.046 -0.005 0.742 -0.006 0.031 0.276
0 0 0 0 0 -0.306 -0.019 14.643 0.005 -0.004 -0.02 0.245 -0.006 0.009 0.029
0 0 0 0 0 -0.082 0.076 0.005 12.318 0.076 0.025 0.718 0.001 0.033 0.366
0 0 0 0 0 -0.176 0.046 -0.004 0.076 12.791 0.01 0.6 -0.002 0.027 0.269
0 0 0 0 0 -0.326 -0.005 -0.02 0.025 0.01 13.988 0.383 -0.006 0.015 0.098
0 0 0 0 0 2.427 0.742 0.245 0.718 0.6 0.383 9.947 0.071 0.159 2.383
0 0 0 0 0 -0.092 -0.006 -0.006 0.001 -0.002 -0.006 0.071 14.729 0.002 0.007
0 0 0 0 0 0.072 0.031 0.009 0.033 0.027 0.015 0.159 0.002 9.91 0.112
0 0 0 0 0 -0.13 0.276 0.029 0.366 0.269 0.098 2.383 0.007 0.112 13.286

 Mean vectors and covariance matrices before rotation --- 2th cluster >>

 mean vector (mu'=Q*mu)>>
5.035 0 0 0 0 2.529 0.012 1.224 0.88 1.638 1.112 0.53 0.795 0.594 0.777

 covariance matrix (Sigma'=Q*Sigma*t(Q))>>

6.07 0.366 0.298 3.13 -1.418 0 0 0 0 0 0 0 0 0 0
0.366 4.107 0.059 0.507 0.091 0 0 0 0 0 0 0 0 0 0
0.298 0.059 3.595 0.372 0.079 0 0 0 0 0 0 0 0 0 0
3.13 0.507 0.372 5.19 0.923 0 0 0 0 0 0 0 0 0 0
-1.418 0.091 0.079 0.923 8.831 0 0 0 0 0 0 0 0 0 0
0 0 0 0 0 11.077 -0.381 -0.306 -0.082 -0.176 -0.326 2.427 -0.092 0.072 -0.13
0 0 0 0 0 -0.381 13.329 -0.019 0.076 0.046 -0.005 0.742 -0.006 0.031 0.276
0 0 0 0 0 -0.306 -0.019 14.643 0.005 -0.004 -0.02 0.245 -0.006 0.009 0.029
0 0 0 0 0 -0.082 0.076 0.005 12.318 0.076 0.025 0.718 0.001 0.033 0.366
0 0 0 0 0 -0.176 0.046 -0.004 0.076 12.791 0.01 0.6 -0.002 0.027 0.269
0 0 0 0 0 -0.326 -0.005 -0.02 0.025 0.01 13.988 0.383 -0.006 0.015 0.098
0 0 0 0 0 2.427 0.742 0.245 0.718 0.6 0.383 9.947 0.071 0.159 2.383
0 0 0 0 0 -0.092 -0.006 -0.006 0.001 -0.002 -0.006 0.071 14.729 0.002 0.007
0 0 0 0 0 0.072 0.031 0.009 0.033 0.027 0.015 0.159 0.002 9.91 0.112
0 0 0 0 0 -0.13 0.276 0.029 0.366 0.269 0.098 2.383 0.007 0.112 13.286

 Mean vectors and covariance matrices before rotation --- 3th cluster >>

 mean vector (mu'=Q*mu)>>
0 8.721 0 0 0 2.529 0.012 1.224 0.88 1.638 1.112 0.53 0.795 0.594 0.777

 covariance matrix (Sigma'=Q*Sigma*t(Q))>>

5.083 -0.516 0.095 0.001 0.173 0 0 0 0 0 0 0 0 0 0
-0.516 5.741 -0.238 -0.005 -0.176 0 0 0 0 0 0 0 0 0 0
0.095 -0.238 4.895 0 0.071 0 0 0 0 0 0 0 0 0 0
0.001 -0.005 0 4.9 0.001 0 0 0 0 0 0 0 0 0 0
0.173 -0.176 0.071 0.001 4.788 0 0 0 0 0 0 0 0 0 0
0 0 0 0 0 11.077 -0.381 -0.306 -0.082 -0.176 -0.326 2.427 -0.092 0.072 -0.13
0 0 0 0 0 -0.381 13.329 -0.019 0.076 0.046 -0.005 0.742 -0.006 0.031 0.276
0 0 0 0 0 -0.306 -0.019 14.643 0.005 -0.004 -0.02 0.245 -0.006 0.009 0.029
0 0 0 0 0 -0.082 0.076 0.005 12.318 0.076 0.025 0.718 0.001 0.033 0.366
0 0 0 0 0 -0.176 0.046 -0.004 0.076 12.791 0.01 0.6 -0.002 0.027 0.269
0 0 0 0 0 -0.326 -0.005 -0.02 0.025 0.01 13.988 0.383 -0.006 0.015 0.098
0 0 0 0 0 2.427 0.742 0.245 0.718 0.6 0.383 9.947 0.071 0.159 2.383
0 0 0 0 0 -0.092 -0.006 -0.006 0.001 -0.002 -0.006 0.071 14.729 0.002 0.007
0 0 0 0 0 0.072 0.031 0.009 0.033 0.027 0.015 0.159 0.002 9.91 0.112
0 0 0 0 0 -0.13 0.276 0.029 0.366 0.269 0.098 2.383 0.007 0.112 13.286

 Mean vectors and covariance matrices before rotation --- 4th cluster >>

 mean vector (mu'=Q*mu)>>
0 2.907 8.223 0 0 2.529 0.012 1.224 0.88 1.638 1.112 0.53 0.795 0.594 0.777

 covariance matrix (Sigma'=Q*Sigma*t(Q))>>

6.216 0.05 -0.904 0.936 1.211 0 0 0 0 0 0 0 0 0 0
0.05 3.96 0.011 0.024 0.033 0 0 0 0 0 0 0 0 0 0
-0.904 0.011 7.187 0.238 0.282 0 0 0 0 0 0 0 0 0 0
0.936 0.024 0.238 3.741 0.542 0 0 0 0 0 0 0 0 0 0
1.211 0.033 0.282 0.542 4.477 0 0 0 0 0 0 0 0 0 0
0 0 0 0 0 11.077 -0.381 -0.306 -0.082 -0.176 -0.326 2.427 -0.092 0.072 -0.13
0 0 0 0 0 -0.381 13.329 -0.019 0.076 0.046 -0.005 0.742 -0.006 0.031 0.276
0 0 0 0 0 -0.306 -0.019 14.643 0.005 -0.004 -0.02 0.245 -0.006 0.009 0.029
0 0 0 0 0 -0.082 0.076 0.005 12.318 0.076 0.025 0.718 0.001 0.033 0.366
0 0 0 0 0 -0.176 0.046 -0.004 0.076 12.791 0.01 0.6 -0.002 0.027 0.269
0 0 0 0 0 -0.326 -0.005 -0.02 0.025 0.01 13.988 0.383 -0.006 0.015 0.098
0 0 0 0 0 2.427 0.742 0.245 0.718 0.6 0.383 9.947 0.071 0.159 2.383
0 0 0 0 0 -0.092 -0.006 -0.006 0.001 -0.002 -0.006 0.071 14.729 0.002 0.007
0 0 0 0 0 0.072 0.031 0.009 0.033 0.027 0.015 0.159 0.002 9.91 0.112
0 0 0 0 0 -0.13 0.276 0.029 0.366 0.269 0.098 2.383 0.007 0.112 13.286

 Mean vectors and covariance matrices before rotation --- 5th cluster >>

 mean vector (mu'=Q*mu)>>
0 2.907 2.056 7.962 0 2.529 0.012 1.224 0.88 1.638 1.112 0.53 0.795 0.594 0.777

 covariance matrix (Sigma'=Q*Sigma*t(Q))>>

6.403 -0.79 -1.21 -2.469 -0.122 0 0 0 0 0 0 0 0 0 0
-0.79 9.209 -0.453 -0.675 -0.029 0 0 0 0 0 0 0 0 0 0
-1.21 -0.453 6.847 -1.419 -0.062 0 0 0 0 0 0 0 0 0 0
-2.469 -0.675 -1.419 7.288 -0.091 0 0 0 0 0 0 0 0 0 0
-0.122 -0.029 -0.062 -0.091 10.692 0 0 0 0 0 0 0 0 0 0
0 0 0 0 0 11.077 -0.381 -0.306 -0.082 -0.176 -0.326 2.427 -0.092 0.072 -0.13
0 0 0 0 0 -0.381 13.329 -0.019 0.076 0.046 -0.005 0.742 -0.006 0.031 0.276
0 0 0 0 0 -0.306 -0.019 14.643 0.005 -0.004 -0.02 0.245 -0.006 0.009 0.029
0 0 0 0 0 -0.082 0.076 0.005 12.318 0.076 0.025 0.718 0.001 0.033 0.366
0 0 0 0 0 -0.176 0.046 -0.004 0.076 12.791 0.01 0.6 -0.002 0.027 0.269
0 0 0 0 0 -0.326 -0.005 -0.02 0.025 0.01 13.988 0.383 -0.006 0.015 0.098
0 0 0 0 0 2.427 0.742 0.245 0.718 0.6 0.383 9.947 0.071 0.159 2.383
0 0 0 0 0 -0.092 -0.006 -0.006 0.001 -0.002 -0.006 0.071 14.729 0.002 0.007
0 0 0 0 0 0.072 0.031 0.009 0.033 0.027 0.015 0.159 0.002 9.91 0.112
0 0 0 0 0 -0.13 0.276 0.029 0.366 0.269 0.098 2.383 0.007 0.112 13.286

 Final eigenvalues for each cluster >> 
 (rows correspond to clusters)
15.313 14.731 14.664 14.004 13.298 12.739 12.213 12.022 9.901 8.532 7.929 7.63 7.134 6.557 3.82
15.313 14.731 14.664 14.004 13.298 12.739 12.213 12.022 9.901 9.524 8.622 7.134 4.028 3.552 2.068
15.313 14.731 14.664 14.004 13.298 12.739 12.213 12.022 9.901 7.134 6.125 4.9 4.86 4.831 4.691
15.313 14.731 14.664 14.004 13.298 12.739 12.213 12.022 9.901 7.835 7.134 6.71 3.958 3.726 3.35
15.313 14.731 14.664 14.004 13.298 12.739 12.213 12.022 10.696 9.901 9.424 9.405 7.766 7.134 3.148

 *************************************************

 ********************* rotation ******************

 *************************************************


 The orthogonal matrix Q >>
0.554 0.515 0.273 0.217 0.554
0.515 -0.83 0.09 0.072 0.183
0.273 0.09 -0.952 0.038 0.097
0.217 0.072 0.038 -0.97 0.077
0.554 0.183 0.097 0.077 -0.803

 Mean vectors and covariance matrices after rotation --- 1th cluster >>

 mean vector (mu'=Q*mu)>>
1.638 0.012 -2.591 0.88 2.529 -2.787 0.777 0.53 1.224 0.594 -2.79 1.112 0.795 -1.374 -1.095

 covariance matrix (Sigma'=Q*Sigma*t(Q))>>

12.791 0.046 0 0.076 -0.176 0 0.269 0.6 -0.004 0.027 0 0.01 -0.002 0 0
0.046 13.329 0 0.076 -0.381 0 0.276 0.742 -0.019 0.031 0 -0.005 -0.006 0 0
0 0 7.958 0 0 0.109 0 0 0 0 0.05 0 0 -0.346 0.197
0.076 0.076 0 12.318 -0.082 0 0.366 0.718 0.005 0.033 0 0.025 0.001 0 0
-0.176 -0.381 0 -0.082 11.077 0 -0.13 2.427 -0.306 0.072 0 -0.326 -0.092 0 0
0 0 0.109 0 0 6.775 0 0 0 0 0.46 0 0 -0.225 0.438
0.269 0.276 0 0.366 -0.13 0 13.286 2.383 0.029 0.112 0 0.098 0.007 0 0
0.6 0.742 0 0.718 2.427 0 2.383 9.947 0.245 0.159 0 0.383 0.071 0 0
-0.004 -0.019 0 0.005 -0.306 0 0.029 0.245 14.643 0.009 0 -0.02 -0.006 0 0
0.027 0.031 0 0.033 0.072 0 0.112 0.159 0.009 9.91 0 0.015 0.002 0 0
0 0 0.05 0 0 0.46 0 0 0 0 7.865 0 0 -0.34 0.367
0.01 -0.005 0 0.025 -0.326 0 0.098 0.383 -0.02 0.015 0 13.988 -0.006 0 0
-0.002 -0.006 0 0.001 -0.092 0 0.007 0.071 -0.006 0.002 0 -0.006 14.729 0 0
0 0 -0.346 0 0 -0.225 0 0 0 0 -0.34 0 0 4.027 0.669
0 0 0.197 0 0 0.438 0 0 0 0 0.367 0 0 0.669 7.842

 Mean vectors and covariance matrices after rotation --- 2th cluster >>

 mean vector (mu'=Q*mu)>>
1.638 0.012 2.591 0.88 2.529 2.787 0.777 0.53 1.224 0.594 2.79 1.112 0.795 1.374 1.095

 covariance matrix (Sigma'=Q*Sigma*t(Q))>>

12.791 0.046 0 0.076 -0.176 0 0.269 0.6 -0.004 0.027 0 0.01 -0.002 0 0
0.046 13.329 0 0.076 -0.381 0 0.276 0.742 -0.019 0.031 0 -0.005 -0.006 0 0
0 0 4.401 0 0 0.448 0 0 0 0 0.936 0 0 0.187 -1.243
0.076 0.076 0 12.318 -0.082 0 0.366 0.718 0.005 0.033 0 0.025 0.001 0 0
-0.176 -0.381 0 -0.082 11.077 0 -0.13 2.427 -0.306 0.072 0 -0.326 -0.092 0 0
0 0 0.448 0 0 9.258 0 0 0 0 -0.684 0 0 0.239 -0.941
0.269 0.276 0 0.366 -0.13 0 13.286 2.383 0.029 0.112 0 0.098 0.007 0 0
0.6 0.742 0 0.718 2.427 0 2.383 9.947 0.245 0.159 0 0.383 0.071 0 0
-0.004 -0.019 0 0.005 -0.306 0 0.029 0.245 14.643 0.009 0 -0.02 -0.006 0 0
0.027 0.031 0 0.033 0.072 0 0.112 0.159 0.009 9.91 0 0.015 0.002 0 0
0 0 0.936 0 0 -0.684 0 0 0 0 6.826 0 0 0.517 -2.287
0.01 -0.005 0 0.025 -0.326 0 0.098 0.383 -0.02 0.015 0 13.988 -0.006 0 0
-0.002 -0.006 0 0.001 -0.092 0 0.007 0.071 -0.006 0.002 0 -0.006 14.729 0 0
0 0 0.187 0 0 0.239 0 0 0 0 0.517 0 0 3.649 -0.567
0 0 -1.243 0 0 -0.941 0 0 0 0 -2.287 0 0 -0.567 3.659

 Mean vectors and covariance matrices after rotation --- 3th cluster >>

 mean vector (mu'=Q*mu)>>
1.638 0.012 -7.235 0.88 2.529 1.599 0.777 0.53 1.224 0.594 4.488 1.112 0.795 0.788 0.628

 covariance matrix (Sigma'=Q*Sigma*t(Q))>>

12.791 0.046 0 0.076 -0.176 0 0.269 0.6 -0.004 0.027 0 0.01 -0.002 0 0
0.046 13.329 0 0.076 -0.381 0 0.276 0.742 -0.019 0.031 0 -0.005 -0.006 0 0
0 0 6.098 0 0 -0.027 0 0 0 0 -0.017 0 0 -0.163 0.072
0.076 0.076 0 12.318 -0.082 0 0.366 0.718 0.005 0.033 0 0.025 0.001 0 0
-0.176 -0.381 0 -0.082 11.077 0 -0.13 2.427 -0.306 0.072 0 -0.326 -0.092 0 0
0 0 -0.027 0 0 4.696 0 0 0 0 0.001 0 0 0.026 -0.016
0.269 0.276 0 0.366 -0.13 0 13.286 2.383 0.029 0.112 0 0.098 0.007 0 0
0.6 0.742 0 0.718 2.427 0 2.383 9.947 0.245 0.159 0 0.383 0.071 0 0
-0.004 -0.019 0 0.005 -0.306 0 0.029 0.245 14.643 0.009 0 -0.02 -0.006 0 0
0.027 0.031 0 0.033 0.072 0 0.112 0.159 0.009 9.91 0 0.015 0.002 0 0
0 0 -0.017 0 0 0.001 0 0 0 0 4.838 0 0 0.013 -0.014
0.01 -0.005 0 0.025 -0.326 0 0.098 0.383 -0.02 0.015 0 13.988 -0.006 0 0
-0.002 -0.006 0 0.001 -0.092 0 0.007 0.071 -0.006 0.002 0 -0.006 14.729 0 0
0 0 -0.163 0 0 0.026 0 0 0 0 0.013 0 0 4.874 -0.008
0 0 0.072 0 0 -0.016 0 0 0 0 -0.014 0 0 -0.008 4.901

 Mean vectors and covariance matrices after rotation --- 4th cluster >>

 mean vector (mu'=Q*mu)>>
1.638 0.012 -1.669 0.88 2.529 1.332 0.777 0.53 1.224 0.594 3.74 1.112 0.795 -7.566 0.523

 covariance matrix (Sigma'=Q*Sigma*t(Q))>>

12.791 0.046 0 0.076 -0.176 0 0.269 0.6 -0.004 0.027 0 0.01 -0.002 0 0
0.046 13.329 0 0.076 -0.381 0 0.276 0.742 -0.019 0.031 0 -0.005 -0.006 0 0
0 0 4.783 0 0 0.167 0 0 0 0 1.264 0 0 0.569 -0.205
0.076 0.076 0 12.318 -0.082 0 0.366 0.718 0.005 0.033 0 0.025 0.001 0 0
-0.176 -0.381 0 -0.082 11.077 0 -0.13 2.427 -0.306 0.072 0 -0.326 -0.092 0 0
0 0 0.167 0 0 3.814 0 0 0 0 0.248 0 0 0.484 -0.021
0.269 0.276 0 0.366 -0.13 0 13.286 2.383 0.029 0.112 0 0.098 0.007 0 0
0.6 0.742 0 0.718 2.427 0 2.383 9.947 0.245 0.159 0 0.383 0.071 0 0
-0.004 -0.019 0 0.005 -0.306 0 0.029 0.245 14.643 0.009 0 -0.02 -0.006 0 0
0.027 0.031 0 0.033 0.072 0 0.112 0.159 0.009 9.91 0 0.015 0.002 0 0
0 0 1.264 0 0 0.248 0 0 0 0 6.036 0 0 0.105 -0.292
0.01 -0.005 0 0.025 -0.326 0 0.098 0.383 -0.02 0.015 0 13.988 -0.006 0 0
-0.002 -0.006 0 0.001 -0.092 0 0.007 0.071 -0.006 0.002 0 -0.006 14.729 0 0
0 0 0.569 0 0 0.484 0 0 0 0 0.105 0 0 7.547 0.168
0 0 -0.205 0 0 -0.021 0 0 0 0 -0.292 0 0 0.168 3.401

 Mean vectors and covariance matrices after rotation --- 5th cluster >>

 mean vector (mu'=Q*mu)>>
1.638 0.012 -1.653 0.88 2.529 1.349 0.777 0.53 1.224 0.594 3.788 1.112 0.795 -1.39 -7.431

 covariance matrix (Sigma'=Q*Sigma*t(Q))>>

12.791 0.046 0 0.076 -0.176 0 0.269 0.6 -0.004 0.027 0 0.01 -0.002 0 0
0.046 13.329 0 0.076 -0.381 0 0.276 0.742 -0.019 0.031 0 -0.005 -0.006 0 0
0 0 8.977 0 0 -1.01 0 0 0 0 -1.117 0 0 0.185 0.683
0.076 0.076 0 12.318 -0.082 0 0.366 0.718 0.005 0.033 0 0.025 0.001 0 0
-0.176 -0.381 0 -0.082 11.077 0 -0.13 2.427 -0.306 0.072 0 -0.326 -0.092 0 0
0 0 -1.01 0 0 8.851 0 0 0 0 -2.682 0 0 0.237 1.062
0.269 0.276 0 0.366 -0.13 0 13.286 2.383 0.029 0.112 0 0.098 0.007 0 0
0.6 0.742 0 0.718 2.427 0 2.383 9.947 0.245 0.159 0 0.383 0.071 0 0
-0.004 -0.019 0 0.005 -0.306 0 0.029 0.245 14.643 0.009 0 -0.02 -0.006 0 0
0.027 0.031 0 0.033 0.072 0 0.112 0.159 0.009 9.91 0 0.015 0.002 0 0
0 0 -1.117 0 0 -2.682 0 0 0 0 6.545 0 0 0.915 1.793
0.01 -0.005 0 0.025 -0.326 0 0.098 0.383 -0.02 0.015 0 13.988 -0.006 0 0
-0.002 -0.006 0 0.001 -0.092 0 0.007 0.071 -0.006 0.002 0 -0.006 14.729 0 0
0 0 0.185 0 0 0.237 0 0 0 0 0.915 0 0 7.589 -0.377
0 0 0.683 0 0 1.062 0 0 0 0 1.793 0 0 -0.377 8.478

 Final eigenvalues for each cluster >> 
 (rows correspond to clusters)
15.313 14.731 14.664 14.004 13.298 12.739 12.213 12.022 9.901 8.532 7.929 7.63 7.134 6.557 3.82
15.313 14.731 14.664 14.004 13.298 12.739 12.213 12.022 9.901 9.524 8.622 7.134 4.028 3.552 2.068
15.313 14.731 14.664 14.004 13.298 12.739 12.213 12.022 9.901 7.134 6.125 4.9 4.86 4.831 4.691
15.313 14.731 14.664 14.004 13.298 12.739 12.213 12.022 9.901 7.835 7.134 6.71 3.958 3.726 3.35
15.313 14.731 14.664 14.004 13.298 12.739 12.213 12.022 10.696 9.901 9.424 9.405 7.766 7.134 3.148

 theoretical Separation index matrix >>

-1 0.01 0.01 0.012 0.05
0.01 -1 0.069 0.053 0.052
0.01 0.069 -1 0.037 0.01
0.012 0.053 0.037 -1 0.01
0.05 0.052 0.01 0.01 -1

 theoretical projection directions >>

**** cluster 1 and 2
0 0 0.497 0 0 0.41 0 0 0 0 0.484 0 0 0.411 0.425

**** cluster 1 and 3
0 0 -0.411 0 0 0.459 0 0 0 0 0.717 0 0 0.299 0.134

**** cluster 1 and 4
0 0 0.035 0 0 0.457 0 0 0 0 0.544 0 0 -0.671 0.21

**** cluster 1 and 5
0 0 0.168 0 0 0.452 0 0 0 0 0.679 0 0 -0.044 -0.551

**** cluster 2 and 3
0 0 -0.964 0 0 -0.049 0 0 0 0 0.189 0 0 -0.085 -0.159

**** cluster 2 and 4
0 0 -0.475 0 0 -0.051 0 0 0 0 0.15 0 0 -0.843 -0.198

**** cluster 2 and 5
0 0 -0.41 0 0 -0.094 0 0 0 0 -0.011 0 0 -0.327 -0.846

**** cluster 3 and 4
0 0 0.617 0 0 0.005 0 0 0 0 -0.139 0 0 -0.775 0.005

**** cluster 3 and 5
0 0 0.511 0 0 0.103 0 0 0 0 0.133 0 0 -0.251 -0.805

**** cluster 4 and 5
0 0 -0.007 0 0 0.044 0 0 0 0 0.058 0 0 0.48 -0.874

 empirical Separation index matrix (alpha= 0.05 )>>

-1 0.06 0.101 0.152 0.091
0.06 -1 0.047 0.103 0.069
0.101 0.047 -1 0.094 0.088
0.152 0.103 0.094 -1 0.094
0.091 0.069 0.088 0.094 -1

 empirical projection directions >>

**** cluster 1 and 2
-0.007 -0.067 -0.355 -0.013 -0.133 -0.405 0.041 0.036 0.047 0.038 -0.569 0.222 0.124 -0.384 -0.381

**** cluster 1 and 3
-0.073 -0.077 -0.4 0.001 -0.048 -0.135 -0.048 0.001 0.082 -0.109 0.087 0.063 -0.074 -0.844 -0.242

**** cluster 1 and 4
-0.074 -0.066 -0.56 0.051 -0.045 -0.178 -0.071 0.077 -0.012 -0.108 -0.14 0.104 0.105 -0.233 -0.723

**** cluster 1 and 5
-0.12 -0.086 -0.941 0.092 -0.052 -0.038 -0.022 0.137 0.035 -0.091 0.148 -0.035 0.002 -0.05 -0.162

**** cluster 2 and 3
-0.011 0.054 -0.051 -0.025 0.042 0.476 0.026 -0.068 0.066 -0.21 0.575 0.054 -0.11 -0.575 0.187

**** cluster 2 and 4
0.071 0.041 0.322 -0.031 0.13 0.329 -0.088 -0.072 -0.038 -0.107 0.59 0.085 -0.021 -0.03 -0.618

**** cluster 2 and 5
-0.037 -0.071 -0.401 0.086 0.091 0.342 -0.031 0.013 -0.003 -0.172 0.668 -0.134 -0.132 0.268 0.34

**** cluster 3 and 4
0.037 -0.059 -0.05 -0.003 0.162 -0.045 0.003 -0.007 0.051 -0.027 -0.055 0.001 -0.011 0.409 -0.889

**** cluster 3 and 5
-0.142 -0.073 -0.55 0.073 0.084 0.203 -0.004 0.064 -0.041 0.085 0.143 -0.002 -0.062 0.762 -0.012

**** cluster 4 and 5
-0.032 0.034 -0.532 0.137 -0.175 -0.02 0.051 0.087 -0.075 -0.054 0.093 -0.086 -0.105 0.207 0.759
