
 Log information for the data set datasetJMG2v10nv3out0_2.dat >>

 alpha = 0.05 sepVal = 0.21

 Number of clusters >> 2

 cluster sizes >>
50 50

 Number of data points >> 100

 Number of dimensions >> 13

 Number of noisy dimensions >> 3

 noisy variables >>
2 3 4

 Number of outliers >> 0

 initial eigenvalues for each cluster >> 
 (rows correspond to clusters)
2.696 4.375 3.821 6.117 8.686 4.62 1.355 7.402 7.898 4.233
4.476 7.506 8.332 8.081 2.548 4.452 5.042 3.623 2.29 6.206

 Mean vectors and covariance matrices before rotation --- 1th cluster >>

 mean vector (mu'=Q*mu)>>
-6.996 0 0 0 0 0 0 0 0 0 0 0 0

 covariance matrix (Sigma'=Q*Sigma*t(Q))>>

5.518 0.541 0.381 -0.161 -1.512 0.286 0.917 -0.706 -0.052 0.234 0 0 0
0.541 4.166 -0.021 -0.267 -1.192 -0.199 0.279 -0.672 -0.045 -0.063 0 0 0
0.381 -0.021 3.844 -0.093 -0.475 -0.038 0.155 -0.256 -0.018 -0.001 0 0 0
-0.161 -0.267 -0.093 5.947 -0.595 -0.208 0.025 -0.365 -0.024 -0.095 0 0 0
-1.512 -1.192 -0.475 -0.595 6.897 -0.884 -0.195 -1.169 -0.074 -0.437 0 0 0
0.286 -0.199 -0.038 -0.208 -0.884 4.444 0.176 -0.507 -0.034 -0.064 0 0 0
0.917 0.279 0.155 0.025 -0.195 0.176 1.619 -0.053 -0.005 0.112 0 0 0
-0.706 -0.672 -0.256 -0.365 -1.169 -0.507 -0.053 6.658 -0.048 -0.244 0 0 0
-0.052 -0.045 -0.018 -0.024 -0.074 -0.034 -0.005 -0.048 7.895 -0.017 0 0 0
0.234 -0.063 -0.001 -0.095 -0.437 -0.064 0.112 -0.244 -0.017 4.215 0 0 0
0 0 0 0 0 0 0 0 0 0 48.074 -10.412 -1.245
0 0 0 0 0 0 0 0 0 0 -10.412 30.872 -2.855
0 0 0 0 0 0 0 0 0 0 -1.245 -2.855 51.431

 Mean vectors and covariance matrices before rotation --- 2th cluster >>

 mean vector (mu'=Q*mu)>>
6.996 0 0 0 0 0 0 0 0 0 0 0 0

 covariance matrix (Sigma'=Q*Sigma*t(Q))>>

5.975 -0.351 -0.961 -1.259 0.617 0.353 0.266 0.502 1.084 -0.125 0 0 0
-0.351 7.355 -0.331 -0.458 0.004 -0.08 -0.151 -0.036 0.02 -0.142 0 0 0
-0.961 -0.331 7.62 -0.992 -0.041 -0.22 -0.384 -0.128 -0.042 -0.328 0 0 0
-1.259 -0.458 -0.992 6.702 -0.038 -0.288 -0.512 -0.16 -0.026 -0.448 0 0 0
0.617 0.004 -0.041 -0.038 2.707 0.144 0.166 0.155 0.272 0.058 0 0 0
0.353 -0.08 -0.22 -0.288 0.144 4.535 0.064 0.117 0.252 -0.028 0 0 0
0.266 -0.151 -0.384 -0.512 0.166 0.064 5.055 0.12 0.297 -0.088 0 0 0
0.502 -0.036 -0.128 -0.16 0.155 0.117 0.12 3.763 0.268 0.018 0 0 0
1.084 0.02 -0.042 -0.026 0.272 0.252 0.297 0.268 2.753 0.11 0 0 0
-0.125 -0.142 -0.328 -0.448 0.058 -0.028 -0.088 0.018 0.11 6.091 0 0 0
0 0 0 0 0 0 0 0 0 0 48.074 -10.412 -1.245
0 0 0 0 0 0 0 0 0 0 -10.412 30.872 -2.855
0 0 0 0 0 0 0 0 0 0 -1.245 -2.855 51.431

 Final eigenvalues for each cluster >> 
 (rows correspond to clusters)
52.985 51.799 25.592 8.686 7.898 7.402 6.117 4.62 4.375 4.233 3.821 2.696 1.355
52.985 51.799 25.592 8.332 8.081 7.506 6.206 5.042 4.476 4.452 3.623 2.548 2.29

 *************************************************

 ********************* rotation ******************

 *************************************************


 The orthogonal matrix Q >>
0.445 0.11 0.073 0.049 0.27 0.343 0.352 0.364 0.41 0.408
0.11 -0.992 0.006 0.004 0.02 0.026 0.027 0.028 0.031 0.031
0.073 0.006 -0.996 0.002 0.014 0.017 0.018 0.018 0.021 0.021
0.049 0.004 0.002 -0.998 0.009 0.012 0.012 0.012 0.014 0.014
0.27 0.02 0.014 0.009 -0.949 0.064 0.066 0.068 0.077 0.076
0.343 0.026 0.017 0.012 0.064 -0.919 0.084 0.086 0.097 0.097
0.352 0.027 0.018 0.012 0.066 0.084 -0.914 0.089 0.1 0.099
0.364 0.028 0.018 0.012 0.068 0.086 0.089 -0.909 0.103 0.103
0.41 0.031 0.021 0.014 0.077 0.097 0.1 0.103 -0.884 0.116
0.408 0.031 0.021 0.014 0.076 0.097 0.099 0.103 0.116 -0.885

 Mean vectors and covariance matrices after rotation --- 1th cluster >>

 mean vector (mu'=Q*mu)>>
-0.34 0 0 0 -2.854 -2.544 -0.51 -2.871 -1.892 -2.401 -3.116 -0.766 -2.465

 covariance matrix (Sigma'=Q*Sigma*t(Q))>>

5.99 0 0 0 0.089 -0.168 -0.07 0.12 -0.38 -0.051 0.447 -0.223 0.172
0 51.431 -2.855 -1.245 0 0 0 0 0 0 0 0 0
0 -2.855 30.872 -10.412 0 0 0 0 0 0 0 0 0
0 -1.245 -10.412 48.074 0 0 0 0 0 0 0 0 0
0.089 0 0 0 4.331 0.137 -0.067 -0.25 0.415 0.049 0.268 -0.073 0.106
-0.168 0 0 0 0.137 7.245 -0.265 0.024 -0.225 -0.172 0.311 -0.607 0.182
-0.07 0 0 0 -0.067 -0.265 3.817 -0.146 -0.38 -0.09 0.081 -0.046 0.079
0.12 0 0 0 -0.25 0.024 -0.146 7.309 0.551 -0.215 -1.256 -0.149 -0.313
-0.38 0 0 0 0.415 -0.225 -0.38 0.551 7.976 -0.157 1.257 -0.991 0.471
-0.051 0 0 0 0.049 -0.172 -0.09 -0.215 -0.157 4.551 0.369 -0.203 0.185
0.447 0 0 0 0.268 0.311 0.081 -1.256 1.257 0.369 4.309 0.405 0.574
-0.223 0 0 0 -0.073 -0.607 -0.046 -0.149 -0.991 -0.203 0.405 4.152 0.242
0.172 0 0 0 0.106 0.182 0.079 -0.313 0.471 0.185 0.574 0.242 1.524

 Mean vectors and covariance matrices after rotation --- 2th cluster >>

 mean vector (mu'=Q*mu)>>
0.34 0 0 0 2.854 2.544 0.51 2.871 1.892 2.401 3.116 0.766 2.465

 covariance matrix (Sigma'=Q*Sigma*t(Q))>>

6.868 0 0 0 0.261 0.462 -0.807 0.659 0.418 0.298 1.206 -0.251 0.089
0 51.431 -2.855 -1.245 0 0 0 0 0 0 0 0 0
0 -2.855 30.872 -10.412 0 0 0 0 0 0 0 0 0
0 -1.245 -10.412 48.074 0 0 0 0 0 0 0 0 0
0.261 0 0 0 6.288 0.111 0.199 0.078 0.071 0.05 0.185 0.052 -0.011
0.462 0 0 0 0.111 3.773 0.327 0.156 0.113 0.117 0.486 0.114 0.117
-0.807 0 0 0 0.199 0.327 7.801 0.447 0.288 0.208 0.837 -0.164 0.055
0.659 0 0 0 0.078 0.156 0.447 2.488 0.133 0.136 0.577 0.153 0.175
0.418 0 0 0 0.071 0.113 0.288 0.133 2.638 0.096 0.407 0.101 0.116
0.298 0 0 0 0.05 0.117 0.208 0.136 0.096 4.525 0.298 0.059 0.051
1.206 0 0 0 0.185 0.486 0.837 0.577 0.407 0.298 5.687 0.232 0.201
-0.251 0 0 0 0.052 0.114 -0.164 0.153 0.101 0.059 0.232 7.445 -0.009
0.089 0 0 0 -0.011 0.117 0.055 0.175 0.116 0.051 0.201 -0.009 5.04

 Final eigenvalues for each cluster >> 
 (rows correspond to clusters)
52.985 51.799 25.592 8.686 7.898 7.402 6.117 4.62 4.375 4.233 3.821 2.696 1.355
52.985 51.799 25.592 8.332 8.081 7.506 6.206 5.042 4.476 4.452 3.623 2.548 2.29

 theoretical Separation index matrix >>

-1 0.21
0.21 -1

 theoretical projection directions >>

**** cluster 1 and 2
-0.065 0 0 0 0.378 0.296 0.009 0.468 0.143 0.363 0.38 0.097 0.49

 empirical Separation index matrix (alpha= 0.05 )>>

-1 0.24
0.24 -1

 empirical projection directions >>

**** cluster 1 and 2
0.161 0.041 -0.075 0.064 -0.455 -0.298 0.249 -0.462 0.06 -0.235 -0.326 0.103 -0.465
