
 Log information for the data set datasetJMG3v5nv1out0_1.dat >>

 alpha = 0.05 sepVal = 0.21

 Number of clusters >> 3

 cluster sizes >>
50 50 50

 Number of data points >> 150

 Number of dimensions >> 6

 Number of noisy dimensions >> 1

 noisy variables >>
1

 Number of outliers >> 0

 initial eigenvalues for each cluster >> 
 (rows correspond to clusters)
7.452 8.617 1.034 3.775 2.016
5.933 8.813 5.625 9.812 4.331
7.107 5.797 7.443 6.165 4.666

 Mean vectors and covariance matrices before rotation --- 1th cluster >>

 mean vector (mu'=Q*mu)>>
-7.959 0 0 0 0 2.879

 covariance matrix (Sigma'=Q*Sigma*t(Q))>>

8.698 -2.076 0.507 0.174 4.214 0
-2.076 12.439 0.14 0.032 1.085 0
0.507 0.14 1.67 0.026 0.435 0
0.174 0.032 0.026 5.943 0.235 0
4.214 1.085 0.435 0.235 7.216 0
0 0 0 0 0 19.938

 Mean vectors and covariance matrices before rotation --- 2th cluster >>

 mean vector (mu'=Q*mu)>>
7.959 0 0 0 0 2.879

 covariance matrix (Sigma'=Q*Sigma*t(Q))>>

7.937 -0.633 1.222 -1.168 0.246 0
-0.633 7.672 -0.238 -1.386 0.018 0
1.222 -0.238 6.354 -0.518 0.14 0
-1.168 -1.386 -0.518 8.196 -0.018 0
0.246 0.018 0.14 -0.018 4.354 0
0 0 0 0 0 19.938

 Mean vectors and covariance matrices before rotation --- 3th cluster >>

 mean vector (mu'=Q*mu)>>
0 13.785 0 0 0 2.879

 covariance matrix (Sigma'=Q*Sigma*t(Q))>>

6.586 0.006 -0.431 0.331 0.757 0
0.006 5.797 0.002 0.005 0.006 0
-0.431 0.002 7.167 0.059 0.276 0
0.331 0.005 0.059 6.531 0.458 0
0.757 0.006 0.276 0.458 5.098 0
0 0 0 0 0 19.938

 Final eigenvalues for each cluster >> 
 (rows correspond to clusters)
19.938 13.538 11.706 5.93 3.168 1.624
19.938 9.812 8.813 5.933 5.625 4.331
19.938 7.443 7.107 6.165 5.797 4.666

 *************************************************

 ********************* rotation ******************

 *************************************************


 The orthogonal matrix Q >>
0.566 0.231 0.637 0.367 0.291
0.231 -0.966 0.094 0.054 0.043
0.637 0.094 -0.741 0.149 0.118
0.367 0.054 0.149 -0.914 0.068
0.291 0.043 0.118 0.068 -0.946

 Mean vectors and covariance matrices after rotation --- 1th cluster >>

 mean vector (mu'=Q*mu)>>
2.879 -1.841 -2.318 -5.072 -4.508 -2.921

 covariance matrix (Sigma'=Q*Sigma*t(Q))>>

19.938 0 0 0 0 0
0 13.038 0.472 1.51 -0.153 0.618
0 0.472 4.722 -1.609 -2.629 -1.198
0 1.51 -1.609 4.666 3.894 1.19
0 -0.153 -2.629 3.894 7.249 0.746
0 0.618 -1.198 1.19 0.746 6.291

 Mean vectors and covariance matrices after rotation --- 2th cluster >>

 mean vector (mu'=Q*mu)>>
2.879 1.841 2.318 5.072 4.508 2.921

 covariance matrix (Sigma'=Q*Sigma*t(Q))>>

19.938 0 0 0 0 0
0 8.164 0.404 0.32 0.951 -0.652
0 0.404 4.547 0.199 0.662 0.536
0 0.32 0.199 5.691 0.181 0.236
0 0.951 0.662 0.181 6.826 1.027
0 -0.652 0.536 0.236 1.027 9.286

 Mean vectors and covariance matrices after rotation --- 3th cluster >>

 mean vector (mu'=Q*mu)>>
2.879 -13.314 0.593 1.297 3.189 0.747

 covariance matrix (Sigma'=Q*Sigma*t(Q))>>

19.938 0 0 0 0 0
0 5.858 -0.111 0.13 0.239 -0.037
0 -0.111 4.708 -0.095 -0.259 0.099
0 0.13 -0.095 7.415 -0.051 -0.118
0 0.239 -0.259 -0.051 6.954 -0.237
0 -0.037 0.099 -0.118 -0.237 6.244

 Final eigenvalues for each cluster >> 
 (rows correspond to clusters)
19.938 13.538 11.706 5.93 3.168 1.624
19.938 9.812 8.813 5.933 5.625 4.331
19.938 7.443 7.107 6.165 5.797 4.666

 theoretical Separation index matrix >>

-1 0.212 0.21
0.212 -1 0.21
0.21 0.21 -1

 theoretical projection directions >>

**** cluster 1 and 2
0 0.036 0.606 0.673 0.358 0.223

**** cluster 1 and 3
0 -0.561 0.506 0.42 0.432 0.258

**** cluster 2 and 3
0 -0.955 -0.125 -0.216 0.008 -0.158

 empirical Separation index matrix (alpha= 0.05 )>>

-1 0.23 0.254
0.23 -1 0.229
0.254 0.229 -1

 empirical projection directions >>

**** cluster 1 and 2
0.074 -0.094 0.613 0.57 0.489 0.214

**** cluster 1 and 3
0.04 -0.5 0.58 0.353 0.504 0.183

**** cluster 2 and 3
-0.041 -0.948 -0.077 -0.305 0.018 -0.032
