
 Log information for the data set datasetJHG2v10nv10out0_1.dat >>

 alpha = 0.05 sepVal = 0.34

 Number of clusters >> 2

 cluster sizes >>
50 50

 Number of data points >> 100

 Number of dimensions >> 20

 Number of noisy dimensions >> 10

 noisy variables >>
1 4 6 7 10 12 15 18 19 20

 Number of outliers >> 0

 initial eigenvalues for each cluster >> 
 (rows correspond to clusters)
5.761 2.532 7.078 1.248 8.436 2.184 7.773 7.066 8.351 7.208
3.617 5.819 7.313 5.036 2.099 6.803 2.483 9.748 6.378 4.867

 Mean vectors and covariance matrices before rotation --- 1th cluster >>

 mean vector (mu'=Q*mu)>>
-9.534 0 0 0 0 0 0 0 0 0 0 0 0 0 0 0 0 0 0 0

 covariance matrix (Sigma'=Q*Sigma*t(Q))>>

6.89 1.199 -0.089 0.929 -0.772 0.807 -0.535 -0.063 -0.615 -0.222 0 0 0 0 0 0 0 0 0 0
1.199 3.027 0.139 0.344 0.147 0.322 0.237 0.102 0.13 0.254 0 0 0 0 0 0 0 0 0 0
-0.089 0.139 7.015 0.12 -0.23 0.097 -0.2 -0.046 -0.187 -0.129 0 0 0 0 0 0 0 0 0 0
0.929 0.344 0.12 1.482 0.164 0.222 0.225 0.088 0.141 0.222 0 0 0 0 0 0 0 0 0 0
-0.772 0.147 -0.23 0.164 7.762 0.113 -0.635 -0.166 -0.553 -0.456 0 0 0 0 0 0 0 0 0 0
0.807 0.322 0.097 0.222 0.113 2.393 0.171 0.071 0.099 0.178 0 0 0 0 0 0 0 0 0 0
-0.535 0.237 -0.2 0.225 -0.635 0.171 7.193 -0.145 -0.519 -0.401 0 0 0 0 0 0 0 0 0 0
-0.063 0.102 -0.046 0.088 -0.166 0.071 -0.145 7.033 -0.136 -0.094 0 0 0 0 0 0 0 0 0 0
-0.615 0.13 -0.187 0.141 -0.553 0.099 -0.519 -0.136 7.897 -0.372 0 0 0 0 0 0 0 0 0 0
-0.222 0.254 -0.129 0.222 -0.456 0.178 -0.401 -0.094 -0.372 6.944 0 0 0 0 0 0 0 0 0 0
0 0 0 0 0 0 0 0 0 0 37.727 5.778 6.092 11.694 -4.611 -0.008 -0.637 2.747 -20.616 -0.104
0 0 0 0 0 0 0 0 0 0 5.778 14.884 2.359 3.96 -0.23 0.365 0.504 0.902 -1.637 0.596
0 0 0 0 0 0 0 0 0 0 6.092 2.359 22.523 4.915 -0.59 0.369 0.461 1.126 -3.252 0.596
0 0 0 0 0 0 0 0 0 0 11.694 3.96 4.915 22.981 -0.597 0.732 0.993 1.892 -3.889 1.194
0 0 0 0 0 0 0 0 0 0 -4.611 -0.23 -0.59 -0.597 66.321 -0.346 -0.645 -0.114 -3.982 -0.589
0 0 0 0 0 0 0 0 0 0 -0.008 0.365 0.369 0.732 -0.346 36.884 -0.071 0.173 -1.52 -0.034
0 0 0 0 0 0 0 0 0 0 -0.637 0.504 0.461 0.993 -0.645 -0.071 40.475 0.239 -2.768 -0.129
0 0 0 0 0 0 0 0 0 0 2.747 0.902 1.126 1.892 -0.114 0.173 0.239 13.671 -0.797 0.283
0 0 0 0 0 0 0 0 0 0 -20.616 -1.637 -3.252 -3.889 -3.982 -1.52 -2.768 -0.797 61.86 -2.58
0 0 0 0 0 0 0 0 0 0 -0.104 0.596 0.596 1.194 -0.589 -0.034 -0.129 0.283 -2.58 37.373

 Mean vectors and covariance matrices before rotation --- 2th cluster >>

 mean vector (mu'=Q*mu)>>
9.534 0 0 0 0 0 0 0 0 0 0 0 0 0 0 0 0 0 0 0

 covariance matrix (Sigma'=Q*Sigma*t(Q))>>

5.228 -0.396 -0.46 -0.048 0.878 -0.327 0.727 -1.984 -0.39 -0.047 0 0 0 0 0 0 0 0 0 0
-0.396 5.499 -0.225 -0.111 0.04 -0.178 0.006 -0.751 -0.242 -0.255 0 0 0 0 0 0 0 0 0 0
-0.46 -0.225 7.17 -0.086 -0.044 -0.116 -0.058 -0.439 -0.163 -0.203 0 0 0 0 0 0 0 0 0 0
-0.048 -0.111 -0.086 5.001 0.049 -0.066 0.033 -0.305 -0.088 -0.077 0 0 0 0 0 0 0 0 0 0
0.878 0.04 -0.044 0.049 2.421 -0.02 0.283 -0.322 -0.006 0.138 0 0 0 0 0 0 0 0 0 0
-0.327 -0.178 -0.116 -0.066 -0.02 6.709 -0.033 -0.366 -0.13 -0.156 0 0 0 0 0 0 0 0 0 0
0.727 0.006 -0.058 0.033 0.283 -0.033 2.729 -0.346 -0.027 0.097 0 0 0 0 0 0 0 0 0 0
-1.984 -0.751 -0.439 -0.305 -0.322 -0.366 -0.346 8.507 -0.523 -0.734 0 0 0 0 0 0 0 0 0 0
-0.39 -0.242 -0.163 -0.088 -0.006 -0.13 -0.027 -0.523 6.199 -0.204 0 0 0 0 0 0 0 0 0 0
-0.047 -0.255 -0.203 -0.077 0.138 -0.156 0.097 -0.734 -0.204 4.698 0 0 0 0 0 0 0 0 0 0
0 0 0 0 0 0 0 0 0 0 37.727 5.778 6.092 11.694 -4.611 -0.008 -0.637 2.747 -20.616 -0.104
0 0 0 0 0 0 0 0 0 0 5.778 14.884 2.359 3.96 -0.23 0.365 0.504 0.902 -1.637 0.596
0 0 0 0 0 0 0 0 0 0 6.092 2.359 22.523 4.915 -0.59 0.369 0.461 1.126 -3.252 0.596
0 0 0 0 0 0 0 0 0 0 11.694 3.96 4.915 22.981 -0.597 0.732 0.993 1.892 -3.889 1.194
0 0 0 0 0 0 0 0 0 0 -4.611 -0.23 -0.59 -0.597 66.321 -0.346 -0.645 -0.114 -3.982 -0.589
0 0 0 0 0 0 0 0 0 0 -0.008 0.365 0.369 0.732 -0.346 36.884 -0.071 0.173 -1.52 -0.034
0 0 0 0 0 0 0 0 0 0 -0.637 0.504 0.461 0.993 -0.645 -0.071 40.475 0.239 -2.768 -0.129
0 0 0 0 0 0 0 0 0 0 2.747 0.902 1.126 1.892 -0.114 0.173 0.239 13.671 -0.797 0.283
0 0 0 0 0 0 0 0 0 0 -20.616 -1.637 -3.252 -3.889 -3.982 -1.52 -2.768 -0.797 61.86 -2.58
0 0 0 0 0 0 0 0 0 0 -0.104 0.596 0.596 1.194 -0.589 -0.034 -0.129 0.283 -2.58 37.373

 Final eigenvalues for each cluster >> 
 (rows correspond to clusters)
77.144 67.34 40.666 37.44 36.9 34.624 19.663 14.687 13.24 12.996 8.436 8.351 7.773 7.208 7.078 7.066 5.761 2.532 2.184 1.248
77.144 67.34 40.666 37.44 36.9 34.624 19.663 14.687 13.24 12.996 9.748 7.313 6.803 6.378 5.819 5.036 4.867 3.617 2.483 2.099

 *************************************************

 ********************* rotation ******************

 *************************************************


 The orthogonal matrix Q >>
0.433 0.337 0.32 0.024 0.391 0.246 0.413 0.006 0.051 0.458
0.337 -0.921 0.075 0.006 0.092 0.058 0.097 0.001 0.012 0.108
0.32 0.075 -0.929 0.005 0.087 0.055 0.092 0.001 0.011 0.102
0.024 0.006 0.005 -1 0.006 0.004 0.007 0 0.001 0.008
0.391 0.092 0.087 0.006 -0.893 0.067 0.113 0.002 0.014 0.125
0.246 0.058 0.055 0.004 0.067 -0.958 0.071 0.001 0.009 0.079
0.413 0.097 0.092 0.007 0.113 0.071 -0.881 0.002 0.015 0.132
0.006 0.001 0.001 0 0.002 0.001 0.002 -1 0 0.002
0.051 0.012 0.011 0.001 0.014 0.009 0.015 0 -0.998 0.016
0.458 0.108 0.102 0.008 0.125 0.079 0.132 0.002 0.016 -0.854

 Mean vectors and covariance matrices after rotation --- 1th cluster >>

 mean vector (mu'=Q*mu)>>
0 -3.049 -4.128 0 -4.365 0 0 -2.345 -3.216 0 -0.49 0 -3.729 -0.226 0 -3.934 -0.054 0 0 0

 covariance matrix (Sigma'=Q*Sigma*t(Q))>>

37.727 0 0 -4.611 0 -0.637 -0.008 0 0 -0.104 0 -20.616 0 0 5.778 0 0 11.694 6.092 2.747
0 7.078 -0.044 0 0.006 0 0 0.014 -0.037 0 0.131 0 0.059 -0.254 0 0.041 0.004 0 0 0
0 -0.044 6.006 0 0.041 0 0 0.248 0.151 0 0.771 0 0.228 -0.765 0 0.231 0.158 0 0 0
-4.611 0 0 66.321 0 -0.645 -0.346 0 0 -0.589 0 -3.982 0 0 -0.23 0 0 -0.597 -0.59 -0.114
0 0.006 0.041 0 7.202 0 0 0.093 0.047 0 0.09 0 0.012 -0.311 0 0 -0.021 0 0 0
-0.637 0 0 -0.645 0 40.475 -0.071 0 0 -0.129 0 -2.768 0 0 0.504 0 0 0.993 0.461 0.239
-0.008 0 0 -0.346 0 -0.071 36.884 0 0 -0.034 0 -1.52 0 0 0.365 0 0 0.732 0.369 0.173
0 0.014 0.248 0 0.093 0 0 2.227 0.046 0 0.322 0 0.173 -0.075 0 0.185 0.107 0 0 0
0 -0.037 0.151 0 0.047 0 0 0.046 2.583 0 0.426 0 0.153 -0.069 0 0.175 0.15 0 0 0
-0.104 0 0 -0.589 0 -0.129 -0.034 0 0 37.373 0 -2.58 0 0 0.596 0 0 1.194 0.596 0.283
0 0.131 0.771 0 0.09 0 0 0.322 0.426 0 7.998 0 -0.131 0.104 0 -0.084 -0.122 0 0 0
-20.616 0 0 -3.982 0 -2.768 -1.52 0 0 -2.58 0 61.86 0 0 -1.637 0 0 -3.889 -3.252 -0.797
0 0.059 0.228 0 0.012 0 0 0.173 0.153 0 -0.131 0 8.374 -0.278 0 -0.068 -0.101 0 0 0
0 -0.254 -0.765 0 -0.311 0 0 -0.075 -0.069 0 0.104 0 -0.278 1.426 0 -0.246 0.085 0 0 0
5.778 0 0 -0.23 0 0.504 0.365 0 0 0.596 0 -1.637 0 0 14.884 0 0 3.96 2.359 0.902
0 0.041 0.231 0 0 0 0 0.185 0.175 0 -0.084 0 -0.068 -0.246 0 7.707 -0.077 0 0 0
0 0.004 0.158 0 -0.021 0 0 0.107 0.15 0 -0.122 0 -0.101 0.085 0 -0.077 7.035 0 0 0
11.694 0 0 -0.597 0 0.993 0.732 0 0 1.194 0 -3.889 0 0 3.96 0 0 22.981 4.915 1.892
6.092 0 0 -0.59 0 0.461 0.369 0 0 0.596 0 -3.252 0 0 2.359 0 0 4.915 22.523 1.126
2.747 0 0 -0.114 0 0.239 0.173 0 0 0.283 0 -0.797 0 0 0.902 0 0 1.892 1.126 13.671

 Mean vectors and covariance matrices after rotation --- 2th cluster >>

 mean vector (mu'=Q*mu)>>
0 3.049 4.128 0 4.365 0 0 2.345 3.216 0 0.49 0 3.729 0.226 0 3.934 0.054 0 0 0

 covariance matrix (Sigma'=Q*Sigma*t(Q))>>

37.727 0 0 -4.611 0 -0.637 -0.008 0 0 -0.104 0 -20.616 0 0 5.778 0 0 11.694 6.092 2.747
0 7.292 -0.255 0 -0.027 0 0 -0.005 -0.007 0 0.022 0 -0.048 -0.045 0 -0.015 0.443 0 0 0
0 -0.255 4.62 0 0.253 0 0 -0.088 0.224 0 0.383 0 0.441 0.109 0 0.48 1.961 0 0 0
-4.611 0 0 66.321 0 -0.645 -0.346 0 0 -0.589 0 -3.982 0 0 -0.23 0 0 -0.597 -0.59 -0.114
0 -0.027 0.253 0 4.952 0 0 0.006 0.06 0 0.06 0 0.133 -0.018 0 0.16 0.529 0 0 0
-0.637 0 0 -0.645 0 40.475 -0.071 0 0 -0.129 0 -2.768 0 0 0.504 0 0 0.993 0.461 0.239
-0.008 0 0 -0.346 0 -0.071 36.884 0 0 -0.034 0 -1.52 0 0 0.365 0 0 0.732 0.369 0.173
0 -0.005 -0.088 0 0.006 0 0 6.809 0.009 0 0.015 0 -0.001 -0.034 0 0.024 0.312 0 0 0
0 -0.007 0.224 0 0.06 0 0 0.009 5.825 0 -0.032 0 0.145 -0.061 0 0.168 0.18 0 0 0
-0.104 0 0 -0.589 0 -0.129 -0.034 0 0 37.373 0 -2.58 0 0 0.596 0 0 1.194 0.596 0.283
0 0.022 0.383 0 0.06 0 0 0.015 -0.032 0 6.255 0 0.195 -0.069 0 0.194 -0.379 0 0 0
-20.616 0 0 -3.982 0 -2.768 -1.52 0 0 -2.58 0 61.86 0 0 -1.637 0 0 -3.889 -3.252 -0.797
0 -0.048 0.441 0 0.133 0 0 -0.001 0.145 0 0.195 0 2.228 0.087 0 0.137 0.753 0 0 0
0 -0.045 0.109 0 -0.018 0 0 -0.034 -0.061 0 -0.069 0 0.087 5.007 0 0.077 -0.239 0 0 0
5.778 0 0 -0.23 0 0.504 0.365 0 0 0.596 0 -1.637 0 0 14.884 0 0 3.96 2.359 0.902
0 -0.015 0.48 0 0.16 0 0 0.024 0.168 0 0.194 0 0.137 0.077 0 2.637 0.79 0 0 0
0 0.443 1.961 0 0.529 0 0 0.312 0.18 0 -0.379 0 0.753 -0.239 0 0.79 8.538 0 0 0
11.694 0 0 -0.597 0 0.993 0.732 0 0 1.194 0 -3.889 0 0 3.96 0 0 22.981 4.915 1.892
6.092 0 0 -0.59 0 0.461 0.369 0 0 0.596 0 -3.252 0 0 2.359 0 0 4.915 22.523 1.126
2.747 0 0 -0.114 0 0.239 0.173 0 0 0.283 0 -0.797 0 0 0.902 0 0 1.892 1.126 13.671

 Final eigenvalues for each cluster >> 
 (rows correspond to clusters)
77.144 67.34 40.666 37.44 36.9 34.624 19.663 14.687 13.24 12.996 8.436 8.351 7.773 7.208 7.078 7.066 5.761 2.532 2.184 1.248
77.144 67.34 40.666 37.44 36.9 34.624 19.663 14.687 13.24 12.996 9.748 7.313 6.803 6.378 5.819 5.036 4.867 3.617 2.483 2.099

 theoretical Separation index matrix >>

-1 0.34
0.34 -1

 theoretical projection directions >>

**** cluster 1 and 2
0 0.266 0.422 0 0.409 0 0 0.274 0.39 0 -0.027 0 0.387 0.134 0 0.413 -0.132 0 0 0

 empirical Separation index matrix (alpha= 0.05 )>>

-1 0.399
0.399 -1

 empirical projection directions >>

**** cluster 1 and 2
0.089 0.243 0.485 0.016 0.301 0.001 0.017 0.385 0.465 0.005 -0.125 0.012 0.288 0.139 -0.008 0.345 -0.049 -0.016 0.002 0.042
