
 Log information for the data set datasetJLG2v5nv0out0_3.dat >>

 alpha = 0.05 sepVal = 0.01

 Number of clusters >> 2

 cluster sizes >>
50 50

 Number of data points >> 100

 Number of dimensions >> 5

 Number of noisy dimensions >> 0

 noisy variables >>
0

 Number of outliers >> 0

 initial eigenvalues for each cluster >> 
 (rows correspond to clusters)
2.45 1.089 7.232 5.424 3.754
5.723 7.705 9.45 5.948 1.161

 Mean vectors and covariance matrices before rotation --- 1th cluster >>

 mean vector (mu'=Q*mu)>>
-4.704 0 0 0 0

 covariance matrix (Sigma'=Q*Sigma*t(Q))>>

3.94 0.248 -1.126 -1.048 -0.195
0.248 1.115 -0.049 -0.024 0.033
-1.126 -0.049 6.781 -0.624 -0.465
-1.048 -0.024 -0.624 4.621 -0.529
-0.195 0.033 -0.465 -0.529 3.492

 Mean vectors and covariance matrices before rotation --- 2th cluster >>

 mean vector (mu'=Q*mu)>>
4.704 0 0 0 0

 covariance matrix (Sigma'=Q*Sigma*t(Q))>>

8.124 -0.165 -1.389 0.086 0.604
-0.165 7.147 -1.149 -0.012 0.173
-1.389 -1.149 7.533 -0.064 0.119
0.086 -0.012 -0.064 5.951 0.024
0.604 0.173 0.119 0.024 1.233

 Final eigenvalues for each cluster >> 
 (rows correspond to clusters)
7.232 5.424 3.754 2.45 1.089
9.45 7.705 5.948 5.723 1.161

 *************************************************

 ********************* rotation ******************

 *************************************************


 The orthogonal matrix Q >>
0.213 0.703 0.097 0.661 0.119
0.703 -0.593 0.056 0.383 0.069
0.097 0.056 -0.992 0.053 0.01
0.661 0.383 0.053 -0.64 0.065
0.119 0.069 0.01 0.065 -0.988

 Mean vectors and covariance matrices after rotation --- 1th cluster >>

 mean vector (mu'=Q*mu)>>
-1.004 -0.558 -0.459 -3.109 -3.306

 covariance matrix (Sigma'=Q*Sigma*t(Q))>>

2.388 0.251 0.288 -1.287 0.672
0.251 3.594 -0.278 -0.227 0.42
0.288 -0.278 7.018 0.195 0.877
-1.287 -0.227 0.195 4.822 0.559
0.672 0.42 0.877 0.559 2.128

 Mean vectors and covariance matrices after rotation --- 2th cluster >>

 mean vector (mu'=Q*mu)>>
1.004 0.558 0.459 3.109 3.306

 covariance matrix (Sigma'=Q*Sigma*t(Q))>>

6.395 0.359 1.041 0.421 -0.251
0.359 1.201 0.35 0.015 0.12
1.041 0.35 7.934 1.362 0.332
0.421 0.015 1.362 6.829 0.68
-0.251 0.12 0.332 0.68 7.628

 Final eigenvalues for each cluster >> 
 (rows correspond to clusters)
7.232 5.424 3.754 2.45 1.089
9.45 7.705 5.948 5.723 1.161

 theoretical Separation index matrix >>

-1 0.01
0.01 -1

 theoretical projection directions >>

**** cluster 1 and 2
0.308 0.142 -0.073 0.575 0.741

 empirical Separation index matrix (alpha= 0.05 )>>

-1 0.084
0.084 -1

 empirical projection directions >>

**** cluster 1 and 2
0.344 0.38 -0.01 0.642 0.57
