
 Log information for the data set datasetJMG3v5nv10out0_1.dat >>

 alpha = 0.05 sepVal = 0.21

 Number of clusters >> 3

 cluster sizes >>
50 50 50

 Number of data points >> 150

 Number of dimensions >> 15

 Number of noisy dimensions >> 10

 noisy variables >>
1 2 3 5 6 9 12 13 14 15

 Number of outliers >> 0

 initial eigenvalues for each cluster >> 
 (rows correspond to clusters)
6.97 3.642 2.051 7.105 4.208
1.38 1.36 7.3 6.788 1.172
6.756 5.862 9.955 4.322 5.996

 Mean vectors and covariance matrices before rotation --- 1th cluster >>

 mean vector (mu'=Q*mu)>>
-7.128 0 0 0 0 3.955 3.697 0.971 1.335 1.296 1.647 1.133 0.885 1.775 0.335

 covariance matrix (Sigma'=Q*Sigma*t(Q))>>

6.118 0.418 0.935 -0.401 1.041 0 0 0 0 0 0 0 0 0 0
0.418 3.728 0.154 0.149 0.243 0 0 0 0 0 0 0 0 0 0
0.935 0.154 2.316 0.34 0.446 0 0 0 0 0 0 0 0 0 0
-0.401 0.149 0.34 6.924 0.367 0 0 0 0 0 0 0 0 0 0
1.041 0.243 0.446 0.367 4.891 0 0 0 0 0 0 0 0 0 0
0 0 0 0 0 20.671 -2.865 -3.478 6.97 0.68 -4.479 -2.439 6.448 -0.611 -3.388
0 0 0 0 0 -2.865 32.857 -0.853 0.427 0.046 -1.214 -0.719 0.415 -0.442 -0.857
0 0 0 0 0 -3.478 -0.853 39.287 -0.056 0 -1.218 -0.741 -0.025 -0.536 -0.84
0 0 0 0 0 6.97 0.427 -0.056 12.141 0.456 0.35 0.403 4.388 1.065 0.039
0 0 0 0 0 0.68 0.046 0 0.456 6.455 0.041 0.043 0.414 0.104 0.009
0 0 0 0 0 -4.479 -1.214 -1.218 0.35 0.041 34.031 -1.051 0.357 -0.691 -1.229
0 0 0 0 0 -2.439 -0.719 -0.741 0.403 0.043 -1.051 32.676 0.39 -0.377 -0.743
0 0 0 0 0 6.448 0.415 -0.025 4.388 0.414 0.357 0.39 10.846 0.985 0.062
0 0 0 0 0 -0.611 -0.442 -0.536 1.065 0.104 -0.691 -0.377 0.985 24.521 -0.522
0 0 0 0 0 -3.388 -0.857 -0.84 0.039 0.009 -1.229 -0.743 0.062 -0.522 37.73

 Mean vectors and covariance matrices before rotation --- 2th cluster >>

 mean vector (mu'=Q*mu)>>
7.128 0 0 0 0 3.955 3.697 0.971 1.335 1.296 1.647 1.133 0.885 1.775 0.335

 covariance matrix (Sigma'=Q*Sigma*t(Q))>>

8.442 0.796 -6.644 -0.203 2.309 0 0 0 0 0 0 0 0 0 0
0.796 3.44 -1.023 -0.031 0.361 0 0 0 0 0 0 0 0 0 0
-6.644 -1.023 11.565 -0.204 -2.509 0 0 0 0 0 0 0 0 0 0
-0.203 -0.031 -0.204 16.538 -0.076 0 0 0 0 0 0 0 0 0 0
2.309 0.361 -2.509 -0.076 3.888 0 0 0 0 0 0 0 0 0 0
0 0 0 0 0 20.671 -2.865 -3.478 6.97 0.68 -4.479 -2.439 6.448 -0.611 -3.388
0 0 0 0 0 -2.865 32.857 -0.853 0.427 0.046 -1.214 -0.719 0.415 -0.442 -0.857
0 0 0 0 0 -3.478 -0.853 39.287 -0.056 0 -1.218 -0.741 -0.025 -0.536 -0.84
0 0 0 0 0 6.97 0.427 -0.056 12.141 0.456 0.35 0.403 4.388 1.065 0.039
0 0 0 0 0 0.68 0.046 0 0.456 6.455 0.041 0.043 0.414 0.104 0.009
0 0 0 0 0 -4.479 -1.214 -1.218 0.35 0.041 34.031 -1.051 0.357 -0.691 -1.229
0 0 0 0 0 -2.439 -0.719 -0.741 0.403 0.043 -1.051 32.676 0.39 -0.377 -0.743
0 0 0 0 0 6.448 0.415 -0.025 4.388 0.414 0.357 0.39 10.846 0.985 0.062
0 0 0 0 0 -0.611 -0.442 -0.536 1.065 0.104 -0.691 -0.377 0.985 24.521 -0.522
0 0 0 0 0 -3.388 -0.857 -0.84 0.039 0.009 -1.229 -0.743 0.062 -0.522 37.73

 Mean vectors and covariance matrices before rotation --- 3th cluster >>

 mean vector (mu'=Q*mu)>>
0 12.346 0 0 0 3.955 3.697 0.971 1.335 1.296 1.647 1.133 0.885 1.775 0.335

 covariance matrix (Sigma'=Q*Sigma*t(Q))>>

7.353 0.72 -1.614 0.762 0.031 0 0 0 0 0 0 0 0 0 0
0.72 6.308 -0.402 0.367 0.02 0 0 0 0 0 0 0 0 0 0
-1.614 -0.402 8.66 -0.038 -0.02 0 0 0 0 0 0 0 0 0 0
0.762 0.367 -0.038 4.572 0.017 0 0 0 0 0 0 0 0 0 0
0.031 0.02 -0.02 0.017 5.996 0 0 0 0 0 0 0 0 0 0
0 0 0 0 0 20.671 -2.865 -3.478 6.97 0.68 -4.479 -2.439 6.448 -0.611 -3.388
0 0 0 0 0 -2.865 32.857 -0.853 0.427 0.046 -1.214 -0.719 0.415 -0.442 -0.857
0 0 0 0 0 -3.478 -0.853 39.287 -0.056 0 -1.218 -0.741 -0.025 -0.536 -0.84
0 0 0 0 0 6.97 0.427 -0.056 12.141 0.456 0.35 0.403 4.388 1.065 0.039
0 0 0 0 0 0.68 0.046 0 0.456 6.455 0.041 0.043 0.414 0.104 0.009
0 0 0 0 0 -4.479 -1.214 -1.218 0.35 0.041 34.031 -1.051 0.357 -0.691 -1.229
0 0 0 0 0 -2.439 -0.719 -0.741 0.403 0.043 -1.051 32.676 0.39 -0.377 -0.743
0 0 0 0 0 6.448 0.415 -0.025 4.388 0.414 0.357 0.39 10.846 0.985 0.062
0 0 0 0 0 -0.611 -0.442 -0.536 1.065 0.104 -0.691 -0.377 0.985 24.521 -0.522
0 0 0 0 0 -3.388 -0.857 -0.84 0.039 0.009 -1.229 -0.743 0.062 -0.522 37.73

 Final eigenvalues for each cluster >> 
 (rows correspond to clusters)
40.114 38.581 35.787 33.688 33.297 24.618 24.547 7.318 7.105 6.97 6.854 6.412 4.208 3.642 2.051
40.114 38.581 35.787 33.688 33.297 24.618 24.547 17.794 16.544 7.318 6.854 6.412 3.363 3.316 2.856
40.114 38.581 35.787 33.688 33.297 24.618 24.547 9.955 7.318 6.854 6.756 6.412 5.996 5.862 4.322

 *************************************************

 ********************* rotation ******************

 *************************************************


 The orthogonal matrix Q >>
0.472 0.53 0.119 0.66 0.215
0.53 -0.809 0.043 0.238 0.078
0.119 0.043 -0.99 0.054 0.017
0.66 0.238 0.054 -0.704 0.097
0.215 0.078 0.017 0.097 -0.968

 Mean vectors and covariance matrices after rotation --- 1th cluster >>

 mean vector (mu'=Q*mu)>>
1.335 1.775 0.335 -4.704 3.955 1.296 -3.362 -0.851 1.133 -1.536 -3.78 3.697 1.647 0.885 0.971

 covariance matrix (Sigma'=Q*Sigma*t(Q))>>

12.141 1.065 0.039 0 6.97 0.456 0 0 0.403 0 0 0.427 0.35 4.388 -0.056
1.065 24.521 -0.522 0 -0.611 0.104 0 0 -0.377 0 0 -0.442 -0.691 0.985 -0.536
0.039 -0.522 37.73 0 -3.388 0.009 0 0 -0.743 0 0 -0.857 -1.229 0.062 -0.84
0 0 0 6.956 0 0 -0.319 -0.236 0 -0.36 0.443 0 0 0 0
6.97 -0.611 -3.388 0 20.671 0.68 0 0 -2.439 0 0 -2.865 -4.479 6.448 -3.478
0.456 0.104 0.009 0 0.68 6.455 0 0 0.043 0 0 0.046 0.041 0.414 0
0 0 0 -0.319 0 0 6.322 -0.349 0 -0.578 1.08 0 0 0 0
0 0 0 -0.236 0 0 -0.349 2.106 0 0.124 -0.261 0 0 0 0
0.403 -0.377 -0.743 0 -2.439 0.043 0 0 32.676 0 0 -0.719 -1.051 0.39 -0.741
0 0 0 -0.36 0 0 -0.578 0.124 0 4.412 -0.254 0 0 0 0
0 0 0 0.443 0 0 1.08 -0.261 0 -0.254 4.179 0 0 0 0
0.427 -0.442 -0.857 0 -2.865 0.046 0 0 -0.719 0 0 32.857 -1.214 0.415 -0.853
0.35 -0.691 -1.229 0 -4.479 0.041 0 0 -1.051 0 0 -1.214 34.031 0.357 -1.218
4.388 0.985 0.062 0 6.448 0.414 0 0 0.39 0 0 0.415 0.357 10.846 -0.025
-0.056 -0.536 -0.84 0 -3.478 0 0 0 -0.741 0 0 -0.853 -1.218 -0.025 39.287

 Mean vectors and covariance matrices after rotation --- 2th cluster >>

 mean vector (mu'=Q*mu)>>
1.335 1.775 0.335 4.704 3.955 1.296 3.362 0.851 1.133 1.536 3.78 3.697 1.647 0.885 0.971

 covariance matrix (Sigma'=Q*Sigma*t(Q))>>

12.141 1.065 0.039 0 6.97 0.456 0 0 0.403 0 0 0.427 0.35 4.388 -0.056
1.065 24.521 -0.522 0 -0.611 0.104 0 0 -0.377 0 0 -0.442 -0.691 0.985 -0.536
0.039 -0.522 37.73 0 -3.388 0.009 0 0 -0.743 0 0 -0.857 -1.229 0.062 -0.84
0 0 0 12.402 0 0 -4.434 4.216 0 -1.709 -0.864 0 0 0 0
6.97 -0.611 -3.388 0 20.671 0.68 0 0 -2.439 0 0 -2.865 -4.479 6.448 -3.478
0.456 0.104 0.009 0 0.68 6.455 0 0 0.043 0 0 0.046 0.041 0.414 0
0 0 0 -4.434 0 0 10.136 4.115 0 0.297 2.95 0 0 0 0
0 0 0 4.216 0 0 4.115 13.299 0 -1.117 2.98 0 0 0 0
0.403 -0.377 -0.743 0 -2.439 0.043 0 0 32.676 0 0 -0.719 -1.051 0.39 -0.741
0 0 0 -1.709 0 0 0.297 -1.117 0 3.263 -0.138 0 0 0 0
0 0 0 -0.864 0 0 2.95 2.98 0 -0.138 4.773 0 0 0 0
0.427 -0.442 -0.857 0 -2.865 0.046 0 0 -0.719 0 0 32.857 -1.214 0.415 -0.853
0.35 -0.691 -1.229 0 -4.479 0.041 0 0 -1.051 0 0 -1.214 34.031 0.357 -1.218
4.388 0.985 0.062 0 6.448 0.414 0 0 0.39 0 0 0.415 0.357 10.846 -0.025
-0.056 -0.536 -0.84 0 -3.478 0 0 0 -0.741 0 0 -0.853 -1.218 -0.025 39.287

 Mean vectors and covariance matrices after rotation --- 3th cluster >>

 mean vector (mu'=Q*mu)>>
1.335 1.775 0.335 2.936 3.955 1.296 6.548 0.531 1.133 0.959 -9.986 3.697 1.647 0.885 0.971

 covariance matrix (Sigma'=Q*Sigma*t(Q))>>

12.141 1.065 0.039 0 6.97 0.456 0 0 0.403 0 0 0.427 0.35 4.388 -0.056
1.065 24.521 -0.522 0 -0.611 0.104 0 0 -0.377 0 0 -0.442 -0.691 0.985 -0.536
0.039 -0.522 37.73 0 -3.388 0.009 0 0 -0.743 0 0 -0.857 -1.229 0.062 -0.84
0 0 0 5.183 0 0 1.29 1.134 0 0.242 0.355 0 0 0 0
6.97 -0.611 -3.388 0 20.671 0.68 0 0 -2.439 0 0 -2.865 -4.479 6.448 -3.478
0.456 0.104 0.009 0 0.68 6.455 0 0 0.043 0 0 0.046 0.041 0.414 0
0 0 0 1.29 0 0 6.671 0.849 0 0.261 0.022 0 0 0 0
0 0 0 1.134 0 0 0.849 9.065 0 0.367 0.449 0 0 0 0
0.403 -0.377 -0.743 0 -2.439 0.043 0 0 32.676 0 0 -0.719 -1.051 0.39 -0.741
0 0 0 0.242 0 0 0.261 0.367 0 6.079 0.037 0 0 0 0
0 0 0 0.355 0 0 0.022 0.449 0 0.037 5.894 0 0 0 0
0.427 -0.442 -0.857 0 -2.865 0.046 0 0 -0.719 0 0 32.857 -1.214 0.415 -0.853
0.35 -0.691 -1.229 0 -4.479 0.041 0 0 -1.051 0 0 -1.214 34.031 0.357 -1.218
4.388 0.985 0.062 0 6.448 0.414 0 0 0.39 0 0 0.415 0.357 10.846 -0.025
-0.056 -0.536 -0.84 0 -3.478 0 0 0 -0.741 0 0 -0.853 -1.218 -0.025 39.287

 Final eigenvalues for each cluster >> 
 (rows correspond to clusters)
40.114 38.581 35.787 33.688 33.297 24.618 24.547 7.318 7.105 6.97 6.854 6.412 4.208 3.642 2.051
40.114 38.581 35.787 33.688 33.297 24.618 24.547 17.794 16.544 7.318 6.854 6.412 3.363 3.316 2.856
40.114 38.581 35.787 33.688 33.297 24.618 24.547 9.955 7.318 6.854 6.756 6.412 5.996 5.862 4.322

 theoretical Separation index matrix >>

-1 0.21 0.21
0.21 -1 0.256
0.21 0.256 -1

 theoretical projection directions >>

**** cluster 1 and 2
0 0 0 0.548 0 0 0.377 -0.241 0 0.447 0.547 0 0 0 0

**** cluster 1 and 3
0 0 0 0.474 0 0 0.618 0.044 0 0.203 -0.592 0 0 0 0

**** cluster 2 and 3
0 0 0 -0.081 0 0 0.254 0.106 0 -0.075 -0.955 0 0 0 0

 empirical Separation index matrix (alpha= 0.05 )>>

-1 0.298 0.306
0.298 -1 0.289
0.306 0.289 -1

 empirical projection directions >>

**** cluster 1 and 2
0.007 -0.002 0.038 0.544 -0.079 -0.028 0.331 -0.389 0.005 0.336 0.562 0.005 -0.019 0.056 0.049

**** cluster 1 and 3
-0.006 0.001 0.016 0.445 0.015 -0.073 0.655 -0.157 -0.07 0.257 -0.497 0.057 0.033 -0.097 0.101

**** cluster 2 and 3
-0.055 0.037 0.056 -0.06 0.072 -0.03 0.276 0.132 0.031 0.11 -0.931 0.04 0.07 -0.049 -0.012
