
 Log information for the data set datasetJLG5v10nv10out0_2.dat >>

 alpha = 0.05 sepVal = 0.01

 Number of clusters >> 5

 cluster sizes >>
50 50 50 50 50

 Number of data points >> 250

 Number of dimensions >> 20

 Number of noisy dimensions >> 10

 noisy variables >>
1 2 6 7 10 13 15 16 17 18

 Number of outliers >> 0

 initial eigenvalues for each cluster >> 
 (rows correspond to clusters)
2.747 7.293 2.532 6.548 2.432 8.57 3.477 8.021 3.293 2.765
2.01 6.707 5.818 6.468 4.894 2.512 7.325 3.729 1.85 4.034
3.67 8.496 3.239 9.168 6.931 3.255 2.311 9.966 3.601 8.025
9.317 1.665 9.47 5.676 2.036 1.232 7.966 4.826 9.425 7
8.483 2.486 7.873 5.321 9.707 1.299 9.616 1.357 4.129 5.137

 Mean vectors and covariance matrices before rotation --- 1th cluster >>

 mean vector (mu'=Q*mu)>>
-5.208 0 0 0 0 0 0 0 0 0 2.422 1.973 2.989 2.794 2.713 0.812 1.963 2.399 0.5 1.597

 covariance matrix (Sigma'=Q*Sigma*t(Q))>>

8.03 -2.186 0.903 -1.368 1.3 -1.963 0.444 -1.291 0.339 0.925 0 0 0 0 0 0 0 0 0 0
-2.186 13.033 -0.618 -1.144 -0.804 -1.187 -1.214 -0.833 -0.63 -0.816 0 0 0 0 0 0 0 0 0 0
0.903 -0.618 5.385 -0.379 0.449 -0.566 0.197 -0.37 0.137 0.331 0 0 0 0 0 0 0 0 0 0
-1.368 -1.144 -0.379 12.287 -0.489 -0.877 -0.798 -0.612 -0.41 -0.512 0 0 0 0 0 0 0 0 0 0
1.3 -0.804 0.449 -0.489 5.509 -0.743 0.305 -0.484 0.205 0.477 0 0 0 0 0 0 0 0 0 0
-1.963 -1.187 -0.566 -0.877 -0.743 16.281 -1.036 -0.622 -0.544 -0.732 0 0 0 0 0 0 0 0 0 0
0.444 -1.214 0.197 -0.798 0.305 -1.036 6.842 -0.694 -0.021 0.158 0 0 0 0 0 0 0 0 0 0
-1.291 -0.833 -0.37 -0.612 -0.484 -0.622 -0.694 15.622 -0.363 -0.482 0 0 0 0 0 0 0 0 0 0
0.339 -0.63 0.137 -0.41 0.205 -0.544 -0.021 -0.363 6.606 0.122 0 0 0 0 0 0 0 0 0 0
0.925 -0.816 0.331 -0.512 0.477 -0.732 0.158 -0.482 0.122 5.876 0 0 0 0 0 0 0 0 0 0
0 0 0 0 0 0 0 0 0 0 11.615 1.515 0.758 3.534 0.069 -2.378 1.67 0 -0.841 -1.096
0 0 0 0 0 0 0 0 0 0 1.515 10.408 0.748 2.295 0.068 0.515 1.131 0.112 0.22 0.06
0 0 0 0 0 0 0 0 0 0 0.758 0.748 9.538 1.194 0.035 0.254 0.588 0.058 0.109 0.026
0 0 0 0 0 0 0 0 0 0 3.534 2.295 1.194 9.008 0.108 1.353 1.709 0.2 0.545 0.307
0 0 0 0 0 0 0 0 0 0 0.069 0.068 0.035 0.108 9.109 0.023 0.053 0.005 0.01 0.002
0 0 0 0 0 0 0 0 0 0 -2.378 0.515 0.254 1.353 0.023 15.737 0.633 -0.016 -0.43 -0.528
0 0 0 0 0 0 0 0 0 0 1.67 1.131 0.588 1.709 0.053 0.633 6.973 0.097 0.256 0.138
0 0 0 0 0 0 0 0 0 0 0 0.112 0.058 0.2 0.005 -0.016 0.097 12.634 -0.003 -0.018
0 0 0 0 0 0 0 0 0 0 -0.841 0.22 0.109 0.545 0.01 -0.43 0.256 -0.003 16.455 -0.193
0 0 0 0 0 0 0 0 0 0 -1.096 0.06 0.026 0.307 0.002 -0.528 0.138 -0.018 -0.193 18.577

 Mean vectors and covariance matrices before rotation --- 2th cluster >>

 mean vector (mu'=Q*mu)>>
5.208 0 0 0 0 0 0 0 0 0 2.422 1.973 2.989 2.794 2.713 0.812 1.963 2.399 0.5 1.597

 covariance matrix (Sigma'=Q*Sigma*t(Q))>>

4.238 -0.562 -0.521 -0.217 -0.278 0.065 -1.178 0.131 1.19 0.031 0 0 0 0 0 0 0 0 0 0
-0.562 6.386 -0.397 -0.132 -0.394 -0.026 -0.589 -0.304 -0.262 -0.409 0 0 0 0 0 0 0 0 0 0
-0.521 -0.397 5.336 -0.162 -0.465 -0.026 -0.737 -0.341 -0.235 -0.465 0 0 0 0 0 0 0 0 0 0
-0.217 -0.132 -0.162 6.414 -0.16 -0.01 -0.243 -0.122 -0.1 -0.165 0 0 0 0 0 0 0 0 0 0
-0.278 -0.394 -0.465 -0.16 4.462 -0.018 -0.743 -0.289 -0.11 -0.406 0 0 0 0 0 0 0 0 0 0
0.065 -0.026 -0.026 -0.01 -0.018 2.514 -0.052 -0.002 0.036 -0.007 0 0 0 0 0 0 0 0 0 0
-1.178 -0.589 -0.737 -0.243 -0.743 -0.052 6.25 -0.59 -0.556 -0.785 0 0 0 0 0 0 0 0 0 0
0.131 -0.304 -0.341 -0.122 -0.289 -0.002 -0.59 3.577 0.092 -0.233 0 0 0 0 0 0 0 0 0 0
1.19 -0.262 -0.235 -0.1 -0.11 0.036 -0.556 0.092 2.484 0.05 0 0 0 0 0 0 0 0 0 0
0.031 -0.409 -0.465 -0.165 -0.406 -0.007 -0.785 -0.233 0.05 3.687 0 0 0 0 0 0 0 0 0 0
0 0 0 0 0 0 0 0 0 0 11.615 1.515 0.758 3.534 0.069 -2.378 1.67 0 -0.841 -1.096
0 0 0 0 0 0 0 0 0 0 1.515 10.408 0.748 2.295 0.068 0.515 1.131 0.112 0.22 0.06
0 0 0 0 0 0 0 0 0 0 0.758 0.748 9.538 1.194 0.035 0.254 0.588 0.058 0.109 0.026
0 0 0 0 0 0 0 0 0 0 3.534 2.295 1.194 9.008 0.108 1.353 1.709 0.2 0.545 0.307
0 0 0 0 0 0 0 0 0 0 0.069 0.068 0.035 0.108 9.109 0.023 0.053 0.005 0.01 0.002
0 0 0 0 0 0 0 0 0 0 -2.378 0.515 0.254 1.353 0.023 15.737 0.633 -0.016 -0.43 -0.528
0 0 0 0 0 0 0 0 0 0 1.67 1.131 0.588 1.709 0.053 0.633 6.973 0.097 0.256 0.138
0 0 0 0 0 0 0 0 0 0 0 0.112 0.058 0.2 0.005 -0.016 0.097 12.634 -0.003 -0.018
0 0 0 0 0 0 0 0 0 0 -0.841 0.22 0.109 0.545 0.01 -0.43 0.256 -0.003 16.455 -0.193
0 0 0 0 0 0 0 0 0 0 -1.096 0.06 0.026 0.307 0.002 -0.528 0.138 -0.018 -0.193 18.577

 Mean vectors and covariance matrices before rotation --- 3th cluster >>

 mean vector (mu'=Q*mu)>>
0 9.02 0 0 0 0 0 0 0 0 2.422 1.973 2.989 2.794 2.713 0.812 1.963 2.399 0.5 1.597

 covariance matrix (Sigma'=Q*Sigma*t(Q))>>

6.672 -1.107 0.931 -0.718 -0.352 0.668 0.736 -1.335 0.738 -0.534 0 0 0 0 0 0 0 0 0 0
-1.107 7.196 -0.239 -0.718 -0.96 -0.174 -0.074 -1.163 -0.257 -0.732 0 0 0 0 0 0 0 0 0 0
0.931 -0.239 3.521 -0.163 -0.043 0.203 0.216 -0.313 0.228 -0.109 0 0 0 0 0 0 0 0 0 0
-0.718 -0.718 -0.163 8.775 -0.542 -0.118 -0.063 -0.633 -0.168 -0.407 0 0 0 0 0 0 0 0 0 0
-0.352 -0.96 -0.043 -0.542 6.277 -0.032 0.04 -0.9 -0.077 -0.53 0 0 0 0 0 0 0 0 0 0
0.668 -0.174 0.203 -0.118 -0.032 3.401 0.155 -0.227 0.164 -0.079 0 0 0 0 0 0 0 0 0 0
0.736 -0.074 0.216 -0.063 0.04 0.155 2.468 -0.136 0.179 -0.024 0 0 0 0 0 0 0 0 0 0
-1.335 -1.163 -0.313 -0.633 -0.9 -0.227 -0.136 8.955 -0.313 -0.663 0 0 0 0 0 0 0 0 0 0
0.738 -0.257 0.228 -0.168 -0.077 0.164 0.179 -0.313 3.782 -0.123 0 0 0 0 0 0 0 0 0 0
-0.534 -0.732 -0.109 -0.407 -0.53 -0.079 -0.024 -0.663 -0.123 7.614 0 0 0 0 0 0 0 0 0 0
0 0 0 0 0 0 0 0 0 0 11.615 1.515 0.758 3.534 0.069 -2.378 1.67 0 -0.841 -1.096
0 0 0 0 0 0 0 0 0 0 1.515 10.408 0.748 2.295 0.068 0.515 1.131 0.112 0.22 0.06
0 0 0 0 0 0 0 0 0 0 0.758 0.748 9.538 1.194 0.035 0.254 0.588 0.058 0.109 0.026
0 0 0 0 0 0 0 0 0 0 3.534 2.295 1.194 9.008 0.108 1.353 1.709 0.2 0.545 0.307
0 0 0 0 0 0 0 0 0 0 0.069 0.068 0.035 0.108 9.109 0.023 0.053 0.005 0.01 0.002
0 0 0 0 0 0 0 0 0 0 -2.378 0.515 0.254 1.353 0.023 15.737 0.633 -0.016 -0.43 -0.528
0 0 0 0 0 0 0 0 0 0 1.67 1.131 0.588 1.709 0.053 0.633 6.973 0.097 0.256 0.138
0 0 0 0 0 0 0 0 0 0 0 0.112 0.058 0.2 0.005 -0.016 0.097 12.634 -0.003 -0.018
0 0 0 0 0 0 0 0 0 0 -0.841 0.22 0.109 0.545 0.01 -0.43 0.256 -0.003 16.455 -0.193
0 0 0 0 0 0 0 0 0 0 -1.096 0.06 0.026 0.307 0.002 -0.528 0.138 -0.018 -0.193 18.577

 Mean vectors and covariance matrices before rotation --- 4th cluster >>

 mean vector (mu'=Q*mu)>>
0 3.007 8.504 0 0 0 0 0 0 0 2.422 1.973 2.989 2.794 2.713 0.812 1.963 2.399 0.5 1.597

 covariance matrix (Sigma'=Q*Sigma*t(Q))>>

5.098 1.053 -0.36 0.026 1.675 2.298 -0.59 0 -1.431 -0.435 0 0 0 0 0 0 0 0 0 0
1.053 2.233 0.083 0.137 0.957 1.166 0.324 0 0.337 0.543 0 0 0 0 0 0 0 0 0 0
-0.36 0.083 9.439 0.001 0.131 0.181 -0.052 0 -0.122 -0.041 0 0 0 0 0 0 0 0 0 0
0.026 0.137 0.001 5.701 0.228 0.287 0.034 0 0.005 0.078 0 0 0 0 0 0 0 0 0 0
1.675 0.957 0.131 0.228 3.647 1.968 0.527 0 0.535 0.892 0 0 0 0 0 0 0 0 0 0
2.298 1.166 0.181 0.287 1.968 3.624 0.692 0 0.738 1.147 0 0 0 0 0 0 0 0 0 0
-0.59 0.324 -0.052 0.034 0.527 0.692 7.921 0 -0.204 0.032 0 0 0 0 0 0 0 0 0 0
0 0 0 0 0 0 0 4.826 0 0 0 0 0 0 0 0 0 0 0 0
-1.431 0.337 -0.122 0.005 0.535 0.738 -0.204 0 8.94 -0.158 0 0 0 0 0 0 0 0 0 0
-0.435 0.543 -0.041 0.078 0.892 1.147 0.032 0 -0.158 7.182 0 0 0 0 0 0 0 0 0 0
0 0 0 0 0 0 0 0 0 0 11.615 1.515 0.758 3.534 0.069 -2.378 1.67 0 -0.841 -1.096
0 0 0 0 0 0 0 0 0 0 1.515 10.408 0.748 2.295 0.068 0.515 1.131 0.112 0.22 0.06
0 0 0 0 0 0 0 0 0 0 0.758 0.748 9.538 1.194 0.035 0.254 0.588 0.058 0.109 0.026
0 0 0 0 0 0 0 0 0 0 3.534 2.295 1.194 9.008 0.108 1.353 1.709 0.2 0.545 0.307
0 0 0 0 0 0 0 0 0 0 0.069 0.068 0.035 0.108 9.109 0.023 0.053 0.005 0.01 0.002
0 0 0 0 0 0 0 0 0 0 -2.378 0.515 0.254 1.353 0.023 15.737 0.633 -0.016 -0.43 -0.528
0 0 0 0 0 0 0 0 0 0 1.67 1.131 0.588 1.709 0.053 0.633 6.973 0.097 0.256 0.138
0 0 0 0 0 0 0 0 0 0 0 0.112 0.058 0.2 0.005 -0.016 0.097 12.634 -0.003 -0.018
0 0 0 0 0 0 0 0 0 0 -0.841 0.22 0.109 0.545 0.01 -0.43 0.256 -0.003 16.455 -0.193
0 0 0 0 0 0 0 0 0 0 -1.096 0.06 0.026 0.307 0.002 -0.528 0.138 -0.018 -0.193 18.577

 Mean vectors and covariance matrices before rotation --- 5th cluster >>

 mean vector (mu'=Q*mu)>>
0 3.007 2.126 8.234 0 0 0 0 0 0 2.422 1.973 2.989 2.794 2.713 0.812 1.963 2.399 0.5 1.597

 covariance matrix (Sigma'=Q*Sigma*t(Q))>>

3.731 0.37 -0.074 -0.691 -0.102 1.643 -0.494 0.355 -0.054 -1.137 0 0 0 0 0 0 0 0 0 0
0.37 3.729 0.008 0.475 -0.001 1.925 -0.004 0.424 0.132 0.905 0 0 0 0 0 0 0 0 0 0
-0.074 0.008 9.202 -0.006 -0.001 0.029 -0.006 0.006 0 -0.01 0 0 0 0 0 0 0 0 0 0
-0.691 0.475 -0.006 6.364 -0.015 1.221 -0.072 0.268 0.06 0.302 0 0 0 0 0 0 0 0 0 0
-0.102 -0.001 -0.001 -0.015 11.345 0.009 -0.008 0.002 -0.002 -0.026 0 0 0 0 0 0 0 0 0 0
1.643 1.925 0.029 1.221 0.009 5.923 0.051 0.972 0.321 2.304 0 0 0 0 0 0 0 0 0 0
-0.494 -0.004 -0.006 -0.072 -0.008 0.051 11.202 0.011 -0.009 -0.124 0 0 0 0 0 0 0 0 0 0
0.355 0.424 0.006 0.268 0.002 0.972 0.011 1.801 0.071 0.506 0 0 0 0 0 0 0 0 0 0
-0.054 0.132 0 0.06 -0.002 0.321 -0.009 0.071 4.846 0.117 0 0 0 0 0 0 0 0 0 0
-1.137 0.905 -0.01 0.302 -0.026 2.304 -0.124 0.506 0.117 6.624 0 0 0 0 0 0 0 0 0 0
0 0 0 0 0 0 0 0 0 0 11.615 1.515 0.758 3.534 0.069 -2.378 1.67 0 -0.841 -1.096
0 0 0 0 0 0 0 0 0 0 1.515 10.408 0.748 2.295 0.068 0.515 1.131 0.112 0.22 0.06
0 0 0 0 0 0 0 0 0 0 0.758 0.748 9.538 1.194 0.035 0.254 0.588 0.058 0.109 0.026
0 0 0 0 0 0 0 0 0 0 3.534 2.295 1.194 9.008 0.108 1.353 1.709 0.2 0.545 0.307
0 0 0 0 0 0 0 0 0 0 0.069 0.068 0.035 0.108 9.109 0.023 0.053 0.005 0.01 0.002
0 0 0 0 0 0 0 0 0 0 -2.378 0.515 0.254 1.353 0.023 15.737 0.633 -0.016 -0.43 -0.528
0 0 0 0 0 0 0 0 0 0 1.67 1.131 0.588 1.709 0.053 0.633 6.973 0.097 0.256 0.138
0 0 0 0 0 0 0 0 0 0 0 0.112 0.058 0.2 0.005 -0.016 0.097 12.634 -0.003 -0.018
0 0 0 0 0 0 0 0 0 0 -0.841 0.22 0.109 0.545 0.01 -0.43 0.256 -0.003 16.455 -0.193
0 0 0 0 0 0 0 0 0 0 -1.096 0.06 0.026 0.307 0.002 -0.528 0.138 -0.018 -0.193 18.577

 Final eigenvalues for each cluster >> 
 (rows correspond to clusters)
18.793 17.16 16.938 16.608 16.175 16.06 14.603 13.111 12.628 9.151 9.105 8.964 6.963 6.593 6.125 5.567 5.537 5.501 5.07 4.87
18.793 16.938 16.608 16.175 12.628 9.151 9.105 8.964 7.326 6.707 6.468 6.125 5.818 5.567 4.894 4.034 3.729 2.512 2.01 1.85
18.793 16.938 16.608 16.175 12.628 9.966 9.168 9.151 9.105 8.964 8.496 8.025 6.931 6.125 5.567 3.67 3.601 3.255 3.239 2.311
18.793 16.938 16.608 16.175 12.628 9.47 9.425 9.317 9.151 9.105 8.964 7.966 7 6.125 5.676 5.567 4.826 2.036 1.665 1.232
18.793 16.938 16.608 16.175 12.628 11.346 11.24 9.915 9.203 9.151 9.105 8.964 6.219 6.125 6.005 5.567 4.827 2.906 1.587 1.518

 *************************************************

 ********************* rotation ******************

 *************************************************


 The orthogonal matrix Q >>
0.203 0.095 0.105 0.023 0.2 0.411 0.229 0.467 0.403 0.545
0.095 -0.992 0.008 0.002 0.016 0.033 0.018 0.037 0.032 0.043
0.105 0.008 -0.991 0.002 0.018 0.036 0.02 0.041 0.035 0.048
0.023 0.002 0.002 -1 0.004 0.008 0.004 0.009 0.008 0.01
0.2 0.016 0.018 0.004 -0.967 0.068 0.038 0.077 0.067 0.091
0.411 0.033 0.036 0.008 0.068 -0.86 0.078 0.159 0.138 0.186
0.229 0.018 0.02 0.004 0.038 0.078 -0.956 0.089 0.077 0.104
0.467 0.037 0.041 0.009 0.077 0.159 0.089 -0.819 0.156 0.212
0.403 0.032 0.035 0.008 0.067 0.138 0.077 0.156 -0.865 0.183
0.545 0.043 0.048 0.01 0.091 0.186 0.104 0.212 0.183 -0.753

 Mean vectors and covariance matrices after rotation --- 1th cluster >>

 mean vector (mu'=Q*mu)>>
2.399 1.963 -2.139 -0.549 -1.055 0.812 0.5 -1.195 -1.04 2.989 -0.118 -2.43 1.597 -0.496 2.794 2.713 2.422 1.973 -2.097 -2.839

 covariance matrix (Sigma'=Q*Sigma*t(Q))>>

12.634 0.097 0 0 0 -0.016 -0.003 0 0 0.058 0 0 -0.018 0 0.2 0.005 0 0.112 0 0
0.097 6.973 0 0 0 0.633 0.256 0 0 0.588 0 0 0.138 0 1.709 0.053 1.67 1.131 0 0
0 0 16.454 -0.802 -1.726 0 0 -0.869 -1.042 0 0.172 -0.923 0 0.271 0 0 0 0 -0.353 -0.552
0 0 -0.802 5.252 0.141 0 0 0.083 0.236 0 -0.126 -0.766 0 -0.309 0 0 0 0 -0.09 0.004
0 0 -1.726 0.141 7.934 0 0 0.784 0.292 0 1.687 -2.479 0 2.02 0 0 0 0 0.633 1.093
-0.016 0.633 0 0 0 15.737 -0.43 0 0 0.254 0 0 -0.528 0 1.353 0.023 -2.378 0.515 0 0
-0.003 0.256 0 0 0 -0.43 16.455 0 0 0.109 0 0 -0.193 0 0.545 0.01 -0.841 0.22 0 0
0 0 -0.869 0.083 0.784 0 0 6.975 0.172 0 -0.209 -0.782 0 -0.383 0 0 0 0 0.155 0.353
0 0 -1.042 0.236 0.292 0 0 0.172 5.177 0 0 -1.066 0 -0.184 0 0 0 0 -0.078 0.055
0.058 0.588 0 0 0 0.254 0.109 0 0 9.538 0 0 0.026 0 1.194 0.035 0.758 0.748 0 0
0 0 0.172 -0.126 1.687 0 0 -0.209 0 0 12.403 0.552 0 -0.822 0 0 0 0 0.619 0.877
0 0 -0.923 -0.766 -2.479 0 0 -0.782 -1.066 0 0.552 14.715 0 0.708 0 0 0 0 -0.634 -0.938
-0.018 0.138 0 0 0 -0.528 -0.193 0 0 0.026 0 0 18.577 0 0.307 0.002 -1.096 0.06 0 0
0 0 0.271 -0.309 2.02 0 0 -0.383 -0.184 0 -0.822 0.708 0 13.7 0 0 0 0 0.804 1.107
0.2 1.709 0 0 0 1.353 0.545 0 0 1.194 0 0 0.307 0 9.008 0.108 3.534 2.295 0 0
0.005 0.053 0 0 0 0.023 0.01 0 0 0.035 0 0 0.002 0 0.108 9.109 0.069 0.068 0 0
0 1.67 0 0 0 -2.378 -0.841 0 0 0.758 0 0 -1.096 0 3.534 0.069 11.615 1.515 0 0
0.112 1.131 0 0 0 0.515 0.22 0 0 0.748 0 0 0.06 0 2.295 0.068 1.515 10.408 0 0
0 0 -0.353 -0.09 0.633 0 0 0.155 -0.078 0 0.619 -0.634 0 0.804 0 0 0 0 6.814 0.327
0 0 -0.552 0.004 1.093 0 0 0.353 0.055 0 0.877 -0.938 0 1.107 0 0 0 0 0.327 6.048

 Mean vectors and covariance matrices after rotation --- 2th cluster >>

 mean vector (mu'=Q*mu)>>
2.399 1.963 2.139 0.549 1.055 0.812 0.5 1.195 1.04 2.989 0.118 2.43 1.597 0.496 2.794 2.713 2.422 1.973 2.097 2.839

 covariance matrix (Sigma'=Q*Sigma*t(Q))>>

12.634 0.097 0 0 0 -0.016 -0.003 0 0 0.058 0 0 -0.018 0 0.2 0.005 0 0.112 0 0
0.097 6.973 0 0 0 0.633 0.256 0 0 0.588 0 0 0.138 0 1.709 0.053 1.67 1.131 0 0
0 0 2.786 0.443 0.17 0 0 0.726 0.335 0 0.17 0.23 0 0.4 0 0 0 0 -0.121 0.304
0 0 0.443 5.558 0.674 0 0 -0.315 -0.181 0 -0.094 0.172 0 -0.195 0 0 0 0 0.116 0.144
0 0 0.17 0.674 2.522 0 0 0.714 0.419 0 0.273 0.024 0 0.524 0 0 0 0 0.056 0.027
-0.016 0.633 0 0 0 15.737 -0.43 0 0 0.254 0 0 -0.528 0 1.353 0.023 -2.378 0.515 0 0
-0.003 0.256 0 0 0 -0.43 16.455 0 0 0.109 0 0 -0.193 0 0.545 0.01 -0.841 0.22 0 0
0 0 0.726 -0.315 0.714 0 0 7.034 -0.241 0 -0.107 0.251 0 -0.206 0 0 0 0 -0.03 0.22
0 0 0.335 -0.181 0.419 0 0 -0.241 4.741 0 -0.06 0.074 0 -0.136 0 0 0 0 0.03 0.038
0.058 0.588 0 0 0 0.254 0.109 0 0 9.538 0 0 0.026 0 1.194 0.035 0.758 0.748 0 0
0 0 0.17 -0.094 0.273 0 0 -0.107 -0.06 0 6.433 0.079 0 -0.07 0 0 0 0 0.053 0.072
0 0 0.23 0.172 0.024 0 0 0.251 0.074 0 0.079 3.752 0 0.161 0 0 0 0 -0.161 0.018
-0.018 0.138 0 0 0 -0.528 -0.193 0 0 0.026 0 0 18.577 0 0.307 0.002 -1.096 0.06 0 0
0 0 0.4 -0.195 0.524 0 0 -0.206 -0.136 0 -0.07 0.161 0 6.569 0 0 0 0 0.057 0.145
0.2 1.709 0 0 0 1.353 0.545 0 0 1.194 0 0 0.307 0 9.008 0.108 3.534 2.295 0 0
0.005 0.053 0 0 0 0.023 0.01 0 0 0.035 0 0 0.002 0 0.108 9.109 0.069 0.068 0 0
0 1.67 0 0 0 -2.378 -0.841 0 0 0.758 0 0 -1.096 0 3.534 0.069 11.615 1.515 0 0
0.112 1.131 0 0 0 0.515 0.22 0 0 0.748 0 0 0.06 0 2.295 0.068 1.515 10.408 0 0
0 0 -0.121 0.116 0.056 0 0 -0.03 0.03 0 0.053 -0.161 0 0.057 0 0 0 0 1.916 -0.206
0 0 0.304 0.144 0.027 0 0 0.22 0.038 0 0.072 0.018 0 0.145 0 0 0 0 -0.206 4.035

 Mean vectors and covariance matrices after rotation --- 3th cluster >>

 mean vector (mu'=Q*mu)>>
2.399 1.963 0.294 0.075 0.859 0.812 0.5 0.164 0.143 2.989 0.016 0.333 1.597 -8.952 2.794 2.713 2.422 1.973 0.288 0.39

 covariance matrix (Sigma'=Q*Sigma*t(Q))>>

12.634 0.097 0 0 0 -0.016 -0.003 0 0 0.058 0 0 -0.018 0 0.2 0.005 0 0.112 0 0
0.097 6.973 0 0 0 0.633 0.256 0 0 0.588 0 0 0.138 0 1.709 0.053 1.67 1.131 0 0
0 0 3.538 -0.078 0.568 0 0 0.118 0.399 0 0.444 0.208 0 0.716 0 0 0 0 0.236 0.081
0 0 -0.078 3.368 -0.018 0 0 0.03 -0.085 0 -0.036 -0.56 0 -0.084 0 0 0 0 -0.063 -0.487
0 0 0.568 -0.018 4.913 0 0 0.347 0.666 0 0.9 -0.631 0 1.381 0 0 0 0 0.46 -0.731
-0.016 0.633 0 0 0 15.737 -0.43 0 0 0.254 0 0 -0.528 0 1.353 0.023 -2.378 0.515 0 0
-0.003 0.256 0 0 0 -0.43 16.455 0 0 0.109 0 0 -0.193 0 0.545 0.01 -0.841 0.22 0 0
0 0 0.118 0.03 0.347 0 0 2.384 0.225 0 0.245 -0.023 0 0.396 0 0 0 0 0.108 -0.085
0 0 0.399 -0.085 0.666 0 0 0.225 6.664 0 -0.249 -0.275 0 -0.443 0 0 0 0 0.316 0.031
0.058 0.588 0 0 0 0.254 0.109 0 0 9.538 0 0 0.026 0 1.194 0.035 0.758 0.748 0 0
0 0 0.444 -0.036 0.9 0 0 0.245 -0.249 0 8.836 0.021 0 -0.54 0 0 0 0 0.38 0.338
0 0 0.208 -0.56 -0.631 0 0 -0.023 -0.275 0 0.021 9.766 0 -0.088 0 0 0 0 0.043 -0.111
-0.018 0.138 0 0 0 -0.528 -0.193 0 0 0.026 0 0 18.577 0 0.307 0.002 -1.096 0.06 0 0
0 0 0.716 -0.084 1.381 0 0 0.396 -0.443 0 -0.54 -0.088 0 7.601 0 0 0 0 0.601 0.443
0.2 1.709 0 0 0 1.353 0.545 0 0 1.194 0 0 0.307 0 9.008 0.108 3.534 2.295 0 0
0.005 0.053 0 0 0 0.023 0.01 0 0 0.035 0 0 0.002 0 0.108 9.109 0.069 0.068 0 0
0 1.67 0 0 0 -2.378 -0.841 0 0 0.758 0 0 -1.096 0 3.534 0.069 11.615 1.515 0 0
0.112 1.131 0 0 0 0.515 0.22 0 0 0.748 0 0 0.06 0 2.295 0.068 1.515 10.408 0 0
0 0 0.236 -0.063 0.46 0 0 0.108 0.316 0 0.38 0.043 0 0.601 0 0 0 0 3.793 -0.048
0 0 0.081 -0.487 -0.731 0 0 -0.085 0.031 0 0.338 -0.111 0 0.443 0 0 0 0 -0.048 7.798

 Mean vectors and covariance matrices after rotation --- 4th cluster >>

 mean vector (mu'=Q*mu)>>
2.399 1.963 0.404 -8.401 1.183 0.812 0.5 0.226 0.197 2.989 0.022 0.459 1.597 -2.913 2.794 2.713 2.422 1.973 0.396 0.536

 covariance matrix (Sigma'=Q*Sigma*t(Q))>>

12.634 0.097 0 0 0 -0.016 -0.003 0 0 0.058 0 0 -0.018 0 0.2 0.005 0 0.112 0 0
0.097 6.973 0 0 0 0.633 0.256 0 0 0.588 0 0 0.138 0 1.709 0.053 1.67 1.131 0 0
0 0 1.478 -0.056 -0.35 0 0 0.114 0.367 0 0.146 -0.932 0 0.222 0 0 0 0 -0.146 -0.421
0 0 -0.056 9.459 -0.123 0 0 -0.025 -0.127 0 -0.018 0.117 0 -0.087 0 0 0 0 -0.042 -0.028
0 0 -0.35 -0.123 7.986 0 0 -0.253 -1.246 0 -0.186 1.399 0 -0.869 0 0 0 0 -0.455 -0.203
-0.016 0.633 0 0 0 15.737 -0.43 0 0 0.254 0 0 -0.528 0 1.353 0.023 -2.378 0.515 0 0
-0.003 0.256 0 0 0 -0.43 16.455 0 0 0.109 0 0 -0.193 0 0.545 0.01 -0.841 0.22 0 0
0 0 0.114 -0.025 -0.253 0 0 7.944 -0.065 0 -0.01 0.184 0 -0.059 0 0 0 0 -0.09 -0.021
0 0 0.367 -0.127 -1.246 0 0 -0.065 2.597 0 0.128 -1.086 0 0.369 0 0 0 0 -0.441 -0.611
0.058 0.588 0 0 0 0.254 0.109 0 0 9.538 0 0 0.026 0 1.194 0.035 0.758 0.748 0 0
0 0 0.146 -0.018 -0.186 0 0 -0.01 0.128 0 5.692 -0.077 0 0.08 0 0 0 0 -0.065 -0.039
0 0 -0.932 0.117 1.399 0 0 0.184 -1.086 0 -0.077 5.477 0 -0.724 0 0 0 0 0.472 0.216
-0.018 0.138 0 0 0 -0.528 -0.193 0 0 0.026 0 0 18.577 0 0.307 0.002 -1.096 0.06 0 0
0 0 0.222 -0.087 -0.869 0 0 -0.059 0.369 0 0.08 -0.724 0 1.91 0 0 0 0 -0.306 -0.414
0.2 1.709 0 0 0 1.353 0.545 0 0 1.194 0 0 0.307 0 9.008 0.108 3.534 2.295 0 0
0.005 0.053 0 0 0 0.023 0.01 0 0 0.035 0 0 0.002 0 0.108 9.109 0.069 0.068 0 0
0 1.67 0 0 0 -2.378 -0.841 0 0 0.758 0 0 -1.096 0 3.534 0.069 11.615 1.515 0 0
0.112 1.131 0 0 0 0.515 0.22 0 0 0.748 0 0 0.06 0 2.295 0.068 1.515 10.408 0 0
0 0 -0.146 -0.042 -0.455 0 0 -0.09 -0.441 0 -0.065 0.472 0 -0.306 0 0 0 0 9.27 -0.076
0 0 -0.421 -0.028 -0.203 0 0 -0.021 -0.611 0 -0.039 0.216 0 -0.414 0 0 0 0 -0.076 6.799

 Mean vectors and covariance matrices after rotation --- 5th cluster >>

 mean vector (mu'=Q*mu)>>
2.399 1.963 0.238 -2.065 0.698 0.812 0.5 0.133 0.116 2.989 -8.221 0.271 1.597 -2.952 2.794 2.713 2.422 1.973 0.234 0.316

 covariance matrix (Sigma'=Q*Sigma*t(Q))>>

12.634 0.097 0 0 0 -0.016 -0.003 0 0 0.058 0 0 -0.018 0 0.2 0.005 0 0.112 0 0
0.097 6.973 0 0 0 0.633 0.256 0 0 0.588 0 0 0.138 0 1.709 0.053 1.67 1.131 0 0
0 0 3.022 -0.452 -1.93 0 0 -0.991 -1.053 0 1.13 -0.5 0 0.964 0 0 0 0 -1.079 0.185
0 0 -0.452 9.147 -0.219 0 0 -0.126 -0.146 0 -0.015 -0.072 0 -0.177 0 0 0 0 -0.101 -0.204
0 0 -1.93 -0.219 7.665 0 0 -0.799 -0.821 0 -0.684 1.631 0 -1.302 0 0 0 0 0.665 -0.817
-0.016 0.633 0 0 0 15.737 -0.43 0 0 0.254 0 0 -0.528 0 1.353 0.023 -2.378 0.515 0 0
-0.003 0.256 0 0 0 -0.43 16.455 0 0 0.109 0 0 -0.193 0 0.545 0.01 -0.841 0.22 0 0
0 0 -0.991 -0.126 -0.799 0 0 10.943 -0.32 0 -0.091 -0.156 0 -0.407 0 0 0 0 -0.226 -0.541
0 0 -1.053 -0.146 -0.821 0 0 -0.32 10.997 0 -0.04 -0.319 0 -0.388 0 0 0 0 -0.342 -0.595
0.058 0.588 0 0 0 0.254 0.109 0 0 9.538 0 0 0.026 0 1.194 0.035 0.758 0.748 0 0
0 0 1.13 -0.015 -0.684 0 0 -0.091 -0.04 0 6.363 0.266 0 0.438 0 0 0 0 0.051 0.277
0 0 -0.5 -0.072 1.631 0 0 -0.156 -0.319 0 0.266 2.199 0 -0.244 0 0 0 0 0.265 0.517
-0.018 0.138 0 0 0 -0.528 -0.193 0 0 0.026 0 0 18.577 0 0.307 0.002 -1.096 0.06 0 0
0 0 0.964 -0.177 -1.302 0 0 -0.407 -0.388 0 0.438 -0.244 0 3.44 0 0 0 0 -0.476 0.031
0.2 1.709 0 0 0 1.353 0.545 0 0 1.194 0 0 0.307 0 9.008 0.108 3.534 2.295 0 0
0.005 0.053 0 0 0 0.023 0.01 0 0 0.035 0 0 0.002 0 0.108 9.109 0.069 0.068 0 0
0 1.67 0 0 0 -2.378 -0.841 0 0 0.758 0 0 -1.096 0 3.534 0.069 11.615 1.515 0 0
0.112 1.131 0 0 0 0.515 0.22 0 0 0.748 0 0 0.06 0 2.295 0.068 1.515 10.408 0 0
0 0 -1.079 -0.101 0.665 0 0 -0.226 -0.342 0 0.051 0.265 0 -0.476 0 0 0 0 4.886 -0.047
0 0 0.185 -0.204 -0.817 0 0 -0.541 -0.595 0 0.277 0.517 0 0.031 0 0 0 0 -0.047 6.106

 Final eigenvalues for each cluster >> 
 (rows correspond to clusters)
18.793 17.16 16.938 16.608 16.175 16.06 14.603 13.111 12.628 9.151 9.105 8.964 6.963 6.593 6.125 5.567 5.537 5.501 5.07 4.87
18.793 16.938 16.608 16.175 12.628 9.151 9.105 8.964 7.326 6.707 6.468 6.125 5.818 5.567 4.894 4.034 3.729 2.512 2.01 1.85
18.793 16.938 16.608 16.175 12.628 9.966 9.168 9.151 9.105 8.964 8.496 8.025 6.931 6.125 5.567 3.67 3.601 3.255 3.239 2.311
18.793 16.938 16.608 16.175 12.628 9.47 9.425 9.317 9.151 9.105 8.964 7.966 7 6.125 5.676 5.567 4.826 2.036 1.665 1.232
18.793 16.938 16.608 16.175 12.628 11.346 11.24 9.915 9.203 9.151 9.105 8.964 6.219 6.125 6.005 5.567 4.827 2.906 1.587 1.518

 theoretical Separation index matrix >>

-1 0.068 0.01 0.012 0.025
0.068 -1 0.01 0.034 0.044
0.01 0.01 -1 0.05 0.016
0.012 0.034 0.05 -1 0.01
0.025 0.044 0.016 0.01 -1

 theoretical projection directions >>

**** cluster 1 and 2
0 0 0.297 0.088 0.223 0 0 0.123 0.23 0 -0.069 0.387 0 -0.051 0 0 0 0 0.549 0.572

**** cluster 1 and 3
0 0 0.247 0.143 0.4 0 0 0.159 0.067 0 -0.129 0.249 0 -0.631 0 0 0 0 0.337 0.371

**** cluster 1 and 4
0 0 0.248 -0.646 0.245 0 0 0.114 0.369 0 -0.063 0.25 0 -0.259 0 0 0 0 0.21 0.367

**** cluster 1 and 5
0 0 0.356 -0.075 0.235 0 0 0.127 0.17 0 -0.608 0.307 0 -0.247 0 0 0 0 0.297 0.393

**** cluster 2 and 3
0 0 -0.168 -0.122 0.24 0 0 -0.123 -0.147 0 -0.039 -0.181 0 -0.825 0 0 0 0 -0.323 -0.207

**** cluster 2 and 4
0 0 -0.344 -0.664 0.044 0 0 -0.071 -0.175 0 -0.005 -0.282 0 -0.473 0 0 0 0 -0.188 -0.252

**** cluster 2 and 5
0 0 -0.235 -0.211 -0.071 0 0 -0.105 -0.122 0 -0.668 -0.327 0 -0.361 0 0 0 0 -0.359 -0.24

**** cluster 3 and 4
0 0 -0.125 -0.72 -0.013 0 0 -0.015 0.009 0 0.027 0.019 0 0.681 0 0 0 0 -0.014 -0.022

**** cluster 3 and 5
0 0 -0.035 -0.183 -0.011 0 0 0.005 0.017 0 -0.678 0.028 0 0.71 0 0 0 0 0.018 -0.007

**** cluster 4 and 5
0 0 0.242 0.423 -0.045 0 0 0.003 0.019 0 -0.869 0.059 0 0.037 0 0 0 0 0.011 0.003

 empirical Separation index matrix (alpha= 0.05 )>>

-1 0.135 0.172 0.015 0.081
0.135 -1 0.049 -0.034 0.079
0.172 0.049 -1 0.089 0.176
0.015 -0.034 0.089 -1 0.059
0.081 0.079 0.176 0.059 -1

 empirical projection directions >>

**** cluster 1 and 2
0.247 -0.156 0.34 -0.157 0.276 0.078 0.026 0.123 0.233 -0.017 -0.632 0.175 -0.083 -0.289 0.086 0.152 -0.134 0.05 0.181 0.134

**** cluster 1 and 3
0.097 0.014 0.325 0.317 0.137 0.003 0.051 0.235 0.237 -0.057 -0.062 0.209 0.118 0.062 0.104 -0.033 0.019 0.04 0.589 0.471

**** cluster 1 and 4
0.191 -0.02 0.347 0.089 0.419 0.016 0.031 -0.001 0.272 0.05 -0.166 0.296 0.087 -0.488 -0.07 -0.028 0.036 -0.059 0.413 0.196

**** cluster 1 and 5
0.218 -0.117 0.322 -0.437 0.315 0.069 0.004 -0.018 0.511 0.042 -0.201 0.195 0.014 -0.224 0.06 -0.058 0.117 -0.025 0.342 0.101

**** cluster 2 and 3
-0.003 0.012 0.123 0.327 0.124 -0.028 0.086 0.169 0.075 -0.028 0.509 0.264 0.066 0.454 -0.024 -0.043 0.103 0.085 0.361 0.359

**** cluster 2 and 4
0.061 0.08 0.249 0.27 0.007 -0.065 0.132 0.047 0.105 0.033 0.616 -0.04 0.099 -0.574 -0.203 -0.09 0.2 0.001 0.013 0.094

**** cluster 2 and 5
-0.045 -0.016 -0.341 -0.358 0.092 0.044 -0.071 -0.1 -0.114 0.126 0.732 0.018 0.091 0.285 -0.114 -0.093 0.207 -0.05 0.079 0.01

**** cluster 3 and 4
-0.058 0.006 -0.073 -0.353 0.266 0.084 -0.016 -0.217 0.105 0.107 0.047 -0.191 -0.026 -0.522 -0.23 0.052 0.118 0.005 -0.494 -0.307

**** cluster 3 and 5
-0.036 -0.079 -0.299 -0.619 0.168 0.039 -0.077 -0.333 -0.034 0.15 0.124 -0.222 -0.016 -0.369 -0.166 0.017 0.131 0.01 -0.168 -0.275

**** cluster 4 and 5
-0.037 -0.23 -0.164 -0.735 -0.052 0.048 -0.105 -0.009 0.001 0.098 0.085 0.088 -0.005 0.484 0.112 -0.179 -0.03 -0.05 0.18 -0.151
