
 Log information for the data set datasetJHG3v10nv1out0_2.dat >>

 alpha = 0.05 sepVal = 0.34

 Number of clusters >> 3

 cluster sizes >>
50 50 50

 Number of data points >> 150

 Number of dimensions >> 11

 Number of noisy dimensions >> 1

 noisy variables >>
6

 Number of outliers >> 0

 initial eigenvalues for each cluster >> 
 (rows correspond to clusters)
9.13 1.962 8.893 6.241 5.226 5.714 1.539 9.351 9.435 5.646
7.301 9.414 6.319 9.953 9.585 3.76 8.929 5.949 5.234 7.893
8.983 6.232 5.847 3.103 6.763 6.046 9.661 7.58 7.428 8.012

 Mean vectors and covariance matrices before rotation --- 1th cluster >>

 mean vector (mu'=Q*mu)>>
-11.005 0 0 0 0 0 0 0 0 0 0.799

 covariance matrix (Sigma'=Q*Sigma*t(Q))>>

8.243 2.737 -0.71 0.262 0.574 0.479 1.832 -0.706 -1.716 0.18 0
2.737 4.962 0.579 1.321 1.119 1.291 1.497 0.431 0.997 0.459 0
-0.71 0.579 11.71 0.077 0.134 0.118 0.386 -0.129 -0.315 0.044 0
0.262 1.321 0.077 8.819 0.498 0.541 0.857 0.025 0.043 0.194 0
0.574 1.119 0.134 0.498 7.414 0.509 0.722 0.081 0.179 0.182 0
0.479 1.291 0.118 0.541 0.509 8.168 0.835 0.063 0.132 0.201 0
1.832 1.497 0.386 0.857 0.722 0.835 3 0.29 0.671 0.297 0
-0.706 0.431 -0.129 0.025 0.081 0.063 0.29 12.32 -0.307 0.024 0
-1.716 0.997 -0.315 0.043 0.179 0.132 0.671 -0.307 11.815 0.051 0
0.18 0.459 0.044 0.194 0.182 0.201 0.297 0.024 0.051 7.587 0
0 0 0 0 0 0 0 0 0 0 39.34

 Mean vectors and covariance matrices before rotation --- 2th cluster >>

 mean vector (mu'=Q*mu)>>
11.005 0 0 0 0 0 0 0 0 0 0.799

 covariance matrix (Sigma'=Q*Sigma*t(Q))>>

7.757 -0.525 0.437 -0.966 -0.777 0.611 -0.244 0.593 1.132 -0.039 0
-0.525 9.066 -0.064 -0.554 -0.489 0.084 -0.198 -0.032 0.051 -0.16 0
0.437 -0.064 6.535 -0.157 -0.106 0.222 -0.013 0.268 0.46 0.057 0
-0.966 -0.554 -0.157 9.086 -0.774 0.083 -0.321 -0.119 -0.029 -0.276 0
-0.777 -0.489 -0.106 -0.774 8.9 0.103 -0.28 -0.066 0.038 -0.231 0
0.611 0.084 0.222 0.083 0.103 3.928 0.069 0.257 0.397 0.117 0
-0.244 -0.198 -0.013 -0.321 -0.28 0.069 8.819 0.01 0.076 -0.082 0
0.593 -0.032 0.268 -0.119 -0.066 0.257 0.01 6.276 0.548 0.09 0
1.132 0.051 0.46 -0.029 0.038 0.397 0.076 0.548 6.119 0.195 0
-0.039 -0.16 0.057 -0.276 -0.231 0.117 -0.082 0.09 0.195 7.852 0
0 0 0 0 0 0 0 0 0 0 39.34

 Mean vectors and covariance matrices before rotation --- 3th cluster >>

 mean vector (mu'=Q*mu)>>
0 19.061 0 0 0 0 0 0 0 0 0.799

 covariance matrix (Sigma'=Q*Sigma*t(Q))>>

7.338 0.574 0.843 0.902 0.307 0.456 -0.423 0.045 0.035 -0.062 0
0.574 6.592 0.466 0.334 0.25 0.268 0.054 0.108 0.059 0.281 0
0.843 0.466 6.446 0.417 0.327 0.346 0.089 0.145 0.079 0.383 0
0.902 0.334 0.417 3.359 0.245 0.244 0.123 0.119 0.064 0.334 0
0.307 0.25 0.327 0.245 6.934 0.187 0.019 0.071 0.039 0.177 0
0.456 0.268 0.346 0.244 0.187 6.245 0.046 0.082 0.045 0.215 0
-0.423 0.054 0.089 0.123 0.019 0.046 9.568 -0.009 -0.003 -0.059 0
0.045 0.108 0.145 0.119 0.071 0.082 -0.009 7.606 0.015 0.059 0
0.035 0.059 0.079 0.064 0.039 0.045 -0.003 0.015 7.437 0.035 0
-0.062 0.281 0.383 0.334 0.177 0.215 -0.059 0.059 0.035 8.13 0
0 0 0 0 0 0 0 0 0 0 39.34

 Final eigenvalues for each cluster >> 
 (rows correspond to clusters)
39.34 12.559 12.446 12.153 11.838 8.307 7.606 7.515 6.956 2.611 2.048
39.34 9.953 9.585 9.414 8.929 7.893 7.301 6.319 5.949 5.234 3.76
39.34 9.661 8.983 8.012 7.58 7.428 6.763 6.232 6.046 5.847 3.103

 *************************************************

 ********************* rotation ******************

 *************************************************


 The orthogonal matrix Q >>
0.162 0.268 0.162 0.076 0.395 0.545 0.368 0.032 0.12 0.516
0.268 -0.938 0.037 0.018 0.091 0.126 0.085 0.007 0.028 0.119
0.162 0.037 -0.977 0.011 0.055 0.076 0.051 0.004 0.017 0.072
0.076 0.018 0.011 -0.995 0.026 0.036 0.024 0.002 0.008 0.034
0.395 0.091 0.055 0.026 -0.866 0.185 0.125 0.011 0.041 0.175
0.545 0.126 0.076 0.036 0.185 -0.745 0.172 0.015 0.056 0.242
0.368 0.085 0.051 0.024 0.125 0.172 -0.884 0.01 0.038 0.163
0.032 0.007 0.004 0.002 0.011 0.015 0.01 -0.999 0.003 0.014
0.12 0.028 0.017 0.008 0.041 0.056 0.038 0.003 -0.988 0.053
0.516 0.119 0.072 0.034 0.175 0.242 0.163 0.014 0.053 -0.771

 Mean vectors and covariance matrices after rotation --- 1th cluster >>

 mean vector (mu'=Q*mu)>>
-4.048 -1.781 -5.992 -1.32 -2.954 0.799 -5.677 -4.351 -0.353 -1.786 -0.837

 covariance matrix (Sigma'=Q*Sigma*t(Q))>>

2.452 0.34 0.335 0.966 0.049 0 0.19 0.285 0.43 1.287 0.341
0.34 11.776 0.187 -0.122 0.084 0 0.27 0.151 -0.051 -0.334 -0.11
0.335 0.187 7.888 0.672 -0.625 0 0.478 0.197 0.297 0.655 -0.159
0.966 -0.122 0.672 12.066 0.871 0 0.681 0.547 -0.22 -0.395 -0.028
0.049 0.084 -0.625 0.871 3.141 0 -1.089 -0.326 0.443 -0.972 0.727
0 0 0 0 0 39.34 0 0 0 0 0
0.19 0.27 0.478 0.681 -1.089 0 8.363 0.28 0.278 1.504 -0.393
0.285 0.151 0.197 0.547 -0.326 0 0.28 7.108 0.245 0.469 -0.026
0.43 -0.051 0.297 -0.22 0.443 0 0.278 0.245 12.348 -0.159 0.019
1.287 -0.334 0.655 -0.395 -0.972 0 1.504 0.469 -0.159 10.266 -1.125
0.341 -0.11 -0.159 -0.028 0.727 0 -0.393 -0.026 0.019 -1.125 8.629

 Mean vectors and covariance matrices after rotation --- 2th cluster >>

 mean vector (mu'=Q*mu)>>
4.048 1.781 5.992 1.32 2.954 0.799 5.677 4.351 0.353 1.786 0.837

 covariance matrix (Sigma'=Q*Sigma*t(Q))>>

8.759 -0.192 0.3 -0.453 -0.067 0 -0.176 -0.111 -0.282 -0.49 0.207
-0.192 6.388 0.098 0.177 -0.118 0 -0.198 -0.196 0.127 -0.154 0.044
0.3 0.098 4.743 -0.281 0.511 0 0.428 0.696 -0.146 1.258 0.931
-0.453 0.177 -0.281 5.78 -0.278 0 -0.549 -0.454 0.409 -0.556 0.038
-0.067 -0.118 0.511 -0.278 9.289 0 0.017 -0.178 -0.23 -0.153 -0.133
0 0 0 0 0 39.34 0 0 0 0 0
-0.176 -0.198 0.428 -0.549 0.017 0 7.709 -0.004 -0.32 -0.412 0.462
-0.111 -0.196 0.696 -0.454 -0.178 0 -0.004 9.332 -0.359 -0.303 -0.158
-0.282 0.127 -0.146 0.409 -0.23 0 -0.32 -0.359 6.226 -0.332 -0.132
-0.49 -0.154 1.258 -0.556 -0.153 0 -0.412 -0.303 -0.332 6.805 0.691
0.207 0.044 0.931 0.038 -0.133 0 0.462 -0.158 -0.132 0.691 9.306

 Mean vectors and covariance matrices after rotation --- 3th cluster >>

 mean vector (mu'=Q*mu)>>
1.62 0.713 2.397 0.528 -17.879 0.799 2.271 1.741 0.141 5.117 0.335

 covariance matrix (Sigma'=Q*Sigma*t(Q))>>

9.549 -0.36 0.098 -0.017 -0.188 0 -0.135 -0.048 -0.072 -0.288 -0.288
-0.36 6.054 -0.284 -0.071 0.038 0 -0.268 -0.176 0.079 -0.491 0.145
0.098 -0.284 6.441 0.051 -0.031 0 0.216 0.174 -0.003 0.909 -0.347
-0.017 -0.071 0.051 7.43 -0.025 0 -0.001 0.009 -0.006 0.056 -0.072
-0.188 0.038 -0.031 -0.025 6.249 0 -0.094 -0.044 0.043 -0.047 -0.013
0 0 0 0 0 39.34 0 0 0 0 0
-0.135 -0.268 0.216 -0.001 -0.094 0 7.955 0.03 -0.033 -0.027 -0.252
-0.048 -0.176 0.174 0.009 -0.044 0 0.03 6.811 0 0.304 -0.206
-0.072 0.079 -0.003 -0.006 0.043 0 -0.033 0 7.595 -0.135 0.071
-0.288 -0.491 0.909 0.056 -0.047 0 -0.027 0.304 -0.135 8.379 -0.356
-0.288 0.145 -0.347 -0.072 -0.013 0 -0.252 -0.206 0.071 -0.356 3.189

 Final eigenvalues for each cluster >> 
 (rows correspond to clusters)
39.34 12.559 12.446 12.153 11.838 8.307 7.606 7.515 6.956 2.611 2.048
39.34 9.953 9.585 9.414 8.929 7.893 7.301 6.319 5.949 5.234 3.76
39.34 9.661 8.983 8.012 7.58 7.428 6.763 6.232 6.046 5.847 3.103

 theoretical Separation index matrix >>

-1 0.34 0.368
0.34 -1 0.34
0.368 0.34 -1

 theoretical projection directions >>

**** cluster 1 and 2
0.452 0.118 0.547 0.051 0.395 0 0.461 0.329 0.013 0.055 0.018

**** cluster 1 and 3
0.234 0.09 0.255 0.062 -0.871 0 0.184 0.201 0.024 0.117 0.146

**** cluster 2 and 3
-0.102 -0.072 -0.192 -0.07 -0.939 0 -0.149 -0.121 -0.024 0.151 -0.037

 empirical Separation index matrix (alpha= 0.05 )>>

-1 0.409 0.41
0.409 -1 0.355
0.41 0.355 -1

 empirical projection directions >>

**** cluster 1 and 2
-0.433 -0.094 -0.12 -0.114 0.733 0.005 -0.114 -0.065 0.087 -0.294 -0.358

**** cluster 1 and 3
0.011 0.095 0.258 -0.08 0.882 0.028 0.141 0.139 0.022 -0.299 0.099

**** cluster 2 and 3
0.455 -0.012 0.486 0.156 0.352 0.04 0.407 0.358 0.1 0.212 0.241
