
 Log information for the data set datasetJMG3v5nv1out0_2.dat >>

 alpha = 0.05 sepVal = 0.21

 Number of clusters >> 3

 cluster sizes >>
50 50 50

 Number of data points >> 150

 Number of dimensions >> 6

 Number of noisy dimensions >> 1

 noisy variables >>
5

 Number of outliers >> 0

 initial eigenvalues for each cluster >> 
 (rows correspond to clusters)
6.226 4.255 8.986 6.141 1.577
7.322 5.373 8.353 3.886 9.08
4.157 2.55 8.986 9.267 3.649

 Mean vectors and covariance matrices before rotation --- 1th cluster >>

 mean vector (mu'=Q*mu)>>
-7.949 0 0 0 0 1.918

 covariance matrix (Sigma'=Q*Sigma*t(Q))>>

6.814 0.308 -1.623 0.308 2.127 0
0.308 4.314 -0.022 0.143 0.316 0
-1.623 -0.022 6.741 -0.699 0.615 0
0.308 0.143 -0.699 6.298 0.969 0
2.127 0.316 0.615 0.969 3.017 0
0 0 0 0 0 21.155

 Mean vectors and covariance matrices before rotation --- 2th cluster >>

 mean vector (mu'=Q*mu)>>
7.949 0 0 0 0 1.918

 covariance matrix (Sigma'=Q*Sigma*t(Q))>>

7.861 0.074 -0.384 1.021 -0.738 0
0.074 5.375 0.014 0.032 0.006 0
-0.384 0.014 8.02 0.259 -0.444 0
1.021 0.032 0.259 4.218 0.178 0
-0.738 0.006 -0.444 0.178 8.54 0
0 0 0 0 0 21.155

 Mean vectors and covariance matrices before rotation --- 3th cluster >>

 mean vector (mu'=Q*mu)>>
0 13.768 0 0 0 1.918

 covariance matrix (Sigma'=Q*Sigma*t(Q))>>

9.843 3.545 -0.156 -4.274 1.092 0
3.545 7.929 -0.053 -1.547 1.284 0
-0.156 -0.053 15.658 -0.249 -0.041 0
-4.274 -1.547 -0.249 9.66 -1.142 0
1.092 1.284 -0.041 -1.142 6.789 0
0 0 0 0 0 21.155

 Final eigenvalues for each cluster >> 
 (rows correspond to clusters)
21.155 8.986 6.226 6.141 4.255 1.577
21.155 9.08 8.353 7.322 5.373 3.886
21.155 16.156 15.668 7.247 6.361 4.446

 *************************************************

 ********************* rotation ******************

 *************************************************


 The orthogonal matrix Q >>
0.194 0.232 0.533 0.383 0.691
0.232 -0.955 0.104 0.075 0.134
0.533 0.104 -0.762 0.171 0.308
0.383 0.075 0.171 -0.877 0.222
0.691 0.134 0.308 0.222 -0.6

 Mean vectors and covariance matrices after rotation --- 1th cluster >>

 mean vector (mu'=Q*mu)>>
-1.845 -4.236 -5.493 -1.54 1.918 -3.048

 covariance matrix (Sigma'=Q*Sigma*t(Q))>>

4.32 0.368 0.227 0.232 0 0.071
0.368 8.501 1.533 0.139 0 -0.242
0.227 1.533 2.44 1.359 0 0.58
0.232 0.139 1.359 5.879 0 -0.237
0 0 0 0 21.155 0
0.071 -0.242 0.58 -0.237 0 6.045

 Mean vectors and covariance matrices after rotation --- 2th cluster >>

 mean vector (mu'=Q*mu)>>
1.845 4.236 5.493 1.54 1.918 3.048

 covariance matrix (Sigma'=Q*Sigma*t(Q))>>

5.513 0.234 0.258 0.375 0 0.092
0.234 8.307 -0.148 -0.181 0 0.239
0.258 -0.148 8.826 -0.646 0 0.099
0.375 -0.181 -0.646 7.326 0 0.661
0 0 0 0 21.155 0
0.092 0.239 0.099 0.661 0 4.041

 Mean vectors and covariance matrices after rotation --- 3th cluster >>

 mean vector (mu'=Q*mu)>>
-13.146 1.426 1.85 3.196 1.918 1.026

 covariance matrix (Sigma'=Q*Sigma*t(Q))>>

6.318 -2.48 -0.976 -0.655 0 -1.65
-2.48 13.001 -1.447 -3.268 0 1.611
-0.976 -1.447 7.61 1.626 0 2.738
-0.655 -3.268 1.626 9.235 0 1.938
0 0 0 0 21.155 0
-1.65 1.611 2.738 1.938 0 13.713

 Final eigenvalues for each cluster >> 
 (rows correspond to clusters)
21.155 8.986 6.226 6.141 4.255 1.577
21.155 9.08 8.353 7.322 5.373 3.886
21.155 16.156 15.668 7.247 6.361 4.446

 theoretical Separation index matrix >>

-1 0.21 0.21
0.21 -1 0.263
0.21 0.263 -1

 theoretical projection directions >>

**** cluster 1 and 2
0.249 0.354 0.772 0.127 0 0.449

**** cluster 1 and 3
-0.819 0.158 0.526 0.165 0 0.016

**** cluster 2 and 3
-0.952 -0.193 -0.201 0.042 0 -0.117

 empirical Separation index matrix (alpha= 0.05 )>>

-1 0.181 0.227
0.181 -1 0.279
0.227 0.279 -1

 empirical projection directions >>

**** cluster 1 and 2
0.308 0.252 0.753 0.059 -0.083 0.514

**** cluster 1 and 3
-0.823 0.139 0.538 0.064 -0.038 -0.09

**** cluster 2 and 3
-0.974 -0.195 -0.099 0.023 -0.05 -0.029
