
 Log information for the data set datasetJMG2v10nv0out0_2.dat >>

 alpha = 0.05 sepVal = 0.21

 Number of clusters >> 2

 cluster sizes >>
50 50

 Number of data points >> 100

 Number of dimensions >> 10

 Number of noisy dimensions >> 0

 noisy variables >>
0

 Number of outliers >> 0

 initial eigenvalues for each cluster >> 
 (rows correspond to clusters)
9.939 1.424 7.867 6.914 1.04 1.122 5.633 5.15 7.46 3.402
9.223 2.315 3.358 5.287 1.531 9.303 2.276 1.623 1.766 8.597

 Mean vectors and covariance matrices before rotation --- 1th cluster >>

 mean vector (mu'=Q*mu)>>
-4.633 0 0 0 0 0 0 0 0 0

 covariance matrix (Sigma'=Q*Sigma*t(Q))>>

4.221 1.678 -0.385 -0.351 1.881 1.293 -0.047 0.097 -0.859 0.418
1.678 3.172 0.317 0.547 1.842 1.282 0.594 1.062 0.904 0.727
-0.385 0.317 7.859 0.017 0.345 0.238 0.05 0.106 0.001 0.106
-0.351 0.547 0.017 6.981 0.59 0.409 0.112 0.222 0.076 0.194
1.881 1.842 0.345 0.59 2.979 1.35 0.635 1.134 0.979 0.771
1.293 1.282 0.238 0.409 1.35 2.062 0.441 0.787 0.678 0.536
-0.047 0.594 0.05 0.112 0.635 0.441 5.783 0.283 0.162 0.224
0.097 1.062 0.106 0.222 1.134 0.787 0.283 5.679 0.332 0.407
-0.859 0.904 0.001 0.076 0.979 0.678 0.162 0.332 7.521 0.31
0.418 0.727 0.106 0.194 0.771 0.536 0.224 0.407 0.31 3.694

 Mean vectors and covariance matrices before rotation --- 2th cluster >>

 mean vector (mu'=Q*mu)>>
4.633 0 0 0 0 0 0 0 0 0

 covariance matrix (Sigma'=Q*Sigma*t(Q))>>

2.222 0.084 -0.26 -0.301 0.661 -0.199 0.011 0.434 0.482 -0.967
0.084 2.64 0.504 0.102 0.93 0.002 0.039 0.656 0.824 0.034
-0.26 0.504 4.118 0.141 1.467 -0.008 0.06 1.033 1.294 -0.002
-0.301 0.102 0.141 5.304 0.312 -0.009 0.012 0.219 0.272 -0.035
0.661 0.93 1.467 0.312 4.168 0.017 0.111 1.862 2.343 0.155
-0.199 0.002 -0.008 -0.009 0.017 9.297 0 0.011 0.012 -0.028
0.011 0.039 0.06 0.012 0.111 0 2.28 0.078 0.098 0.004
0.434 0.656 1.033 0.219 1.862 0.011 0.078 2.937 1.653 0.105
0.482 0.824 1.294 0.272 2.343 0.012 0.098 1.653 3.845 0.123
-0.967 0.034 -0.002 -0.035 0.155 -0.028 0.004 0.105 0.123 8.464

 Final eigenvalues for each cluster >> 
 (rows correspond to clusters)
9.939 7.867 7.46 6.914 5.633 5.15 3.402 1.424 1.122 1.04
9.303 9.223 8.597 5.287 3.358 2.315 2.276 1.766 1.623 1.531

 *************************************************

 ********************* rotation ******************

 *************************************************


 The orthogonal matrix Q >>
0.162 0.459 0.563 0.09 0.124 0.126 0.138 0.163 0.406 0.443
0.459 -0.819 0.223 0.036 0.049 0.05 0.054 0.064 0.16 0.175
0.563 0.223 -0.727 0.044 0.06 0.061 0.067 0.079 0.197 0.215
0.09 0.036 0.044 -0.993 0.01 0.01 0.011 0.013 0.031 0.034
0.124 0.049 0.06 0.01 -0.987 0.013 0.015 0.017 0.043 0.047
0.126 0.05 0.061 0.01 0.013 -0.986 0.015 0.018 0.044 0.048
0.138 0.054 0.067 0.011 0.015 0.015 -0.984 0.019 0.048 0.053
0.163 0.064 0.079 0.013 0.017 0.018 0.019 -0.977 0.057 0.062
0.406 0.16 0.197 0.031 0.043 0.044 0.048 0.057 -0.858 0.155
0.443 0.175 0.215 0.034 0.047 0.048 0.053 0.062 0.155 -0.831

 Mean vectors and covariance matrices after rotation --- 1th cluster >>

 mean vector (mu'=Q*mu)>>
-0.583 -0.756 -2.127 -2.609 -0.417 -0.577 -1.879 -0.749 -0.639 -2.053

 covariance matrix (Sigma'=Q*Sigma*t(Q))>>

1.508 0.306 0.063 -1.06 0.192 0.642 -0.238 -1.045 0.085 -0.438
0.306 5.364 0.349 -0.513 0.11 0.451 -0.088 -0.738 0.082 -0.018
0.063 0.349 1.649 -0.831 0.328 0.053 0.148 0.551 0.173 -0.002
-1.06 -0.513 -0.831 7.336 -0.111 -1.655 -0.289 0.057 -0.25 -0.093
0.192 0.11 0.328 -0.111 6.953 0.261 -0.002 -0.373 0.053 0.127
0.642 0.451 0.053 -1.655 0.261 2.121 -0.441 -1.907 0.108 -0.756
-0.238 -0.088 0.148 -0.289 -0.002 -0.441 7.374 -0.362 -0.033 0.235
-1.045 -0.738 0.551 0.057 -0.373 -1.907 -0.362 8.273 -0.292 1.206
0.085 0.082 0.173 -0.25 0.053 0.108 -0.033 -0.292 5.667 0.04
-0.438 -0.018 -0.002 -0.093 0.127 -0.756 0.235 1.206 0.04 3.706

 Mean vectors and covariance matrices after rotation --- 2th cluster >>

 mean vector (mu'=Q*mu)>>
0.583 0.756 2.127 2.609 0.417 0.577 1.879 0.749 0.639 2.053

 covariance matrix (Sigma'=Q*Sigma*t(Q))>>

9.206 -0.284 -0.198 -0.304 -0.047 -0.396 -0.376 -0.361 -0.037 -0.287
-0.284 2.323 -0.251 -0.146 0.041 1.15 0.577 -1.416 -0.165 -0.858
-0.198 -0.251 2.391 0.014 0.055 -0.448 -0.169 0.709 0.046 -0.45
-0.304 -0.146 0.014 3.29 0.046 -0.274 -0.088 0.038 0.013 -0.775
-0.047 0.041 0.055 0.046 5.295 0.043 0.079 -0.175 0.014 -0.128
-0.396 1.15 -0.448 -0.274 0.043 3.439 0.916 -2.487 -0.281 -1.242
-0.376 0.577 -0.169 -0.088 0.079 0.916 2.286 -0.922 -0.128 -1.051
-0.361 -1.416 0.709 0.038 -0.175 -2.487 -0.922 6.978 0.405 -0.981
-0.037 -0.165 0.046 0.013 0.014 -0.281 -0.128 0.405 2.307 -0.062
-0.287 -0.858 -0.45 -0.775 -0.128 -1.242 -1.051 -0.981 -0.062 7.762

 Final eigenvalues for each cluster >> 
 (rows correspond to clusters)
9.939 7.867 7.46 6.914 5.633 5.15 3.402 1.424 1.122 1.04
9.303 9.223 8.597 5.287 3.358 2.315 2.276 1.766 1.623 1.531

 theoretical Separation index matrix >>

-1 0.21
0.21 -1

 theoretical projection directions >>

**** cluster 1 and 2
0.156 0.09 0.592 0.42 0.006 0.488 0.231 0.176 0.084 0.333

 empirical Separation index matrix (alpha= 0.05 )>>

-1 0.253
0.253 -1

 empirical projection directions >>

**** cluster 1 and 2
0.178 -0.059 0.609 0.393 0.038 0.607 0.059 0.131 0.061 0.212
