
 Log information for the data set datasetJLG2v5nv10out0_1.dat >>

 alpha = 0.05 sepVal = 0.01

 Number of clusters >> 2

 cluster sizes >>
50 50

 Number of data points >> 100

 Number of dimensions >> 15

 Number of noisy dimensions >> 10

 noisy variables >>
1 2 3 4 7 8 11 12 13 15

 Number of outliers >> 0

 initial eigenvalues for each cluster >> 
 (rows correspond to clusters)
2.991 9.946 6.586 1.365 9.196
7.375 5.892 7.663 7.849 8.406

 Mean vectors and covariance matrices before rotation --- 1th cluster >>

 mean vector (mu'=Q*mu)>>
-5.512 0 0 0 0 0 0 0 0 0 0 0 0 0 0

 covariance matrix (Sigma'=Q*Sigma*t(Q))>>

8.056 -1.023 0.673 1.447 -0.908 0 0 0 0 0 0 0 0 0 0
-1.023 8.085 -1.465 -0.057 -2.302 0 0 0 0 0 0 0 0 0 0
0.673 -1.465 5.821 0.344 -1.719 0 0 0 0 0 0 0 0 0 0
1.447 -0.057 0.344 1.752 0.024 0 0 0 0 0 0 0 0 0 0
-0.908 -2.302 -1.719 0.024 6.371 0 0 0 0 0 0 0 0 0 0
0 0 0 0 0 16.349 -0.293 2.371 -1.687 3.168 3.255 -1.511 4.91 -0.089 -0.742
0 0 0 0 0 -0.293 21.751 0.367 -0.017 0.435 0.534 0.096 0.733 -0.004 0
0 0 0 0 0 2.371 0.367 12.05 0.521 1.508 2.085 1.148 2.7 0.006 0.276
0 0 0 0 0 -1.687 -0.017 0.521 25.804 0.665 0.731 -0.152 1.063 -0.014 -0.1
0 0 0 0 0 3.168 0.435 1.508 0.665 8.835 2.277 1.381 2.921 0.01 0.347
0 0 0 0 0 3.255 0.534 2.085 0.731 2.277 14.879 1.656 4.061 0.006 0.391
0 0 0 0 0 -1.511 0.096 1.148 -0.152 1.381 1.656 23.073 2.301 -0.018 -0.046
0 0 0 0 0 4.91 0.733 2.7 1.063 2.921 4.061 2.301 15.025 0.013 0.561
0 0 0 0 0 -0.089 -0.004 0.006 -0.014 0.01 0.006 -0.018 0.013 32.282 -0.007
0 0 0 0 0 -0.742 0 0.276 -0.1 0.347 0.391 -0.046 0.561 -0.007 25.257

 Mean vectors and covariance matrices before rotation --- 2th cluster >>

 mean vector (mu'=Q*mu)>>
5.512 0 0 0 0 0 0 0 0 0 0 0 0 0 0

 covariance matrix (Sigma'=Q*Sigma*t(Q))>>

7.491 0.667 -0.051 -0.143 -0.526 0 0 0 0 0 0 0 0 0 0
0.667 6.246 0.082 0.105 0.078 0 0 0 0 0 0 0 0 0 0
-0.051 0.082 7.645 -0.037 -0.103 0 0 0 0 0 0 0 0 0 0
-0.143 0.105 -0.037 7.779 -0.178 0 0 0 0 0 0 0 0 0 0
-0.526 0.078 -0.103 -0.178 8.025 0 0 0 0 0 0 0 0 0 0
0 0 0 0 0 16.349 -0.293 2.371 -1.687 3.168 3.255 -1.511 4.91 -0.089 -0.742
0 0 0 0 0 -0.293 21.751 0.367 -0.017 0.435 0.534 0.096 0.733 -0.004 0
0 0 0 0 0 2.371 0.367 12.05 0.521 1.508 2.085 1.148 2.7 0.006 0.276
0 0 0 0 0 -1.687 -0.017 0.521 25.804 0.665 0.731 -0.152 1.063 -0.014 -0.1
0 0 0 0 0 3.168 0.435 1.508 0.665 8.835 2.277 1.381 2.921 0.01 0.347
0 0 0 0 0 3.255 0.534 2.085 0.731 2.277 14.879 1.656 4.061 0.006 0.391
0 0 0 0 0 -1.511 0.096 1.148 -0.152 1.381 1.656 23.073 2.301 -0.018 -0.046
0 0 0 0 0 4.91 0.733 2.7 1.063 2.921 4.061 2.301 15.025 0.013 0.561
0 0 0 0 0 -0.089 -0.004 0.006 -0.014 0.01 0.006 -0.018 0.013 32.282 -0.007
0 0 0 0 0 -0.742 0 0.276 -0.1 0.347 0.391 -0.046 0.561 -0.007 25.257

 Final eigenvalues for each cluster >> 
 (rows correspond to clusters)
32.282 27.651 26.041 25.298 22.909 21.709 11.753 10.662 9.946 9.78 9.196 7.22 6.586 2.991 1.365
32.282 27.651 26.041 25.298 22.909 21.709 11.753 10.662 9.78 8.406 7.849 7.663 7.375 7.22 5.892

 *************************************************

 ********************* rotation ******************

 *************************************************


 The orthogonal matrix Q >>
0.355 0.391 0.059 0.705 0.47
0.391 -0.887 0.017 0.203 0.136
0.059 0.017 -0.997 0.031 0.021
0.705 0.203 0.031 -0.633 0.245
0.47 0.136 0.021 0.245 -0.837

 Mean vectors and covariance matrices after rotation --- 1th cluster >>

 mean vector (mu'=Q*mu)>>
0 0 0 0 -0.327 -2.59 0 0 -3.886 -2.155 0 0 0 -1.954 0

 covariance matrix (Sigma'=Q*Sigma*t(Q))>>

25.257 0.347 0.391 -0.046 0 0 0 0.276 0 0 -0.742 -0.1 -0.007 0 0.561
0.347 8.835 2.277 1.381 0 0 0.435 1.508 0 0 3.168 0.665 0.01 0 2.921
0.391 2.277 14.879 1.656 0 0 0.534 2.085 0 0 3.255 0.731 0.006 0 4.061
-0.046 1.381 1.656 23.073 0 0 0.096 1.148 0 0 -1.511 -0.152 -0.018 0 2.301
0 0 0 0 5.845 -1.521 0 0 0.551 -1.297 0 0 0 0.852 0
0 0 0 0 -1.521 7.991 0 0 1.748 -0.926 0 0 0 0.674 0
0 0.435 0.534 0.096 0 0 21.751 0.367 0 0 -0.293 -0.017 -0.004 0 0.733
0.276 1.508 2.085 1.148 0 0 0.367 12.05 0 0 2.371 0.521 0.006 0 2.7
0 0 0 0 0.551 1.748 0 0 3.279 1.42 0 0 0 1.785 0
0 0 0 0 -1.297 -0.926 0 0 1.42 9.253 0 0 0 0.375 0
-0.742 3.168 3.255 -1.511 0 0 -0.293 2.371 0 0 16.349 -1.687 -0.089 0 4.91
-0.1 0.665 0.731 -0.152 0 0 -0.017 0.521 0 0 -1.687 25.804 -0.014 0 1.063
-0.007 0.01 0.006 -0.018 0 0 -0.004 0.006 0 0 -0.089 -0.014 32.282 0 0.013
0 0 0 0 0.852 0.674 0 0 1.785 0.375 0 0 0 3.716 0
0.561 2.921 4.061 2.301 0 0 0.733 2.7 0 0 4.91 1.063 0.013 0 15.025

 Mean vectors and covariance matrices after rotation --- 2th cluster >>

 mean vector (mu'=Q*mu)>>
0 0 0 0 0.327 2.59 0 0 3.886 2.155 0 0 0 1.954 0

 covariance matrix (Sigma'=Q*Sigma*t(Q))>>

25.257 0.347 0.391 -0.046 0 0 0 0.276 0 0 -0.742 -0.1 -0.007 0 0.561
0.347 8.835 2.277 1.381 0 0 0.435 1.508 0 0 3.168 0.665 0.01 0 2.921
0.391 2.277 14.879 1.656 0 0 0.534 2.085 0 0 3.255 0.731 0.006 0 4.061
-0.046 1.381 1.656 23.073 0 0 0.096 1.148 0 0 -1.511 -0.152 -0.018 0 2.301
0 0 0 0 7.654 -0.046 0 0 0.013 0.085 0 0 0 0.046 0
0 0 0 0 -0.046 8.39 0 0 0.089 0.035 0 0 0 -0.005 0
0 0.435 0.534 0.096 0 0 21.751 0.367 0 0 -0.293 -0.017 -0.004 0 0.733
0.276 1.508 2.085 1.148 0 0 0.367 12.05 0 0 2.371 0.521 0.006 0 2.7
0 0 0 0 0.013 0.089 0 0 7.759 -0.193 0 0 0 -0.17 0
0 0 0 0 0.085 0.035 0 0 -0.193 5.921 0 0 0 0.1 0
-0.742 3.168 3.255 -1.511 0 0 -0.293 2.371 0 0 16.349 -1.687 -0.089 0 4.91
-0.1 0.665 0.731 -0.152 0 0 -0.017 0.521 0 0 -1.687 25.804 -0.014 0 1.063
-0.007 0.01 0.006 -0.018 0 0 -0.004 0.006 0 0 -0.089 -0.014 32.282 0 0.013
0 0 0 0 0.046 -0.005 0 0 -0.17 0.1 0 0 0 7.461 0
0.561 2.921 4.061 2.301 0 0 0.733 2.7 0 0 4.91 1.063 0.013 0 15.025

 Final eigenvalues for each cluster >> 
 (rows correspond to clusters)
32.282 27.651 26.041 25.298 22.909 21.709 11.753 10.662 9.946 9.78 9.196 7.22 6.586 2.991 1.365
32.282 27.651 26.041 25.298 22.909 21.709 11.753 10.662 9.78 8.406 7.849 7.663 7.375 7.22 5.892

 theoretical Separation index matrix >>

-1 0.01
0.01 -1

 theoretical projection directions >>

**** cluster 1 and 2
0 0 0 0 0.082 0.351 0 0 0.811 0.336 0 0 0 0.315 0

 empirical Separation index matrix (alpha= 0.05 )>>

-1 0.03
0.03 -1

 empirical projection directions >>

**** cluster 1 and 2
0.027 0.037 -0.07 -0.023 0.32 0.426 0.017 -0.047 0.664 0.395 -0.007 0.008 0.055 0.321 -0.061
