
 Log information for the data set datasetJMG2v10nv3out0_1.dat >>

 alpha = 0.05 sepVal = 0.21

 Number of clusters >> 2

 cluster sizes >>
50 50

 Number of data points >> 100

 Number of dimensions >> 13

 Number of noisy dimensions >> 3

 noisy variables >>
2 7 11

 Number of outliers >> 0

 initial eigenvalues for each cluster >> 
 (rows correspond to clusters)
5.567 9.019 2.306 9.535 5.884 8.536 5.878 5.773 7.009 7.932
6.279 8.458 2.887 5.7 9.445 5.358 3.27 7.583 7.44 9.934

 Mean vectors and covariance matrices before rotation --- 1th cluster >>

 mean vector (mu'=Q*mu)>>
-7.88 0 0 0 0 0 0 0 0 0 0 0 0

 covariance matrix (Sigma'=Q*Sigma*t(Q))>>

6.91 -0.782 0.449 -0.988 0.217 -0.064 0.34 0.055 -0.224 -0.301 0 0 0
-0.782 8.575 0.02 -0.504 -0.209 -0.041 -0.324 -0.044 -0.462 -0.25 0 0 0
0.449 0.02 2.368 0.008 0.099 0.003 0.153 0.022 0.111 0.033 0 0 0
-0.988 -0.504 0.008 8.967 -0.259 -0.047 -0.402 -0.055 -0.546 -0.29 0 0 0
0.217 -0.209 0.099 -0.259 5.911 -0.018 0.043 0.008 -0.091 -0.088 0 0 0
-0.064 -0.041 0.003 -0.047 -0.018 8.532 -0.027 -0.004 -0.041 -0.023 0 0 0
0.34 -0.324 0.153 -0.402 0.043 -0.027 5.946 0.012 -0.14 -0.136 0 0 0
0.055 -0.044 0.022 -0.055 0.008 -0.004 0.012 5.776 -0.017 -0.018 0 0 0
-0.224 -0.462 0.111 -0.546 -0.091 -0.041 -0.14 -0.017 6.656 -0.23 0 0 0
-0.301 -0.25 0.033 -0.29 -0.088 -0.023 -0.136 -0.018 -0.23 7.798 0 0 0
0 0 0 0 0 0 0 0 0 0 20.038 -4.496 5.203
0 0 0 0 0 0 0 0 0 0 -4.496 14.938 -1.068
0 0 0 0 0 0 0 0 0 0 5.203 -1.068 14.29

 Mean vectors and covariance matrices before rotation --- 2th cluster >>

 mean vector (mu'=Q*mu)>>
7.88 0 0 0 0 0 0 0 0 0 0 0 0

 covariance matrix (Sigma'=Q*Sigma*t(Q))>>

8.3 -0.01 2.285 0.215 -0.741 0.144 0.007 0.158 0.017 -0.99 0 0 0
-0.01 8.452 0.072 0.002 -0.112 0.002 0 -0.018 -0.001 -0.121 0 0 0
2.285 0.072 4.446 0.208 0.587 0.131 0.005 0.392 0.037 0.431 0 0 0
0.215 0.002 0.208 5.722 -0.031 0.014 0.001 0.024 0.002 -0.053 0 0 0
-0.741 -0.112 0.587 -0.031 7.735 -0.008 0.002 -0.354 -0.03 -1.793 0 0 0
0.144 0.002 0.131 0.014 -0.008 5.367 0 0.018 0.002 -0.022 0 0 0
0.007 0 0.005 0.001 0.002 0 3.27 0.001 0 0.001 0 0 0
0.158 -0.018 0.392 0.024 -0.354 0.018 0.001 7.551 -0.002 -0.4 0 0 0
0.017 -0.001 0.037 0.002 -0.03 0.002 0 -0.002 7.44 -0.034 0 0 0
-0.99 -0.121 0.431 -0.053 -1.793 -0.022 0.001 -0.4 -0.034 8.073 0 0 0
0 0 0 0 0 0 0 0 0 0 20.038 -4.496 5.203
0 0 0 0 0 0 0 0 0 0 -4.496 14.938 -1.068
0 0 0 0 0 0 0 0 0 0 5.203 -1.068 14.29

 Final eigenvalues for each cluster >> 
 (rows correspond to clusters)
25.06 13.647 10.56 9.535 9.019 8.536 7.932 7.009 5.884 5.878 5.773 5.567 2.306
25.06 13.647 10.56 9.934 9.445 8.458 7.583 7.44 6.279 5.7 5.358 3.27 2.887

 *************************************************

 ********************* rotation ******************

 *************************************************


 The orthogonal matrix Q >>
0.01 0.259 0.323 0.421 0.101 0.27 0.341 0.477 0.473 0.022
0.259 -0.934 0.083 0.108 0.026 0.069 0.087 0.122 0.121 0.006
0.323 0.083 -0.897 0.135 0.032 0.086 0.109 0.152 0.151 0.007
0.421 0.108 0.135 -0.824 0.042 0.113 0.142 0.199 0.197 0.009
0.101 0.026 0.032 0.042 -0.99 0.027 0.034 0.048 0.047 0.002
0.27 0.069 0.086 0.113 0.027 -0.928 0.091 0.128 0.126 0.006
0.341 0.087 0.109 0.142 0.034 0.091 -0.885 0.161 0.16 0.008
0.477 0.122 0.152 0.199 0.048 0.128 0.161 -0.775 0.223 0.011
0.473 0.121 0.151 0.197 0.047 0.126 0.16 0.223 -0.779 0.011
0.022 0.006 0.007 0.009 0.002 0.006 0.008 0.011 0.011 -1

 Mean vectors and covariance matrices after rotation --- 1th cluster >>

 mean vector (mu'=Q*mu)>>
-2.688 0 -0.177 -3.758 -0.078 -2.04 0 -3.725 -2.128 -2.544 0 -0.797 -3.321

 covariance matrix (Sigma'=Q*Sigma*t(Q))>>

5.902 0 0.071 0.005 0.103 -0.102 0 -0.07 -0.236 0.327 0 0.02 -0.318
0 14.938 0 0 0 0 -4.496 0 0 0 -1.068 0 0
0.071 0 7.825 0.276 0.306 -0.076 0 0.066 0.13 0.243 0 -0.027 -0.024
0.005 0 0.276 5.84 -0.117 0.308 0 0.155 -0.252 0.316 0 -0.009 0.129
0.103 0 0.306 -0.117 5.89 -0.204 0 -0.165 -0.765 0.861 0 0.115 -0.871
-0.102 0 -0.076 0.308 -0.204 8.938 0 -0.054 0.003 0.394 0 -0.151 -0.124
0 -4.496 0 0 0 0 20.038 0 0 0 5.203 0 0
-0.07 0 0.066 0.155 -0.165 -0.054 0 6.934 -0.226 0.475 0 -0.085 -0.268
-0.236 0 0.13 -0.252 -0.765 0.003 0 -0.226 8.23 -0.024 0 -0.088 -0.195
0.327 0 0.243 0.316 0.861 0.394 0 0.475 -0.024 2.735 0 0.14 0.353
0 -1.068 0 0 0 0 5.203 0 0 0 14.29 0 0
0.02 0 -0.027 -0.009 0.115 -0.151 0 -0.085 -0.088 0.14 0 5.901 -0.247
-0.318 0 -0.024 0.129 -0.871 -0.124 0 -0.268 -0.195 0.353 0 -0.247 9.242

 Mean vectors and covariance matrices after rotation --- 2th cluster >>

 mean vector (mu'=Q*mu)>>
2.688 0 0.177 3.758 0.078 2.04 0 3.725 2.128 2.544 0 0.797 3.321

 covariance matrix (Sigma'=Q*Sigma*t(Q))>>

4.414 0 0.482 0.831 1.399 0.421 0 0.916 0.649 0.042 0 0.468 0.969
0 14.938 0 0 0 0 -4.496 0 0 0 -1.068 0 0
0.482 0 8.132 0.222 0.302 0.215 0 0.588 0.342 0.818 0 -1.642 0.512
0.831 0 0.222 7.634 -0.175 -0.015 0 0.211 0.315 -0.284 0 0.07 0.426
1.399 0 0.302 -0.175 6.517 -0.279 0 -0.037 0.485 0.508 0 0.049 0.616
0.421 0 0.215 -0.015 -0.279 8.431 0 0.073 0.14 -0.323 0 0.109 0.183
0 -4.496 0 0 0 0 20.038 0 0 0 5.203 0 0
0.916 0 0.588 0.211 -0.037 0.073 0 7.78 0.37 -0.545 0 0.418 0.516
0.649 0 0.342 0.315 0.485 0.14 0 0.37 5.677 -0.083 0 0.285 0.463
0.042 0 0.818 -0.284 0.508 -0.323 0 -0.545 -0.083 3.492 0 0.719 -0.167
0 -1.068 0 0 0 0 5.203 0 0 0 14.29 0 0
0.468 0 -1.642 0.07 0.049 0.109 0 0.418 0.285 0.719 0 7.911 0.414
0.969 0 0.512 0.426 0.616 0.183 0 0.516 0.463 -0.167 0 0.414 6.368

 Final eigenvalues for each cluster >> 
 (rows correspond to clusters)
25.06 13.647 10.56 9.535 9.019 8.536 7.932 7.009 5.884 5.878 5.773 5.567 2.306
25.06 13.647 10.56 9.934 9.445 8.458 7.583 7.44 6.279 5.7 5.358 3.27 2.887

 theoretical Separation index matrix >>

-1 0.21
0.21 -1

 theoretical projection directions >>

**** cluster 1 and 2
0.309 0 -0.077 0.399 -0.063 0.168 0 0.374 0.228 0.654 0 0.015 0.295

 empirical Separation index matrix (alpha= 0.05 )>>

-1 0.255
0.255 -1

 empirical projection directions >>

**** cluster 1 and 2
-0.313 -0.035 0.131 -0.218 -0.019 -0.05 -0.015 -0.557 -0.137 -0.669 0.018 -0.066 -0.228
