
 Log information for the data set datasetJHG3v10nv10out0_2.dat >>

 alpha = 0.05 sepVal = 0.34

 Number of clusters >> 3

 cluster sizes >>
50 50 50

 Number of data points >> 150

 Number of dimensions >> 20

 Number of noisy dimensions >> 10

 noisy variables >>
1 7 8 11 12 13 14 17 18 19

 Number of outliers >> 0

 initial eigenvalues for each cluster >> 
 (rows correspond to clusters)
6.306 4.724 7.728 7.844 4.707 1.96 5.978 4.933 7.707 4.556
7 2.113 9.938 4.912 7.192 8.167 1.339 5.817 4.547 9.904
4.681 9.892 4.323 6.248 2.12 1.492 8.251 5.521 4.114 2.393

 Mean vectors and covariance matrices before rotation --- 1th cluster >>

 mean vector (mu'=Q*mu)>>
-9.719 0 0 0 0 0 0 0 0 0 1.065 4.069 1.69 1.418 0.338 1.561 2.725 2.862 3.134 3.025

 covariance matrix (Sigma'=Q*Sigma*t(Q))>>

5.511 0.334 -0.188 -0.447 0.453 0.891 -0.046 0.317 -0.467 0.284 0 0 0 0 0 0 0 0 0 0
0.334 4.89 -0.007 -0.021 0.224 0.253 0.071 0.18 -0.016 0.13 0 0 0 0 0 0 0 0 0 0
-0.188 -0.007 7.707 -0.047 -0.009 0.035 -0.025 -0.013 -0.051 -0.003 0 0 0 0 0 0 0 0 0 0
-0.447 -0.021 -0.047 7.735 -0.026 0.075 -0.061 -0.035 -0.118 -0.01 0 0 0 0 0 0 0 0 0 0
0.453 0.224 -0.009 -0.026 5.007 0.338 0.095 0.242 -0.021 0.175 0 0 0 0 0 0 0 0 0 0
0.891 0.253 0.035 0.075 0.338 2.244 0.156 0.286 0.089 0.192 0 0 0 0 0 0 0 0 0 0
-0.046 0.071 -0.025 -0.061 0.095 0.156 5.984 0.071 -0.063 0.058 0 0 0 0 0 0 0 0 0 0
0.317 0.18 -0.013 -0.035 0.242 0.286 0.071 5.127 -0.031 0.142 0 0 0 0 0 0 0 0 0 0
-0.467 -0.016 -0.051 -0.118 -0.021 0.089 -0.063 -0.031 7.58 -0.006 0 0 0 0 0 0 0 0 0 0
0.284 0.13 -0.003 -0.01 0.175 0.192 0.058 0.142 -0.006 4.658 0 0 0 0 0 0 0 0 0 0
0 0 0 0 0 0 0 0 0 0 24.551 -3.739 -0.77 -5.11 -4.332 -5.828 -0.287 1.666 4.735 0.178
0 0 0 0 0 0 0 0 0 0 -3.739 62.502 -0.936 -0.737 -0.676 -1.839 -1.043 -0.837 -0.932 -0.593
0 0 0 0 0 0 0 0 0 0 -0.77 -0.936 24.904 -1.29 -1.118 -1.95 -0.552 -0.095 0.423 -0.251
0 0 0 0 0 0 0 0 0 0 -5.11 -0.737 -1.29 59.514 -0.952 -2.56 -1.436 -1.142 -1.255 -0.814
0 0 0 0 0 0 0 0 0 0 -4.332 -0.676 -1.118 -0.952 54.711 -2.268 -1.238 -0.963 -1.026 -0.698
0 0 0 0 0 0 0 0 0 0 -5.828 -1.839 -1.95 -2.56 -2.268 29.861 -2.044 -1.209 -0.69 -1.084
0 0 0 0 0 0 0 0 0 0 -0.287 -1.043 -0.552 -1.436 -1.238 -2.044 23.28 0.029 0.673 -0.202
0 0 0 0 0 0 0 0 0 0 1.666 -0.837 -0.095 -1.142 -0.963 -1.209 0.029 18.284 1.209 0.098
0 0 0 0 0 0 0 0 0 0 4.735 -0.932 0.423 -1.255 -1.026 -0.69 0.673 1.209 14.203 0.503
0 0 0 0 0 0 0 0 0 0 0.178 -0.593 -0.251 -0.814 -0.698 -1.084 -0.202 0.098 0.503 22.019

 Mean vectors and covariance matrices before rotation --- 2th cluster >>

 mean vector (mu'=Q*mu)>>
9.719 0 0 0 0 0 0 0 0 0 1.065 4.069 1.69 1.418 0.338 1.561 2.725 2.862 3.134 3.025

 covariance matrix (Sigma'=Q*Sigma*t(Q))>>

7.014 1.039 -1.481 0.892 -0.059 -0.173 0.517 0.554 0.641 -0.891 0 0 0 0 0 0 0 0 0 0
1.039 2.545 0.207 0.617 0.325 0.116 0.2 0.586 0.398 0.128 0 0 0 0 0 0 0 0 0 0
-1.481 0.207 8.464 -0.176 -0.514 -0.304 0.124 -0.401 -0.061 -0.892 0 0 0 0 0 0 0 0 0 0
0.892 0.617 -0.176 5.652 0.264 0.058 0.294 0.633 0.493 -0.103 0 0 0 0 0 0 0 0 0 0
-0.059 0.325 -0.514 0.264 7.152 -0.066 0.163 0.152 0.193 -0.309 0 0 0 0 0 0 0 0 0 0
-0.173 0.116 -0.304 0.058 -0.066 8.116 0.06 0.002 0.05 -0.184 0 0 0 0 0 0 0 0 0 0
0.517 0.2 0.124 0.294 0.163 0.06 1.431 0.284 0.189 0.076 0 0 0 0 0 0 0 0 0 0
0.554 0.586 -0.401 0.633 0.152 0.002 0.284 6.318 0.431 -0.239 0 0 0 0 0 0 0 0 0 0
0.641 0.398 -0.061 0.493 0.193 0.05 0.189 0.431 4.872 -0.034 0 0 0 0 0 0 0 0 0 0
-0.891 0.128 -0.892 -0.103 -0.309 -0.184 0.076 -0.239 -0.034 9.364 0 0 0 0 0 0 0 0 0 0
0 0 0 0 0 0 0 0 0 0 24.551 -3.739 -0.77 -5.11 -4.332 -5.828 -0.287 1.666 4.735 0.178
0 0 0 0 0 0 0 0 0 0 -3.739 62.502 -0.936 -0.737 -0.676 -1.839 -1.043 -0.837 -0.932 -0.593
0 0 0 0 0 0 0 0 0 0 -0.77 -0.936 24.904 -1.29 -1.118 -1.95 -0.552 -0.095 0.423 -0.251
0 0 0 0 0 0 0 0 0 0 -5.11 -0.737 -1.29 59.514 -0.952 -2.56 -1.436 -1.142 -1.255 -0.814
0 0 0 0 0 0 0 0 0 0 -4.332 -0.676 -1.118 -0.952 54.711 -2.268 -1.238 -0.963 -1.026 -0.698
0 0 0 0 0 0 0 0 0 0 -5.828 -1.839 -1.95 -2.56 -2.268 29.861 -2.044 -1.209 -0.69 -1.084
0 0 0 0 0 0 0 0 0 0 -0.287 -1.043 -0.552 -1.436 -1.238 -2.044 23.28 0.029 0.673 -0.202
0 0 0 0 0 0 0 0 0 0 1.666 -0.837 -0.095 -1.142 -0.963 -1.209 0.029 18.284 1.209 0.098
0 0 0 0 0 0 0 0 0 0 4.735 -0.932 0.423 -1.255 -1.026 -0.69 0.673 1.209 14.203 0.503
0 0 0 0 0 0 0 0 0 0 0.178 -0.593 -0.251 -0.814 -0.698 -1.084 -0.202 0.098 0.503 22.019

 Mean vectors and covariance matrices before rotation --- 3th cluster >>

 mean vector (mu'=Q*mu)>>
0 16.834 0 0 0 0 0 0 0 0 1.065 4.069 1.69 1.418 0.338 1.561 2.725 2.862 3.134 3.025

 covariance matrix (Sigma'=Q*Sigma*t(Q))>>

6.621 -2.089 0.041 -0.358 0.851 1.75 -1.395 -0.005 0.03 0.934 0 0 0 0 0 0 0 0 0 0
-2.089 9.905 -0.042 -0.834 -0.138 -0.157 -1.192 -0.267 -0.025 -0.189 0 0 0 0 0 0 0 0 0 0
0.041 -0.042 4.92 -0.004 0.021 0.042 -0.027 0.001 0.001 0.023 0 0 0 0 0 0 0 0 0 0
-0.358 -0.834 -0.004 6.787 0.134 0.313 -0.643 -0.081 -0.001 0.136 0 0 0 0 0 0 0 0 0 0
0.851 -0.138 0.021 0.134 2.649 0.453 -0.016 0.069 0.014 0.269 0 0 0 0 0 0 0 0 0 0
1.75 -0.157 0.042 0.313 0.453 2.557 0.059 0.148 0.027 0.518 0 0 0 0 0 0 0 0 0 0
-1.395 -1.192 -0.027 -0.643 -0.016 0.059 8.381 -0.195 -0.015 -0.045 0 0 0 0 0 0 0 0 0 0
-0.005 -0.267 0.001 -0.081 0.069 0.148 -0.195 6.266 0.001 0.073 0 0 0 0 0 0 0 0 0 0
0.03 -0.025 0.001 -0.001 0.014 0.027 -0.015 0.001 4.682 0.015 0 0 0 0 0 0 0 0 0 0
0.934 -0.189 0.023 0.136 0.269 0.518 -0.045 0.073 0.015 3.029 0 0 0 0 0 0 0 0 0 0
0 0 0 0 0 0 0 0 0 0 24.551 -3.739 -0.77 -5.11 -4.332 -5.828 -0.287 1.666 4.735 0.178
0 0 0 0 0 0 0 0 0 0 -3.739 62.502 -0.936 -0.737 -0.676 -1.839 -1.043 -0.837 -0.932 -0.593
0 0 0 0 0 0 0 0 0 0 -0.77 -0.936 24.904 -1.29 -1.118 -1.95 -0.552 -0.095 0.423 -0.251
0 0 0 0 0 0 0 0 0 0 -5.11 -0.737 -1.29 59.514 -0.952 -2.56 -1.436 -1.142 -1.255 -0.814
0 0 0 0 0 0 0 0 0 0 -4.332 -0.676 -1.118 -0.952 54.711 -2.268 -1.238 -0.963 -1.026 -0.698
0 0 0 0 0 0 0 0 0 0 -5.828 -1.839 -1.95 -2.56 -2.268 29.861 -2.044 -1.209 -0.69 -1.084
0 0 0 0 0 0 0 0 0 0 -0.287 -1.043 -0.552 -1.436 -1.238 -2.044 23.28 0.029 0.673 -0.202
0 0 0 0 0 0 0 0 0 0 1.666 -0.837 -0.095 -1.142 -0.963 -1.209 0.029 18.284 1.209 0.098
0 0 0 0 0 0 0 0 0 0 4.735 -0.932 0.423 -1.255 -1.026 -0.69 0.673 1.209 14.203 0.503
0 0 0 0 0 0 0 0 0 0 0.178 -0.593 -0.251 -0.814 -0.698 -1.084 -0.202 0.098 0.503 22.019

 Final eigenvalues for each cluster >> 
 (rows correspond to clusters)
63.023 60.555 55.579 34.677 25.493 23.768 22.087 18.995 17.811 11.841 7.844 7.728 7.707 6.306 5.978 4.933 4.724 4.707 4.556 1.96
63.023 60.555 55.579 34.677 25.493 23.768 22.087 18.995 17.811 11.841 9.938 9.904 8.167 7.192 7 5.817 4.912 4.547 2.113 1.339
63.023 60.555 55.579 34.677 25.493 23.768 22.087 18.995 17.811 11.841 11.256 9.389 7.11 6.282 5.327 4.919 4.681 2.723 2.413 1.697

 *************************************************

 ********************* rotation ******************

 *************************************************


 The orthogonal matrix Q >>
0.319 0.046 0.349 0.212 0.583 0.146 0.191 0.18 0.189 0.513
0.046 -0.998 0.012 0.007 0.021 0.005 0.007 0.006 0.007 0.018
0.349 0.012 -0.908 0.056 0.154 0.039 0.05 0.047 0.05 0.136
0.212 0.007 0.056 -0.966 0.094 0.023 0.031 0.029 0.03 0.083
0.583 0.021 0.154 0.094 -0.742 0.065 0.085 0.079 0.083 0.227
0.146 0.005 0.039 0.023 0.065 -0.984 0.021 0.02 0.021 0.057
0.191 0.007 0.05 0.031 0.085 0.021 -0.972 0.026 0.027 0.074
0.18 0.006 0.047 0.029 0.079 0.02 0.026 -0.976 0.026 0.07
0.189 0.007 0.05 0.03 0.083 0.021 0.027 0.026 -0.973 0.073
0.513 0.018 0.136 0.083 0.227 0.057 0.074 0.07 0.073 -0.8

 Mean vectors and covariance matrices after rotation --- 1th cluster >>

 mean vector (mu'=Q*mu)>>
2.862 -3.1 -5.671 -2.061 -3.387 -0.451 4.069 1.418 -1.834 -1.857 3.134 1.561 3.025 2.725 -1.42 -1.745 1.69 1.065 0.338 -4.989

 covariance matrix (Sigma'=Q*Sigma*t(Q))>>

18.284 0 0 0 0 0 -0.837 -1.142 0 0 1.209 -1.209 0.098 0.029 0 0 -0.095 1.666 -0.963 0
0 6.022 0.334 -0.123 -0.448 -0.318 0 0 -0.054 -0.041 0 0 0 0 -0.144 -0.174 0 0 0 0.516
0 0.334 4.802 0.062 -0.215 -0.077 0 0 0.113 0.048 0 0 0 0 -0.158 -0.022 0 0 0 0.143
0 -0.123 0.062 7.826 -0.025 -0.117 0 0 -0.017 -0.025 0 0 0 0 -0.065 -0.081 0 0 0 0.122
0 -0.448 -0.215 -0.025 7.534 -0.193 0 0 0.002 -0.081 0 0 0 0 -0.282 -0.196 0 0 0 -0.095
0 -0.318 -0.077 -0.117 -0.193 4.844 0 0 -0.098 -0.026 0 0 0 0 0.142 0.072 0 0 0 -0.123
-0.837 0 0 0 0 0 62.502 -0.737 0 0 -0.932 -1.839 -0.593 -1.043 0 0 -0.936 -3.739 -0.676 0
-1.142 0 0 0 0 0 -0.737 59.514 0 0 -1.255 -2.56 -0.814 -1.436 0 0 -1.29 -5.11 -0.952 0
0 -0.054 0.113 -0.017 0.002 -0.098 0 0 7.687 -0.013 0 0 0 0 -0.022 -0.055 0 0 0 0.16
0 -0.041 0.048 -0.025 -0.081 -0.026 0 0 -0.013 5.975 0 0 0 0 -0.001 -0.01 0 0 0 0.065
1.209 0 0 0 0 0 -0.932 -1.255 0 0 14.203 -0.69 0.503 0.673 0 0 0.423 4.735 -1.026 0
-1.209 0 0 0 0 0 -1.839 -2.56 0 0 -0.69 29.861 -1.084 -2.044 0 0 -1.95 -5.828 -2.268 0
0.098 0 0 0 0 0 -0.593 -0.814 0 0 0.503 -1.084 22.019 -0.202 0 0 -0.251 0.178 -0.698 0
0.029 0 0 0 0 0 -1.043 -1.436 0 0 0.673 -2.044 -0.202 23.28 0 0 -0.552 -0.287 -1.238 0
0 -0.144 -0.158 -0.065 -0.282 0.142 0 0 -0.022 -0.001 0 0 0 0 2.008 0.083 0 0 0 -0.208
0 -0.174 -0.022 -0.081 -0.196 0.072 0 0 -0.055 -0.01 0 0 0 0 0.083 4.984 0 0 0 -0.045
-0.095 0 0 0 0 0 -0.936 -1.29 0 0 0.423 -1.95 -0.251 -0.552 0 0 24.904 -0.77 -1.118 0
1.666 0 0 0 0 0 -3.739 -5.11 0 0 4.735 -5.828 0.178 -0.287 0 0 -0.77 24.551 -4.332 0
-0.963 0 0 0 0 0 -0.676 -0.952 0 0 -1.026 -2.268 -0.698 -1.238 0 0 -1.118 -4.332 54.711 0
0 0.516 0.143 0.122 -0.095 -0.123 0 0 0.16 0.065 0 0 0 0 -0.208 -0.045 0 0 0 4.761

 Mean vectors and covariance matrices after rotation --- 2th cluster >>

 mean vector (mu'=Q*mu)>>
2.862 3.1 5.671 2.061 3.387 0.451 4.069 1.418 1.834 1.857 3.134 1.561 3.025 2.725 1.42 1.745 1.69 1.065 0.338 4.989

 covariance matrix (Sigma'=Q*Sigma*t(Q))>>

18.284 0 0 0 0 0 -0.837 -1.142 0 0 1.209 -1.209 0.098 0.029 0 0 -0.095 1.666 -0.963 0
0 6.717 -0.222 -0.46 0.652 -0.845 0 0 -0.228 0.446 0 0 0 0 0.008 -0.281 0 0 0 -0.654
0 -0.222 7.066 -0.339 0.421 -0.51 0 0 -0.196 0.126 0 0 0 0 0.011 -0.222 0 0 0 -0.217
0 -0.46 -0.339 5.225 -0.178 0.268 0 0 0.166 0.094 0 0 0 0 -0.057 0.322 0 0 0 -0.572
0 0.652 0.421 -0.178 9.612 -0.213 0 0 0.026 0.425 0 0 0 0 -0.012 -0.321 0 0 0 0.031
0 -0.845 -0.51 0.268 -0.213 2.413 0 0 0.099 -0.074 0 0 0 0 -0.085 0.302 0 0 0 -0.593
-0.837 0 0 0 0 0 62.502 -0.737 0 0 -0.932 -1.839 -0.593 -1.043 0 0 -0.936 -3.739 -0.676 0
-1.142 0 0 0 0 0 -0.737 59.514 0 0 -1.255 -2.56 -0.814 -1.436 0 0 -1.29 -5.11 -0.952 0
0 -0.228 -0.196 0.166 0.026 0.099 0 0 4.63 0.059 0 0 0 0 -0.016 0.199 0 0 0 -0.322
0 0.446 0.126 0.094 0.425 -0.074 0 0 0.059 1.417 0 0 0 0 0.083 0.159 0 0 0 0.099
1.209 0 0 0 0 0 -0.932 -1.255 0 0 14.203 -0.69 0.503 0.673 0 0 0.423 4.735 -1.026 0
-1.209 0 0 0 0 0 -1.839 -2.56 0 0 -0.69 29.861 -1.084 -2.044 0 0 -1.95 -5.828 -2.268 0
0.098 0 0 0 0 0 -0.593 -0.814 0 0 0.503 -1.084 22.019 -0.202 0 0 -0.251 0.178 -0.698 0
0.029 0 0 0 0 0 -1.043 -1.436 0 0 0.673 -2.044 -0.202 23.28 0 0 -0.552 -0.287 -1.238 0
0 0.008 0.011 -0.057 -0.012 -0.085 0 0 -0.016 0.083 0 0 0 0 8.16 -0.061 0 0 0 -0.074
0 -0.281 -0.222 0.322 -0.321 0.302 0 0 0.199 0.159 0 0 0 0 -0.061 6.097 0 0 0 -0.516
-0.095 0 0 0 0 0 -0.936 -1.29 0 0 0.423 -1.95 -0.251 -0.552 0 0 24.904 -0.77 -1.118 0
1.666 0 0 0 0 0 -3.739 -5.11 0 0 4.735 -5.828 0.178 -0.287 0 0 -0.77 24.551 -4.332 0
-0.963 0 0 0 0 0 -0.676 -0.952 0 0 -1.026 -2.268 -0.698 -1.238 0 0 -1.118 -4.332 54.711 0
0 -0.654 -0.217 -0.572 0.031 -0.593 0 0 -0.322 0.099 0 0 0 0 -0.074 -0.516 0 0 0 9.593

 Mean vectors and covariance matrices after rotation --- 3th cluster >>

 mean vector (mu'=Q*mu)>>
2.862 0.781 0.346 0.126 0.206 -16.806 4.069 1.418 0.112 0.113 3.134 1.561 3.025 2.725 0.087 0.106 1.69 1.065 0.338 0.304

 covariance matrix (Sigma'=Q*Sigma*t(Q))>>

18.284 0 0 0 0 0 -0.837 -1.142 0 0 1.209 -1.209 0.098 0.029 0 0 -0.095 1.666 -0.963 0
0 4.859 1.38 -0.09 0.306 1.153 0 0 0.204 0.233 0 0 0 0 -0.717 -0.097 0 0 0 0.908
0 1.38 3.462 0.463 0.484 1.342 0 0 0.278 0.894 0 0 0 0 -0.494 0.206 0 0 0 0.767
0 -0.09 0.463 6.919 0.184 -0.293 0 0 0.106 -0.302 0 0 0 0 -0.022 -0.021 0 0 0 0.346
0 0.306 0.484 0.184 5.183 0.84 0 0 0.151 0.509 0 0 0 0 -0.529 0.076 0 0 0 0.3
0 1.153 1.342 -0.293 0.84 10.135 0 0 0.454 -0.656 0 0 0 0 0.122 0.18 0 0 0 1.096
-0.837 0 0 0 0 0 62.502 -0.737 0 0 -0.932 -1.839 -0.593 -1.043 0 0 -0.936 -3.739 -0.676 0
-1.142 0 0 0 0 0 -0.737 59.514 0 0 -1.255 -2.56 -0.814 -1.436 0 0 -1.29 -5.11 -0.952 0
0 0.204 0.278 0.106 0.151 0.454 0 0 4.768 0.279 0 0 0 0 -0.278 0.046 0 0 0 0.177
0 0.233 0.894 -0.302 0.509 -0.656 0 0 0.279 8.89 0 0 0 0 -0.09 0.048 0 0 0 0.684
1.209 0 0 0 0 0 -0.932 -1.255 0 0 14.203 -0.69 0.503 0.673 0 0 0.423 4.735 -1.026 0
-1.209 0 0 0 0 0 -1.839 -2.56 0 0 -0.69 29.861 -1.084 -2.044 0 0 -1.95 -5.828 -2.268 0
0.098 0 0 0 0 0 -0.593 -0.814 0 0 0.503 -1.084 22.019 -0.202 0 0 -0.251 0.178 -0.698 0
0.029 0 0 0 0 0 -1.043 -1.436 0 0 0.673 -2.044 -0.202 23.28 0 0 -0.552 -0.287 -1.238 0
0 -0.717 -0.494 -0.022 -0.529 0.122 0 0 -0.278 -0.09 0 0 0 0 2.032 -0.171 0 0 0 -0.369
0 -0.097 0.206 -0.021 0.076 0.18 0 0 0.046 0.048 0 0 0 0 -0.171 6.274 0 0 0 0.127
-0.095 0 0 0 0 0 -0.936 -1.29 0 0 0.423 -1.95 -0.251 -0.552 0 0 24.904 -0.77 -1.118 0
1.666 0 0 0 0 0 -3.739 -5.11 0 0 4.735 -5.828 0.178 -0.287 0 0 -0.77 24.551 -4.332 0
-0.963 0 0 0 0 0 -0.676 -0.952 0 0 -1.026 -2.268 -0.698 -1.238 0 0 -1.118 -4.332 54.711 0
0 0.908 0.767 0.346 0.3 1.096 0 0 0.177 0.684 0 0 0 0 -0.369 0.127 0 0 0 3.276

 Final eigenvalues for each cluster >> 
 (rows correspond to clusters)
63.023 60.555 55.579 34.677 25.493 23.768 22.087 18.995 17.811 11.841 7.844 7.728 7.707 6.306 5.978 4.933 4.724 4.707 4.556 1.96
63.023 60.555 55.579 34.677 25.493 23.768 22.087 18.995 17.811 11.841 9.938 9.904 8.167 7.192 7 5.817 4.912 4.547 2.113 1.339
63.023 60.555 55.579 34.677 25.493 23.768 22.087 18.995 17.811 11.841 11.256 9.389 7.11 6.282 5.327 4.919 4.681 2.723 2.413 1.697

 theoretical Separation index matrix >>

-1 0.34 0.355
0.34 -1 0.34
0.355 0.34 -1

 theoretical projection directions >>

**** cluster 1 and 2
0 0.322 0.59 0.224 0.243 0.212 0 0 0.187 0.237 0 0 0 0 0.204 0.231 0 0 0 0.456

**** cluster 1 and 3
0 0.158 0.422 0.034 0.193 -0.649 0 0 0.082 -0.012 0 0 0 0 0.435 0.099 0 0 0 0.362

**** cluster 2 and 3
0 -0.123 -0.207 -0.091 -0.062 -0.934 0 0 -0.058 -0.129 0 0 0 0 -0.077 -0.042 0 0 0 -0.171

 empirical Separation index matrix (alpha= 0.05 )>>

-1 0.48 0.4
0.48 -1 0.395
0.4 0.395 -1

 empirical projection directions >>

**** cluster 1 and 2
-0.104 -0.18 -0.269 0.05 -0.048 -0.895 0.037 0.041 -0.074 -0.069 -0.058 0.036 0.005 0.024 -0.165 0.083 -0.01 0.063 0.02 -0.144

**** cluster 1 and 3
0.069 -0.241 -0.376 -0.184 -0.197 -0.507 0.014 0.078 -0.172 -0.081 -0.021 0.027 -0.014 0.076 -0.235 -0.193 0.035 0.03 0.045 -0.565

**** cluster 2 and 3
0.08 -0.048 -0.259 0.013 -0.191 0.744 0.015 -0.009 -0.032 -0.021 0.027 -0.088 0.075 -0.128 -0.359 -0.232 0.045 -0.003 0.02 -0.341
