
 Log information for the data set datasetJLG3v10nv10out0_2.dat >>

 alpha = 0.05 sepVal = 0.01

 Number of clusters >> 3

 cluster sizes >>
50 50 50

 Number of data points >> 150

 Number of dimensions >> 20

 Number of noisy dimensions >> 10

 noisy variables >>
1 3 4 5 6 7 15 16 18 20

 Number of outliers >> 0

 initial eigenvalues for each cluster >> 
 (rows correspond to clusters)
2.386 4.641 3.438 5.131 8.633 8.35 3.988 7.218 6.348 2.993
1.355 7.242 8.73 2.367 8.499 2.312 8.274 6.426 3.193 1.358
4.366 4.907 2.698 5.542 7.31 5.133 2.774 3.399 1.862 8.62

 Mean vectors and covariance matrices before rotation --- 1th cluster >>

 mean vector (mu'=Q*mu)>>
-4.672 0 0 0 0 0 0 0 0 0 2.511 1.91 2.454 1.654 2.208 0.491 2.343 1.018 1.652 0.309

 covariance matrix (Sigma'=Q*Sigma*t(Q))>>

8.678 0.023 0.737 -0.397 -2.038 -2.401 0.136 -0.105 -0.401 0.391 0 0 0 0 0 0 0 0 0 0
0.023 7.096 -0.16 -0.637 -0.853 -1.033 -0.082 -0.053 -0.252 -0.035 0 0 0 0 0 0 0 0 0 0
0.737 -0.16 5.535 -0.371 -0.723 -0.865 -0.02 -0.042 -0.183 0.041 0 0 0 0 0 0 0 0 0 0
-0.397 -0.637 -0.371 7.035 -1.442 -1.752 -0.168 -0.092 -0.443 -0.102 0 0 0 0 0 0 0 0 0 0
-2.038 -0.853 -0.723 -1.442 12.537 -1.581 -0.265 -0.089 -0.464 -0.257 0 0 0 0 0 0 0 0 0 0
-2.401 -1.033 -0.865 -1.752 -1.581 11.416 -0.32 -0.109 -0.568 -0.306 0 0 0 0 0 0 0 0 0 0
0.136 -0.082 -0.02 -0.168 -0.265 -0.32 6.367 -0.016 -0.073 0.002 0 0 0 0 0 0 0 0 0 0
-0.105 -0.053 -0.042 -0.092 -0.089 -0.109 -0.016 11.548 -0.031 -0.014 0 0 0 0 0 0 0 0 0 0
-0.401 -0.252 -0.183 -0.443 -0.464 -0.568 -0.073 -0.031 10.006 -0.06 0 0 0 0 0 0 0 0 0 0
0.391 -0.035 0.041 -0.102 -0.257 -0.306 0.002 -0.014 -0.06 4.817 0 0 0 0 0 0 0 0 0 0
0 0 0 0 0 0 0 0 0 0 13.633 -2.249 -0.018 -0.948 0.835 -0.028 0.837 0.127 2.313 -0.692
0 0 0 0 0 0 0 0 0 0 -2.249 17.43 -0.042 -0.956 -0.313 -0.025 -0.448 -0.214 0.228 -0.392
0 0 0 0 0 0 0 0 0 0 -0.018 -0.042 14.359 -0.021 0.008 -0.001 0.007 0 0.032 -0.013
0 0 0 0 0 0 0 0 0 0 -0.948 -0.956 -0.021 15.235 -0.003 -0.015 -0.062 -0.074 0.471 -0.283
0 0 0 0 0 0 0 0 0 0 0.835 -0.313 0.008 -0.003 11.566 -0.001 0.436 0.115 0.712 -0.104
0 0 0 0 0 0 0 0 0 0 -0.028 -0.025 -0.001 -0.015 -0.001 16.201 -0.003 -0.002 0.011 -0.007
0 0 0 0 0 0 0 0 0 0 0.837 -0.448 0.007 -0.062 0.436 -0.003 12.117 0.121 0.846 -0.146
0 0 0 0 0 0 0 0 0 0 0.127 -0.214 0 -0.074 0.115 -0.002 0.121 12.778 0.271 -0.067
0 0 0 0 0 0 0 0 0 0 2.313 0.228 0.032 0.471 0.712 0.011 0.846 0.271 6.395 0.046
0 0 0 0 0 0 0 0 0 0 -0.692 -0.392 -0.013 -0.283 -0.104 -0.007 -0.146 -0.067 0.046 19.348

 Mean vectors and covariance matrices before rotation --- 2th cluster >>

 mean vector (mu'=Q*mu)>>
4.672 0 0 0 0 0 0 0 0 0 2.511 1.91 2.454 1.654 2.208 0.491 2.343 1.018 1.652 0.309

 covariance matrix (Sigma'=Q*Sigma*t(Q))>>

3.154 -0.405 -0.021 0.049 -1.511 0.161 -0.471 -1.196 -0.13 1.041 0 0 0 0 0 0 0 0 0 0
-0.405 7.162 -0.004 -0.038 -0.259 -0.112 -0.082 -0.268 -0.265 -0.235 0 0 0 0 0 0 0 0 0 0
-0.021 -0.004 8.73 -0.002 -0.011 -0.006 -0.004 -0.012 -0.013 -0.012 0 0 0 0 0 0 0 0 0 0
0.049 -0.038 -0.002 2.365 -0.135 -0.007 -0.042 -0.116 -0.049 0.028 0 0 0 0 0 0 0 0 0 0
-1.511 -0.259 -0.011 -0.135 7.671 -0.399 -0.265 -0.876 -0.921 -0.877 0 0 0 0 0 0 0 0 0 0
0.161 -0.112 -0.006 -0.007 -0.399 2.293 -0.125 -0.343 -0.141 0.093 0 0 0 0 0 0 0 0 0 0
-0.471 -0.082 -0.004 -0.042 -0.265 -0.125 8.19 -0.279 -0.29 -0.273 0 0 0 0 0 0 0 0 0 0
-1.196 -0.268 -0.012 -0.116 -0.876 -0.343 -0.279 5.535 -0.837 -0.694 0 0 0 0 0 0 0 0 0 0
-0.13 -0.265 -0.013 -0.049 -0.921 -0.141 -0.29 -0.837 2.696 -0.077 0 0 0 0 0 0 0 0 0 0
1.041 -0.235 -0.012 0.028 -0.877 0.093 -0.273 -0.694 -0.077 1.96 0 0 0 0 0 0 0 0 0 0
0 0 0 0 0 0 0 0 0 0 13.633 -2.249 -0.018 -0.948 0.835 -0.028 0.837 0.127 2.313 -0.692
0 0 0 0 0 0 0 0 0 0 -2.249 17.43 -0.042 -0.956 -0.313 -0.025 -0.448 -0.214 0.228 -0.392
0 0 0 0 0 0 0 0 0 0 -0.018 -0.042 14.359 -0.021 0.008 -0.001 0.007 0 0.032 -0.013
0 0 0 0 0 0 0 0 0 0 -0.948 -0.956 -0.021 15.235 -0.003 -0.015 -0.062 -0.074 0.471 -0.283
0 0 0 0 0 0 0 0 0 0 0.835 -0.313 0.008 -0.003 11.566 -0.001 0.436 0.115 0.712 -0.104
0 0 0 0 0 0 0 0 0 0 -0.028 -0.025 -0.001 -0.015 -0.001 16.201 -0.003 -0.002 0.011 -0.007
0 0 0 0 0 0 0 0 0 0 0.837 -0.448 0.007 -0.062 0.436 -0.003 12.117 0.121 0.846 -0.146
0 0 0 0 0 0 0 0 0 0 0.127 -0.214 0 -0.074 0.115 -0.002 0.121 12.778 0.271 -0.067
0 0 0 0 0 0 0 0 0 0 2.313 0.228 0.032 0.471 0.712 0.011 0.846 0.271 6.395 0.046
0 0 0 0 0 0 0 0 0 0 -0.692 -0.392 -0.013 -0.283 -0.104 -0.007 -0.146 -0.067 0.046 19.348

 Mean vectors and covariance matrices before rotation --- 3th cluster >>

 mean vector (mu'=Q*mu)>>
0 8.091 0 0 0 0 0 0 0 0 2.511 1.91 2.454 1.654 2.208 0.491 2.343 1.018 1.652 0.309

 covariance matrix (Sigma'=Q*Sigma*t(Q))>>

4.539 -0.198 0.374 -0.09 -0.602 -0.239 0.654 0.236 0.979 -1.384 0 0 0 0 0 0 0 0 0 0
-0.198 4.732 0.099 -0.052 -0.272 -0.168 0.17 0.046 0.295 -0.593 0 0 0 0 0 0 0 0 0 0
0.374 0.099 2.814 0.009 -0.039 0.063 0.207 0.096 0.258 -0.133 0 0 0 0 0 0 0 0 0 0
-0.09 -0.052 0.009 5.53 -0.057 -0.046 0.014 -0.001 0.036 -0.119 0 0 0 0 0 0 0 0 0 0
-0.602 -0.272 -0.039 -0.057 7.105 -0.225 -0.077 -0.066 -0.019 -0.395 0 0 0 0 0 0 0 0 0 0
-0.239 -0.168 0.063 -0.046 -0.225 4.978 0.107 0.021 0.204 -0.482 0 0 0 0 0 0 0 0 0 0
0.654 0.17 0.207 0.014 -0.077 0.107 3.144 0.17 0.462 -0.25 0 0 0 0 0 0 0 0 0 0
0.236 0.046 0.096 -0.001 -0.066 0.021 0.17 3.473 0.223 -0.177 0 0 0 0 0 0 0 0 0 0
0.979 0.295 0.258 0.036 -0.019 0.204 0.462 0.223 2.412 -0.156 0 0 0 0 0 0 0 0 0 0
-1.384 -0.593 -0.133 -0.119 -0.395 -0.482 -0.25 -0.177 -0.156 7.885 0 0 0 0 0 0 0 0 0 0
0 0 0 0 0 0 0 0 0 0 13.633 -2.249 -0.018 -0.948 0.835 -0.028 0.837 0.127 2.313 -0.692
0 0 0 0 0 0 0 0 0 0 -2.249 17.43 -0.042 -0.956 -0.313 -0.025 -0.448 -0.214 0.228 -0.392
0 0 0 0 0 0 0 0 0 0 -0.018 -0.042 14.359 -0.021 0.008 -0.001 0.007 0 0.032 -0.013
0 0 0 0 0 0 0 0 0 0 -0.948 -0.956 -0.021 15.235 -0.003 -0.015 -0.062 -0.074 0.471 -0.283
0 0 0 0 0 0 0 0 0 0 0.835 -0.313 0.008 -0.003 11.566 -0.001 0.436 0.115 0.712 -0.104
0 0 0 0 0 0 0 0 0 0 -0.028 -0.025 -0.001 -0.015 -0.001 16.201 -0.003 -0.002 0.011 -0.007
0 0 0 0 0 0 0 0 0 0 0.837 -0.448 0.007 -0.062 0.436 -0.003 12.117 0.121 0.846 -0.146
0 0 0 0 0 0 0 0 0 0 0.127 -0.214 0 -0.074 0.115 -0.002 0.121 12.778 0.271 -0.067
0 0 0 0 0 0 0 0 0 0 2.313 0.228 0.032 0.471 0.712 0.011 0.846 0.271 6.395 0.046
0 0 0 0 0 0 0 0 0 0 -0.692 -0.392 -0.013 -0.283 -0.104 -0.007 -0.146 -0.067 0.046 19.348

 Final eigenvalues for each cluster >> 
 (rows correspond to clusters)
19.461 18.785 16.201 15.806 14.36 13.819 13.393 13.365 12.753 11.636 11.554 11.177 10.161 8.213 7.428 6.384 5.503 5.49 4.79 3.819
19.461 18.785 16.201 15.806 14.36 13.393 12.753 11.636 11.177 8.731 8.499 8.274 7.242 6.426 5.49 3.193 2.367 2.312 1.358 1.355
19.461 18.785 16.201 15.806 14.36 13.393 12.753 11.636 11.177 8.62 7.31 5.542 5.49 5.133 4.907 4.366 3.399 2.774 2.698 1.862

 *************************************************

 ********************* rotation ******************

 *************************************************


 The orthogonal matrix Q >>
0.051 0.172 0.383 0.062 0.407 0.54 0.5 0.207 0.211 0.155
0.172 -0.972 0.063 0.01 0.067 0.088 0.082 0.034 0.035 0.025
0.383 0.063 -0.861 0.022 0.148 0.196 0.182 0.075 0.077 0.056
0.062 0.01 0.022 -0.996 0.024 0.032 0.029 0.012 0.012 0.009
0.407 0.067 0.148 0.024 -0.843 0.209 0.193 0.08 0.082 0.06
0.54 0.088 0.196 0.032 0.209 -0.723 0.257 0.106 0.108 0.079
0.5 0.082 0.182 0.029 0.193 0.257 -0.762 0.098 0.101 0.074
0.207 0.034 0.075 0.012 0.08 0.106 0.098 -0.959 0.042 0.03
0.211 0.035 0.077 0.012 0.082 0.108 0.101 0.042 -0.958 0.031
0.155 0.025 0.056 0.009 0.06 0.079 0.074 0.03 0.031 -0.977

 Mean vectors and covariance matrices after rotation --- 1th cluster >>

 mean vector (mu'=Q*mu)>>
2.343 -0.237 2.454 1.91 2.208 0.309 2.511 -1.9 -1.787 -0.288 -0.966 -2.335 -2.52 -0.987 1.654 1.652 -0.722 1.018 -0.805 0.491

 covariance matrix (Sigma'=Q*Sigma*t(Q))>>

12.117 0 0.007 -0.448 0.436 -0.146 0.837 0 0 0 0 0 0 0 -0.062 0.846 0 0.121 0 -0.003
0 6.355 0 0 0 0 0 -1.423 0.511 1.872 -1.264 -0.502 -1.883 -0.409 0 0 0.245 0 0.704 0
0.007 0 14.359 -0.042 0.008 -0.013 -0.018 0 0 0 0 0 0 0 -0.021 0.032 0 0 0 -0.001
-0.448 0 -0.042 17.43 -0.313 -0.392 -2.249 0 0 0 0 0 0 0 -0.956 0.228 0 -0.214 0 -0.025
0.436 0 0.008 -0.313 11.566 -0.104 0.835 0 0 0 0 0 0 0 -0.003 0.712 0 0.115 0 -0.001
-0.146 0 -0.013 -0.392 -0.104 19.348 -0.692 0 0 0 0 0 0 0 -0.283 0.046 0 -0.067 0 -0.007
0.837 0 -0.018 -2.249 0.835 -0.692 13.633 0 0 0 0 0 0 0 -0.948 2.313 0 0.127 0 -0.028
0 -1.423 0 0 0 0 0 13.361 -0.259 -0.474 -0.24 0.208 -0.603 -0.163 0 0 -0.09 0 -0.341 0
0 0.511 0 0 0 0 0 -0.259 5.678 0.491 -0.342 0.043 -0.358 -0.062 0 0 0.079 0 0.19 0
0 1.872 0 0 0 0 0 -0.474 0.491 7.31 0.314 0.939 -0.486 0.04 0 0 0.244 0 -0.202 0
0 -1.264 0 0 0 0 0 -0.24 -0.342 0.314 11.181 -0.475 -0.368 -0.173 0 0 -0.146 0 -0.034 0
0 -0.502 0 0 0 0 0 0.208 0.043 0.939 -0.475 6.286 0.166 0.017 0 0 0.001 0 0.319 0
0 -1.883 0 0 0 0 0 -0.603 -0.358 -0.486 -0.368 0.166 12.559 -0.228 0 0 -0.129 0 -0.403 0
0 -0.409 0 0 0 0 0 -0.163 -0.062 0.04 -0.173 0.017 -0.228 10.097 0 0 -0.022 0 -0.039 0
-0.062 0 -0.021 -0.956 -0.003 -0.283 -0.948 0 0 0 0 0 0 0 15.235 0.471 0 -0.074 0 -0.015
0.846 0 0.032 0.228 0.712 0.046 2.313 0 0 0 0 0 0 0 0.471 6.395 0 0.271 0 0.011
0 0.245 0 0 0 0 0 -0.09 0.079 0.244 -0.146 0.001 -0.129 -0.022 0 0 4.825 0 0.097 0
0.121 0 0 -0.214 0.115 -0.067 0.127 0 0 0 0 0 0 0 -0.074 0.271 0 12.778 0 -0.002
0 0.704 0 0 0 0 0 -0.341 0.19 -0.202 -0.034 0.319 -0.403 -0.039 0 0 0.097 0 7.381 0
-0.003 0 -0.001 -0.025 -0.001 -0.007 -0.028 0 0 0 0 0 0 0 -0.015 0.011 0 -0.002 0 16.201

 Mean vectors and covariance matrices after rotation --- 2th cluster >>

 mean vector (mu'=Q*mu)>>
2.343 0.237 2.454 1.91 2.208 0.309 2.511 1.9 1.787 0.288 0.966 2.335 2.52 0.987 1.654 1.652 0.722 1.018 0.805 0.491

 covariance matrix (Sigma'=Q*Sigma*t(Q))>>

12.117 0 0.007 -0.448 0.436 -0.146 0.837 0 0 0 0 0 0 0 -0.062 0.846 0 0.121 0 -0.003
0 4.504 0 0 0 0 0 -0.691 -1.97 0.187 0.67 -1.949 0.994 1.018 0 0 0.837 0 -0.247 0
0.007 0 14.359 -0.042 0.008 -0.013 -0.018 0 0 0 0 0 0 0 -0.021 0.032 0 0 0 -0.001
-0.448 0 -0.042 17.43 -0.313 -0.392 -2.249 0 0 0 0 0 0 0 -0.956 0.228 0 -0.214 0 -0.025
0.436 0 0.008 -0.313 11.566 -0.104 0.835 0 0 0 0 0 0 0 -0.003 0.712 0 0.115 0 -0.001
-0.146 0 -0.013 -0.392 -0.104 19.348 -0.692 0 0 0 0 0 0 0 -0.283 0.046 0 -0.067 0 -0.007
0.837 0 -0.018 -2.249 0.835 -0.692 13.633 0 0 0 0 0 0 0 -0.948 2.313 0 0.127 0 -0.028
0 -0.691 0 0 0 0 0 8.104 -0.657 -0.064 -0.095 -0.695 0.076 -0.417 0 0 -0.912 0 -0.149 0
0 -1.97 0 0 0 0 0 -0.657 7.133 -0.095 0.187 -1.702 -0.955 -0.086 0 0 -0.446 0 -0.346 0
0 0.187 0 0 0 0 0 -0.064 -0.095 2.376 0.005 -0.101 0.072 0.03 0 0 0.025 0 -0.019 0
0 0.67 0 0 0 0 0 -0.095 0.187 0.005 6.217 0.192 0.642 -0.289 0 0 -0.499 0 0.026 0
0 -1.949 0 0 0 0 0 -0.695 -1.702 -0.101 0.192 6.478 -0.817 -0.171 0 0 -0.683 0 -0.355 0
0 0.994 0 0 0 0 0 0.076 -0.955 0.072 0.642 -0.817 2.792 0.476 0 0 0.008 0 -0.007 0
0 1.018 0 0 0 0 0 -0.417 -0.086 0.03 -0.289 -0.171 0.476 3.103 0 0 0.011 0 -0.089 0
-0.062 0 -0.021 -0.956 -0.003 -0.283 -0.948 0 0 0 0 0 0 0 15.235 0.471 0 -0.074 0 -0.015
0.846 0 0.032 0.228 0.712 0.046 2.313 0 0 0 0 0 0 0 0.471 6.395 0 0.271 0 0.011
0 0.837 0 0 0 0 0 -0.912 -0.446 0.025 -0.499 -0.683 0.008 0.011 0 0 1.871 0 -0.278 0
0.121 0 0 -0.214 0.115 -0.067 0.127 0 0 0 0 0 0 0 -0.074 0.271 0 12.778 0 -0.002
0 -0.247 0 0 0 0 0 -0.149 -0.346 -0.019 0.026 -0.355 -0.007 -0.089 0 0 -0.278 0 7.178 0
-0.003 0 -0.001 -0.025 -0.001 -0.007 -0.028 0 0 0 0 0 0 0 -0.015 0.011 0 -0.002 0 16.201

 Mean vectors and covariance matrices after rotation --- 3th cluster >>

 mean vector (mu'=Q*mu)>>
2.343 1.394 2.454 1.91 2.208 0.309 2.511 0.54 0.508 0.082 0.274 0.663 0.716 0.28 1.654 1.652 0.205 1.018 -7.863 0.491

 covariance matrix (Sigma'=Q*Sigma*t(Q))>>

12.117 0 0.007 -0.448 0.436 -0.146 0.837 0 0 0 0 0 0 0 -0.062 0.846 0 0.121 0 -0.003
0 4.469 0 0 0 0 0 -0.699 0.458 0.002 0.08 0.448 -0.137 -0.101 0 0 0.333 0 0.083 0
0.007 0 14.359 -0.042 0.008 -0.013 -0.018 0 0 0 0 0 0 0 -0.021 0.032 0 0 0 -0.001
-0.448 0 -0.042 17.43 -0.313 -0.392 -2.249 0 0 0 0 0 0 0 -0.956 0.228 0 -0.214 0 -0.025
0.436 0 0.008 -0.313 11.566 -0.104 0.835 0 0 0 0 0 0 0 -0.003 0.712 0 0.115 0 -0.001
-0.146 0 -0.013 -0.392 -0.104 19.348 -0.692 0 0 0 0 0 0 0 -0.283 0.046 0 -0.067 0 -0.007
0.837 0 -0.018 -2.249 0.835 -0.692 13.633 0 0 0 0 0 0 0 -0.948 2.313 0 0.127 0 -0.028
0 -0.699 0 0 0 0 0 7.041 -0.032 -0.025 -0.14 -0.19 -0.221 -0.451 0 0 0.259 0 -0.174 0
0 0.458 0 0 0 0 0 -0.032 2.884 0.049 0.06 0.184 0.156 -0.114 0 0 0.508 0 0.22 0
0 0.002 0 0 0 0 0 -0.025 0.049 5.541 0.009 0.047 0.01 -0.008 0 0 -0.004 0 -0.019 0
0 0.08 0 0 0 0 0 -0.14 0.06 0.009 3.414 0.062 -0.032 -0.018 0 0 0.14 0 0.078 0
0 0.448 0 0 0 0 0 -0.19 0.184 0.047 0.062 2.964 0.066 -0.087 0 0 0.542 0 0.275 0
0 -0.137 0 0 0 0 0 -0.221 0.156 0.01 -0.032 0.066 5.101 -0.323 0 0 0.42 0 -0.001 0
0 -0.101 0 0 0 0 0 -0.451 -0.114 -0.008 -0.018 -0.087 -0.323 1.981 0 0 0.032 0 0.177 0
-0.062 0 -0.021 -0.956 -0.003 -0.283 -0.948 0 0 0 0 0 0 0 15.235 0.471 0 -0.074 0 -0.015
0.846 0 0.032 0.228 0.712 0.046 2.313 0 0 0 0 0 0 0 0.471 6.395 0 0.271 0 0.011
0 0.333 0 0 0 0 0 0.259 0.508 -0.004 0.14 0.542 0.42 0.032 0 0 8.392 0 -0.269 0
0.121 0 0 -0.214 0.115 -0.067 0.127 0 0 0 0 0 0 0 -0.074 0.271 0 12.778 0 -0.002
0 0.083 0 0 0 0 0 -0.174 0.22 -0.019 0.078 0.275 -0.001 0.177 0 0 -0.269 0 4.826 0
-0.003 0 -0.001 -0.025 -0.001 -0.007 -0.028 0 0 0 0 0 0 0 -0.015 0.011 0 -0.002 0 16.201

 Final eigenvalues for each cluster >> 
 (rows correspond to clusters)
19.461 18.785 16.201 15.806 14.36 13.819 13.393 13.365 12.753 11.636 11.554 11.177 10.161 8.213 7.428 6.384 5.503 5.49 4.79 3.819
19.461 18.785 16.201 15.806 14.36 13.393 12.753 11.636 11.177 8.731 8.499 8.274 7.242 6.426 5.49 3.193 2.367 2.312 1.358 1.355
19.461 18.785 16.201 15.806 14.36 13.393 12.753 11.636 11.177 8.62 7.31 5.542 5.49 5.133 4.907 4.366 3.399 2.774 2.698 1.862

 theoretical Separation index matrix >>

-1 0.049 0.01
0.049 -1 0.01
0.01 0.01 -1

 theoretical projection directions >>

**** cluster 1 and 2
0 0.276 0 0 0 0 0 0.27 0.45 -0.023 0.117 0.526 0.438 0.146 0 0 0.356 0 0.134 0

**** cluster 1 and 3
0 0.293 0 0 0 0 0 0.173 0.319 -0.048 0.156 0.419 0.245 0.182 0 0 0.01 0 -0.698 0

**** cluster 2 and 3
0 0.098 0 0 0 0 0 -0.156 -0.217 -0.036 -0.064 -0.27 -0.301 -0.205 0 0 -0.108 0 -0.835 0

 empirical Separation index matrix (alpha= 0.05 )>>

-1 0.149 0.013
0.149 -1 0.096
0.013 0.096 -1

 empirical projection directions >>

**** cluster 1 and 2
-0.021 0.224 0.178 0.056 0.007 0.038 -0.011 0.231 0.37 -0.115 0.253 0.419 0.371 0.285 -0.035 0.048 0.489 0.054 0.078 -0.002

**** cluster 1 and 3
0.001 0.239 0.007 0.026 -0.051 0.09 -0.008 0.066 0.315 -0.047 0.081 0.364 0.172 0.271 -0.03 -0.078 0.004 -0.031 -0.756 -0.065

**** cluster 2 and 3
-0.001 -0.042 -0.078 -0.101 -0.157 -0.007 -0.09 -0.087 -0.307 -0.028 -0.086 -0.329 -0.162 -0.206 0.075 -0.064 -0.185 -0.053 -0.783 0.041
