
 Log information for the data set datasetJHG3v5nv1out0_1.dat >>

 alpha = 0.05 sepVal = 0.34

 Number of clusters >> 3

 cluster sizes >>
50 50 50

 Number of data points >> 150

 Number of dimensions >> 6

 Number of noisy dimensions >> 1

 noisy variables >>
3

 Number of outliers >> 0

 initial eigenvalues for each cluster >> 
 (rows correspond to clusters)
8.475 9.087 4.001 7.098 8.539
3.731 2.479 9.95 1.314 6.438
3.74 6.393 8.549 2.432 6.676

 Mean vectors and covariance matrices before rotation --- 1th cluster >>

 mean vector (mu'=Q*mu)>>
-9.296 0 0 0 0 4.801

 covariance matrix (Sigma'=Q*Sigma*t(Q))>>

6.513 -0.979 1.803 -0.122 -0.821 0
-0.979 8.634 0.515 -0.133 -0.405 0
1.803 0.515 6.617 0.912 0.71 0
-0.122 -0.133 0.912 7.24 -0.059 0
-0.821 -0.405 0.71 -0.059 8.196 0
0 0 0 0 0 26.959

 Mean vectors and covariance matrices before rotation --- 2th cluster >>

 mean vector (mu'=Q*mu)>>
9.296 0 0 0 0 4.801

 covariance matrix (Sigma'=Q*Sigma*t(Q))>>

4.823 0.665 -1.347 0.558 -1.219 0
0.665 2.711 -0.219 0.165 -0.099 0
-1.347 -0.219 9.533 -0.083 -0.719 0
0.558 0.165 -0.083 1.423 0.024 0
-1.219 -0.099 -0.719 0.024 5.422 0
0 0 0 0 0 26.959

 Mean vectors and covariance matrices before rotation --- 3th cluster >>

 mean vector (mu'=Q*mu)>>
0 16.101 0 0 0 4.801

 covariance matrix (Sigma'=Q*Sigma*t(Q))>>

6.095 -1.334 -0.006 1.804 -0.874 0
-1.334 5.664 -0.007 -0.124 -1.325 0
-0.006 -0.007 10.568 -0.002 -0.004 0
1.804 -0.124 -0.002 4.554 -0.143 0
-0.874 -1.325 -0.004 -0.143 7.471 0
0 0 0 0 0 26.959

 Final eigenvalues for each cluster >> 
 (rows correspond to clusters)
26.959 9.087 8.539 8.475 7.098 4.001
26.959 9.95 6.438 3.731 2.479 1.314
26.959 10.568 8.252 7.902 4.623 3.006

 *************************************************

 ********************* rotation ******************

 *************************************************


 The orthogonal matrix Q >>
0.374 0.208 0.526 0.156 0.718
0.208 -0.968 0.08 0.024 0.109
0.526 0.08 -0.799 0.06 0.275
0.156 0.024 0.06 -0.982 0.082
0.718 0.109 0.275 0.082 -0.625

 Mean vectors and covariance matrices after rotation --- 1th cluster >>

 mean vector (mu'=Q*mu)>>
-1.451 -1.937 4.801 -6.675 -4.891 -3.477

 covariance matrix (Sigma'=Q*Sigma*t(Q))>>

7.185 -0.044 0 -0.165 0.49 -0.261
-0.044 8.967 0 0.194 0.495 0.253
0 0 26.959 0 0 0
-0.165 0.194 0 8.376 -0.74 -0.188
0.49 0.495 0 -0.74 4.395 -0.761
-0.261 0.253 0 -0.188 -0.761 8.277

 Mean vectors and covariance matrices after rotation --- 2th cluster >>

 mean vector (mu'=Q*mu)>>
1.451 1.937 4.801 6.675 4.891 3.477

 covariance matrix (Sigma'=Q*Sigma*t(Q))>>

1.33 0.042 0 -0.09 -0.309 0.138
0.042 2.549 0 -0.245 -0.516 0.117
0 0 26.959 0 0 0
-0.09 -0.245 0 6.341 -0.701 -0.391
-0.309 -0.516 0 -0.701 9.066 -1.995
0.138 0.117 0 -0.391 -1.995 4.627

 Mean vectors and covariance matrices after rotation --- 3th cluster >>

 mean vector (mu'=Q*mu)>>
0.381 -15.592 4.801 1.753 1.285 3.355

 covariance matrix (Sigma'=Q*Sigma*t(Q))>>

4.071 -0.119 0 -1.202 -1.087 -0.264
-0.119 6.536 0 0.245 0.732 1.617
0 0 26.959 0 0 0
-1.202 0.245 0 7.932 -1.085 -0.176
-1.087 0.732 0 -1.085 8.736 -2.211
-0.264 1.617 0 -0.176 -2.211 7.076

 Final eigenvalues for each cluster >> 
 (rows correspond to clusters)
26.959 9.087 8.539 8.475 7.098 4.001
26.959 9.95 6.438 3.731 2.479 1.314
26.959 10.568 8.252 7.902 4.623 3.006

 theoretical Separation index matrix >>

-1 0.34 0.34
0.34 -1 0.387
0.34 0.387 -1

 theoretical projection directions >>

**** cluster 1 and 2
0.224 0.198 0 0.608 0.566 0.471

**** cluster 1 and 3
0.195 -0.614 0 0.391 0.479 0.45

**** cluster 2 and 3
-0.174 -0.959 0 -0.187 -0.107 0.064

 empirical Separation index matrix (alpha= 0.05 )>>

-1 0.375 0.399
0.375 -1 0.373
0.399 0.373 -1

 empirical projection directions >>

**** cluster 1 and 2
-0.279 0.451 0.017 -0.47 -0.525 -0.471

**** cluster 1 and 3
0.057 0.931 -0.11 0.26 0.105 -0.197

**** cluster 2 and 3
0.335 0.167 -0.028 0.627 0.524 0.438
