
 Log information for the data set datasetJMG3v10nv0out0_2.dat >>

 alpha = 0.05 sepVal = 0.21

 Number of clusters >> 3

 cluster sizes >>
50 50 50

 Number of data points >> 150

 Number of dimensions >> 10

 Number of noisy dimensions >> 0

 noisy variables >>
0

 Number of outliers >> 0

 initial eigenvalues for each cluster >> 
 (rows correspond to clusters)
2.914 7.729 1.222 9.658 2.089 7.013 9.588 2.297 5.514 7.814
4.146 8.591 2.875 2.288 9.733 2.222 4.803 7.888 7.356 3.43
1.872 6.704 9.891 9.806 1.724 5.319 1.676 6.989 7.193 3.586

 Mean vectors and covariance matrices before rotation --- 1th cluster >>

 mean vector (mu'=Q*mu)>>
-7.917 0 0 0 0 0 0 0 0 0

 covariance matrix (Sigma'=Q*Sigma*t(Q))>>

7.333 -2.092 2.531 -3.665 0.995 -0.749 -2.989 0.417 -1.305 -0.812
-2.092 17.926 -0.541 -0.806 -0.529 -0.211 -0.66 -0.301 -0.487 -0.207
2.531 -0.541 4.903 -1.102 1.131 -0.174 -0.896 0.562 -0.169 -0.212
-3.665 -0.806 -1.102 21.903 -0.983 -0.319 -0.959 -0.55 -0.765 -0.309
0.995 -0.529 1.131 -0.983 5.565 -0.182 -0.8 0.273 -0.267 -0.206
-0.749 -0.211 -0.174 -0.319 -0.182 16.672 -0.261 -0.105 -0.186 -0.081
-2.989 -0.66 -0.896 -0.959 -0.8 -0.261 22.12 -0.448 -0.626 -0.253
0.417 -0.301 0.562 -0.55 0.273 -0.105 -0.448 5.615 -0.162 -0.117
-1.305 -0.487 -0.169 -0.765 -0.267 -0.186 -0.626 -0.162 12.773 -0.188
-0.812 -0.207 -0.212 -0.309 -0.206 -0.081 -0.253 -0.117 -0.188 18.589

 Mean vectors and covariance matrices before rotation --- 2th cluster >>

 mean vector (mu'=Q*mu)>>
7.917 0 0 0 0 0 0 0 0 0

 covariance matrix (Sigma'=Q*Sigma*t(Q))>>

6.054 -0.101 0.112 0.004 -1.776 1.478 0.147 -0.886 -0.764 0.922
-0.101 8.583 -0.002 0 -0.105 -0.012 -0.017 -0.075 -0.079 -0.025
0.112 -0.002 2.88 0 -0.039 0.065 0.011 -0.012 -0.006 0.046
0.004 0 0 2.288 -0.001 0.002 0 0 0 0.002
-1.776 -0.105 -0.039 -0.001 8.234 -0.321 -0.277 -1.111 -1.179 -0.482
1.478 -0.012 0.065 0.002 -0.321 3.014 0.161 -0.038 0.04 0.589
0.147 -0.017 0.011 0 -0.277 0.161 4.808 -0.154 -0.143 0.088
-0.886 -0.075 -0.012 0 -1.111 -0.038 -0.154 7.111 -0.806 -0.197
-0.764 -0.079 -0.006 0 -1.179 0.04 -0.143 -0.806 6.528 -0.144
0.922 -0.025 0.046 0.002 -0.482 0.589 0.088 -0.197 -0.144 3.831

 Mean vectors and covariance matrices before rotation --- 3th cluster >>

 mean vector (mu'=Q*mu)>>
0 13.713 0 0 0 0 0 0 0 0

 covariance matrix (Sigma'=Q*Sigma*t(Q))>>

5.061 -0.496 -0.394 -2.136 0.991 -0.257 1.138 -0.312 -1.285 0.281
-0.496 6.431 -0.131 -0.715 -0.136 -0.293 -0.15 -0.159 -0.623 -0.232
-0.394 -0.131 9.834 -0.309 -0.113 -0.151 -0.126 -0.075 -0.292 -0.138
-2.136 -0.715 -0.309 8.112 -0.61 -0.822 -0.682 -0.41 -1.596 -0.749
0.991 -0.136 -0.113 -0.61 2.03 -0.063 0.352 -0.086 -0.357 0.097
-0.257 -0.293 -0.151 -0.822 -0.063 5.023 -0.066 -0.172 -0.678 -0.201
1.138 -0.15 -0.126 -0.682 0.352 -0.066 2.08 -0.095 -0.396 0.115
-0.312 -0.159 -0.075 -0.41 -0.086 -0.172 -0.095 6.897 -0.361 -0.138
-1.285 -0.623 -0.292 -1.596 -0.357 -0.678 -0.396 -0.361 5.78 -0.554
0.281 -0.232 -0.138 -0.749 0.097 -0.201 0.115 -0.138 -0.554 3.51

 Final eigenvalues for each cluster >> 
 (rows correspond to clusters)
23.073 22.906 18.669 18.465 16.754 13.173 6.961 5.487 4.99 2.92
9.733 8.591 7.888 7.356 4.803 4.146 3.43 2.875 2.288 2.222
9.891 9.806 7.193 6.989 6.704 5.319 3.586 1.872 1.724 1.676

 *************************************************

 ********************* rotation ******************

 *************************************************


 The orthogonal matrix Q >>
0.177 0.371 0.417 0.473 0.084 0.353 0.172 0.279 0.271 0.348
0.371 -0.883 0.132 0.149 0.027 0.111 0.054 0.088 0.085 0.11
0.417 0.132 -0.852 0.167 0.03 0.125 0.061 0.099 0.096 0.123
0.473 0.149 0.167 -0.81 0.034 0.142 0.069 0.112 0.109 0.14
0.084 0.027 0.03 0.034 -0.994 0.025 0.012 0.02 0.019 0.025
0.353 0.111 0.125 0.142 0.025 -0.894 0.052 0.084 0.081 0.104
0.172 0.054 0.061 0.069 0.012 0.052 -0.975 0.041 0.04 0.051
0.279 0.088 0.099 0.112 0.02 0.084 0.041 -0.934 0.064 0.082
0.271 0.085 0.096 0.109 0.019 0.081 0.04 0.064 -0.938 0.08
0.348 0.11 0.123 0.14 0.025 0.104 0.051 0.082 0.08 -0.897

 Mean vectors and covariance matrices after rotation --- 1th cluster >>

 mean vector (mu'=Q*mu)>>
-2.144 -2.208 -3.742 -0.666 -1.402 -3.303 -1.364 -2.795 -2.753 -2.94

 covariance matrix (Sigma'=Q*Sigma*t(Q))>>

13.158 0.071 -0.714 -0.348 0 -0.191 0.07 -0.426 -0.553 -0.348
0.071 5.686 -0.782 0.14 1.05 0.288 0.165 -0.565 -0.703 -0.382
-0.714 -0.782 20.908 -1.316 -4.086 -2.097 -0.14 -1.548 -1.744 -1.414
-0.348 0.14 -1.316 5.478 0.532 0.816 -0.711 -0.517 -0.576 -0.759
0 1.05 -4.086 0.532 11.404 1.868 -0.199 -2.273 -2.871 -1.993
-0.191 0.288 -2.097 0.816 1.868 3.922 -0.215 -1.346 -1.564 -1.17
0.07 0.165 -0.14 -0.711 -0.199 -0.215 22.849 0.173 0.093 0.046
-0.426 -0.565 -1.548 -0.517 -2.273 -1.346 0.173 15.392 -1.51 -1.047
-0.553 -0.703 -1.744 -0.576 -2.871 -1.564 0.093 -1.51 17.017 -1.207
-0.348 -0.382 -1.414 -0.759 -1.993 -1.17 0.046 -1.047 -1.207 17.583

 Mean vectors and covariance matrices after rotation --- 2th cluster >>

 mean vector (mu'=Q*mu)>>
2.144 2.208 3.742 0.666 1.402 3.303 1.364 2.795 2.753 2.94

 covariance matrix (Sigma'=Q*Sigma*t(Q))>>

7.013 -0.312 0.777 -0.441 0.09 0.586 0.005 0.109 0.032 0.037
-0.312 7.614 0.791 -0.353 -0.028 0.59 -0.005 0.026 -0.022 0.038
0.777 0.791 3.523 1.265 1.197 0.928 0.216 0.033 0.221 0.109
-0.441 -0.353 1.265 8.646 1.041 1.049 0.143 0.466 0.326 0.736
0.09 -0.028 1.197 1.041 4.331 0.759 -0.004 0.148 0.083 -1.31
0.586 0.59 0.928 1.049 0.759 3.555 0.142 -0.029 0.12 -0.033
0.005 -0.005 0.216 0.143 -0.004 0.142 4.8 -0.004 -0.005 -0.162
0.109 0.026 0.033 0.466 0.148 -0.029 -0.004 2.371 0.097 -0.631
0.032 -0.022 0.221 0.326 0.083 0.12 -0.005 0.097 3.485 -0.486
0.037 0.038 0.109 0.736 -1.31 -0.033 -0.162 -0.631 -0.486 7.992

 Mean vectors and covariance matrices after rotation --- 3th cluster >>

 mean vector (mu'=Q*mu)>>
1.172 1.206 2.044 0.364 5.091 1.804 0.745 1.527 1.504 -12.107

 covariance matrix (Sigma'=Q*Sigma*t(Q))>>

6.946 0.202 -0.158 -0.323 1.077 0.169 -0.172 0.201 0.257 0.22
0.202 6.818 -0.045 -0.249 -0.658 -0.585 -0.271 -0.1 -0.124 -0.167
-0.158 -0.045 9.577 -0.736 -0.616 -0.427 -0.672 -0.068 -0.102 -0.064
-0.323 -0.249 -0.736 1.939 0.298 -0.475 0.213 -0.217 -0.072 -0.324
1.077 -0.658 -0.616 0.298 3.549 -2.564 0.389 0.031 0.327 -0.546
0.169 -0.585 -0.427 -0.475 -2.564 8.486 -0.631 -0.539 -0.604 -0.664
-0.172 -0.271 -0.672 0.213 0.389 -0.631 1.893 -0.182 -0.035 -0.324
0.201 -0.1 -0.068 -0.217 0.031 -0.539 -0.182 5.332 0.032 -0.074
0.257 -0.124 -0.102 -0.072 0.327 -0.604 -0.035 0.032 3.669 -0.091
0.22 -0.167 -0.064 -0.324 -0.546 -0.664 -0.324 -0.074 -0.091 6.549

 Final eigenvalues for each cluster >> 
 (rows correspond to clusters)
23.073 22.906 18.669 18.465 16.754 13.173 6.961 5.487 4.99 2.92
9.733 8.591 7.888 7.356 4.803 4.146 3.43 2.875 2.288 2.222
9.891 9.806 7.193 6.989 6.704 5.319 3.586 1.872 1.724 1.676

 theoretical Separation index matrix >>

-1 0.265 0.21
0.265 -1 0.21
0.21 0.21 -1

 theoretical projection directions >>

**** cluster 1 and 2
0.14 0.193 0.31 -0.029 0.211 0.697 0.06 0.362 0.328 0.272

**** cluster 1 and 3
0.112 0.259 0.319 0.193 0.543 0.488 0.105 0.319 0.339 -0.145

**** cluster 2 and 3
-0.038 -0.06 -0.108 0.005 0.187 -0.149 -0.189 -0.229 -0.233 -0.885

 empirical Separation index matrix (alpha= 0.05 )>>

-1 0.216 0.304
0.216 -1 0.231
0.304 0.231 -1

 empirical projection directions >>

**** cluster 1 and 2
0.084 0.32 0.389 0.237 0.386 0.414 0.162 0.335 0.46 -0.113

**** cluster 1 and 3
0.128 0.162 0.376 0.037 0.007 0.685 0.131 0.288 0.423 0.256

**** cluster 2 and 3
0.036 0.096 0.218 0.057 -0.382 0.139 0.196 0.271 0.268 0.768
