
 Log information for the data set datasetJHG3v10nv0out0_1.dat >>

 alpha = 0.05 sepVal = 0.34

 Number of clusters >> 3

 cluster sizes >>
50 50 50

 Number of data points >> 150

 Number of dimensions >> 10

 Number of noisy dimensions >> 0

 noisy variables >>
0

 Number of outliers >> 0

 initial eigenvalues for each cluster >> 
 (rows correspond to clusters)
4.528 5.392 4.659 8.896 5.953 4.652 1.955 1.9 4.819 9.385
7.684 8.371 9.467 8.055 6.416 8.689 7.836 6.834 7.346 7.462
3.737 4.979 7.643 5.091 2.241 4.903 7.486 6.998 4.987 9.195

 Mean vectors and covariance matrices before rotation --- 1th cluster >>

 mean vector (mu'=Q*mu)>>
-10.173 0 0 0 0 0 0 0 0 0

 covariance matrix (Sigma'=Q*Sigma*t(Q))>>

5.964 -0.521 -0.021 -0.599 -0.356 -0.124 1.041 1.243 -0.205 -1.281
-0.521 6.863 -0.04 -0.247 -0.195 -0.248 0.236 0.285 -0.246 -0.52
-0.021 -0.04 6.23 -0.042 -0.026 -0.014 0.067 0.08 -0.019 -0.089
-0.599 -0.247 -0.042 11.802 -0.116 -0.258 -0.063 -0.072 -0.229 -0.2
-0.356 -0.195 -0.026 -0.116 7.861 -0.162 0.066 0.081 -0.153 -0.242
-0.124 -0.248 -0.014 -0.258 -0.162 6.135 0.414 0.496 -0.116 -0.55
1.041 0.236 0.067 -0.063 0.066 0.414 3.147 0.628 0.33 -0.154
1.243 0.285 0.08 -0.072 0.081 0.496 0.628 3.283 0.396 -0.176
-0.205 -0.246 -0.019 -0.229 -0.153 -0.116 0.33 0.396 6.311 -0.487
-1.281 -0.52 -0.089 -0.2 -0.242 -0.55 -0.154 -0.176 -0.487 12.15

 Mean vectors and covariance matrices before rotation --- 2th cluster >>

 mean vector (mu'=Q*mu)>>
10.173 0 0 0 0 0 0 0 0 0

 covariance matrix (Sigma'=Q*Sigma*t(Q))>>

7.813 -0.241 -0.131 -0.061 0.107 -0.444 -0.008 0.514 0.13 0.09
-0.241 8.162 -0.073 -0.09 0.021 -0.31 -0.069 0.059 -0.026 -0.036
-0.131 -0.073 9.447 -0.036 -0.002 -0.098 -0.032 -0.032 -0.028 -0.028
-0.061 -0.09 -0.036 8.02 0.018 -0.143 -0.022 0.072 0.006 -0.002
0.107 0.021 -0.002 0.018 6.431 0.014 0.021 0.085 0.035 0.03
-0.444 -0.31 -0.098 -0.143 0.014 8.248 -0.118 -0.009 -0.072 -0.082
-0.008 -0.069 -0.032 -0.022 0.021 -0.118 7.826 0.098 0.02 0.011
0.514 0.059 -0.032 0.072 0.085 -0.009 0.098 7.308 0.183 0.155
0.13 -0.026 -0.028 0.006 0.035 -0.072 0.02 0.183 7.406 0.047
0.09 -0.036 -0.028 -0.002 0.03 -0.082 0.011 0.155 0.047 7.499

 Mean vectors and covariance matrices before rotation --- 3th cluster >>

 mean vector (mu'=Q*mu)>>
0 17.619 0 0 0 0 0 0 0 0

 covariance matrix (Sigma'=Q*Sigma*t(Q))>>

5.385 -0.001 -1.447 -0.038 1.243 0.023 -0.648 -0.373 -0.002 -0.591
-0.001 4.94 -0.324 -0.068 0.104 -0.057 -0.148 -0.092 -0.028 -0.117
-1.447 -0.324 6.188 -0.535 -0.217 -0.497 -0.676 -0.446 -0.23 -0.464
-0.038 -0.068 -0.535 4.973 0.154 -0.1 -0.244 -0.153 -0.048 -0.191
1.243 0.104 -0.217 0.154 2.897 0.17 -0.089 -0.033 0.073 -0.13
0.023 -0.057 -0.497 -0.1 0.17 4.82 -0.227 -0.141 -0.04 -0.18
-0.648 -0.148 -0.676 -0.244 -0.089 -0.227 7.172 -0.207 -0.105 -0.217
-0.373 -0.092 -0.446 -0.153 -0.033 -0.141 -0.207 6.863 -0.065 -0.145
-0.002 -0.028 -0.23 -0.048 0.073 -0.04 -0.105 -0.065 4.968 -0.083
-0.591 -0.117 -0.464 -0.191 -0.13 -0.18 -0.217 -0.145 -0.083 9.052

 Final eigenvalues for each cluster >> 
 (rows correspond to clusters)
12.555 11.9 7.964 7.213 6.446 6.232 6.223 6.057 2.616 2.541
9.467 8.689 8.371 8.055 7.836 7.684 7.462 7.346 6.834 6.416
9.195 7.643 7.486 6.998 5.091 4.987 4.979 4.903 3.737 2.241

 *************************************************

 ********************* rotation ******************

 *************************************************


 The orthogonal matrix Q >>
0.175 0.204 0.467 0.241 0.195 0.388 0.001 0.123 0.49 0.456
0.204 -0.965 0.081 0.042 0.034 0.067 0 0.021 0.085 0.079
0.467 0.081 -0.815 0.096 0.077 0.154 0 0.049 0.195 0.181
0.241 0.042 0.096 -0.951 0.04 0.08 0 0.025 0.101 0.094
0.195 0.034 0.077 0.04 -0.968 0.064 0 0.02 0.081 0.076
0.388 0.067 0.154 0.08 0.064 -0.872 0 0.041 0.162 0.151
0.001 0 0 0 0 0 -1 0 0 0
0.123 0.021 0.049 0.025 0.02 0.041 0 -0.987 0.051 0.048
0.49 0.085 0.195 0.101 0.081 0.162 0 0.051 -0.796 0.19
0.456 0.079 0.181 0.094 0.076 0.151 0 0.048 0.19 -0.823

 Mean vectors and covariance matrices after rotation --- 1th cluster >>

 mean vector (mu'=Q*mu)>>
-4.642 -4.986 -1.783 -0.008 -4.746 -3.944 -1.98 -2.078 -2.453 -1.255

 covariance matrix (Sigma'=Q*Sigma*t(Q))>>

11.505 -0.761 -1.988 -0.786 -0.521 -0.714 -0.275 -0.33 -0.533 -0.881
-0.761 6.466 0.114 -0.348 -0.056 0.063 -0.01 0.145 -0.366 -0.249
-1.988 0.114 6.599 -0.587 -0.16 0.263 -0.034 0.395 -0.954 -0.316
-0.786 -0.348 -0.587 3.145 -0.58 -0.122 -0.203 -0.046 -0.397 0.456
-0.521 -0.056 -0.16 -0.58 6.019 0.01 0.037 0.256 -0.263 -0.58
-0.714 0.063 0.263 -0.122 0.01 6.322 -0.026 0.085 -0.339 0
-0.275 -0.01 -0.034 -0.203 0.037 -0.026 7.95 -0.005 -0.13 -0.154
-0.33 0.145 0.395 -0.046 0.256 0.085 -0.005 7.163 -0.144 0.099
-0.533 -0.366 -0.954 -0.397 -0.263 -0.339 -0.13 -0.144 11.629 -0.443
-0.881 -0.249 -0.316 0.456 -0.58 0 -0.154 0.099 -0.443 2.949

 Mean vectors and covariance matrices after rotation --- 2th cluster >>

 mean vector (mu'=Q*mu)>>
4.642 4.986 1.783 0.008 4.746 3.944 1.98 2.078 2.453 1.255

 covariance matrix (Sigma'=Q*Sigma*t(Q))>>

7.504 0.051 0.104 0.034 -0.239 0.129 0.06 0.116 0.031 -0.131
0.051 7.408 0.141 0.044 -0.256 0.153 0.067 0.137 0.04 -0.125
0.104 0.141 7.85 0.051 -0.675 0.1 0.184 0.152 0.023 -0.224
0.034 0.044 0.051 7.826 -0.01 -0.098 0.031 -0.059 -0.01 0.104
-0.239 -0.256 -0.675 -0.01 9.009 -0.066 -0.064 -0.014 -0.118 -0.383
0.129 0.153 0.1 -0.098 -0.066 8.603 0.127 -0.088 -0.006 -0.196
0.06 0.067 0.184 0.031 -0.064 0.127 6.455 0.099 0.046 -0.03
0.116 0.137 0.152 -0.059 -0.014 -0.088 0.099 8.297 0.004 -0.029
0.031 0.04 0.023 -0.01 -0.118 -0.006 0.046 0.004 8.053 -0.071
-0.131 -0.125 -0.224 0.104 -0.383 -0.196 -0.03 -0.029 -0.071 7.153

 Mean vectors and covariance matrices after rotation --- 3th cluster >>

 mean vector (mu'=Q*mu)>>
1.397 1.501 3.598 0.002 1.428 1.187 0.596 -16.994 0.738 0.378

 covariance matrix (Sigma'=Q*Sigma*t(Q))>>

8.314 -0.505 -1.664 0.344 -0.176 -0.418 -0.733 -0.222 -0.259 -0.025
-0.505 4.913 -0.198 0.498 0.459 0.019 -0.416 0.025 0.075 0.164
-1.664 -0.198 4.759 0.797 0.142 0.115 0.043 0.099 0.225 0.161
0.344 0.498 0.797 7.174 -0.101 0.25 0.149 0.103 0.052 -0.054
-0.176 0.459 0.142 -0.101 7.549 0.146 -0.389 0.035 -0.053 -0.041
-0.418 0.019 0.115 0.25 0.146 4.949 -0.176 0.028 0.048 0.067
-0.733 -0.416 0.043 0.149 -0.389 -0.176 2.517 -0.07 -0.028 -0.06
-0.222 0.025 0.099 0.103 0.035 0.028 -0.07 4.994 0.021 0.023
-0.259 0.075 0.225 0.052 -0.053 0.048 -0.028 0.021 5.108 -0.002
-0.025 0.164 0.161 -0.054 -0.041 0.067 -0.06 0.023 -0.002 6.982

 Final eigenvalues for each cluster >> 
 (rows correspond to clusters)
12.555 11.9 7.964 7.213 6.446 6.232 6.223 6.057 2.616 2.541
9.467 8.689 8.371 8.055 7.836 7.684 7.462 7.346 6.834 6.416
9.195 7.643 7.486 6.998 5.091 4.987 4.979 4.903 3.737 2.241

 theoretical Separation index matrix >>

-1 0.34 0.38
0.34 -1 0.34
0.38 0.34 -1

 theoretical projection directions >>

**** cluster 1 and 2
0.404 0.484 0.245 0.097 0.472 0.348 0.176 0.148 0.212 0.303

**** cluster 1 and 3
0.281 0.345 0.374 0.012 0.267 0.263 0.191 -0.665 0.147 0.147

**** cluster 2 and 3
-0.148 -0.176 0.091 0.012 -0.129 -0.139 -0.136 -0.935 -0.087 -0.045

 empirical Separation index matrix (alpha= 0.05 )>>

-1 0.377 0.426
0.377 -1 0.37
0.426 0.37 -1

 empirical projection directions >>

**** cluster 1 and 2
0.005 0.153 0.018 -0.167 -0.02 0.178 -0.255 0.92 0.016 0.065

**** cluster 1 and 3
-0.3 -0.283 -0.38 -0.001 -0.283 -0.274 -0.035 0.663 -0.238 -0.18

**** cluster 2 and 3
-0.497 -0.471 -0.181 0.262 -0.327 -0.331 -0.159 -0.019 -0.233 -0.365
