
 Log information for the data set datasetJHG2v2nv10out0_2.dat >>

 alpha = 0.05 sepVal = 0.34

 Number of clusters >> 2

 cluster sizes >>
50 50

 Number of data points >> 100

 Number of dimensions >> 12

 Number of noisy dimensions >> 10

 noisy variables >>
1 2 3 4 5 7 8 10 11 12

 Number of outliers >> 0

 initial eigenvalues for each cluster >> 
 (rows correspond to clusters)
9.121 2.81
4.907 6.757

 Mean vectors and covariance matrices before rotation --- 1th cluster >>

 mean vector (mu'=Q*mu)>>
-10.259 0 0 0 0 0 0 0 0 0 0 0

 covariance matrix (Sigma'=Q*Sigma*t(Q))>>

8.552 1.807 0 0 0 0 0 0 0 0 0 0
1.807 3.379 0 0 0 0 0 0 0 0 0 0
0 0 65.459 -20.084 10.65 8.001 -11.91 -0.207 -3.175 -10.872 7.707 -6.779
0 0 -20.084 95.079 -3.127 -5.514 -10.498 -0.548 -7.141 -10.049 -1.286 -10.673
0 0 10.65 -3.127 22.862 2.722 -1.551 0.022 0.167 -1.353 2.084 -0.255
0 0 8.001 -5.514 2.722 36.871 -3.314 -0.065 -0.967 -3.034 1.988 -1.977
0 0 -11.91 -10.498 -1.551 -3.314 84.625 -0.383 -5.018 -7.406 -0.46 -7.61
0 0 -0.207 -0.548 0.022 -0.065 -0.383 65.848 -0.213 -0.362 0.041 -0.339
0 0 -3.175 -7.141 0.167 -0.967 -5.018 -0.213 64.837 -4.741 0.458 -4.478
0 0 -10.872 -10.049 -1.353 -3.034 -7.406 -0.362 -4.741 82.962 -0.357 -7.209
0 0 7.707 -1.286 2.084 1.988 -0.46 0.041 0.458 -0.357 10.726 0.366
0 0 -6.779 -10.673 -0.255 -1.977 -7.61 -0.339 -4.478 -7.209 0.366 66.348

 Mean vectors and covariance matrices before rotation --- 2th cluster >>

 mean vector (mu'=Q*mu)>>
10.259 0 0 0 0 0 0 0 0 0 0 0

 covariance matrix (Sigma'=Q*Sigma*t(Q))>>

5.066 -0.519 0 0 0 0 0 0 0 0 0 0
-0.519 6.598 0 0 0 0 0 0 0 0 0 0
0 0 65.459 -20.084 10.65 8.001 -11.91 -0.207 -3.175 -10.872 7.707 -6.779
0 0 -20.084 95.079 -3.127 -5.514 -10.498 -0.548 -7.141 -10.049 -1.286 -10.673
0 0 10.65 -3.127 22.862 2.722 -1.551 0.022 0.167 -1.353 2.084 -0.255
0 0 8.001 -5.514 2.722 36.871 -3.314 -0.065 -0.967 -3.034 1.988 -1.977
0 0 -11.91 -10.498 -1.551 -3.314 84.625 -0.383 -5.018 -7.406 -0.46 -7.61
0 0 -0.207 -0.548 0.022 -0.065 -0.383 65.848 -0.213 -0.362 0.041 -0.339
0 0 -3.175 -7.141 0.167 -0.967 -5.018 -0.213 64.837 -4.741 0.458 -4.478
0 0 -10.872 -10.049 -1.353 -3.034 -7.406 -0.362 -4.741 82.962 -0.357 -7.209
0 0 7.707 -1.286 2.084 1.988 -0.46 0.041 0.458 -0.357 10.726 0.366
0 0 -6.779 -10.673 -0.255 -1.977 -7.61 -0.339 -4.478 -7.209 0.366 66.348

 Final eigenvalues for each cluster >> 
 (rows correspond to clusters)
108.956 92.391 90.019 73.33 67.673 65.864 34.888 33.347 19.802 9.349 9.121 2.81
108.956 92.391 90.019 73.33 67.673 65.864 34.888 33.347 19.802 9.349 6.757 4.907

 *************************************************

 ********************* rotation ******************

 *************************************************


 The orthogonal matrix Q >>
0.964 0.264
0.264 -0.964

 Mean vectors and covariance matrices after rotation --- 1th cluster >>

 mean vector (mu'=Q*mu)>>
0 0 0 0 0 -2.709 0 0 -9.894 0 0 0

 covariance matrix (Sigma'=Q*Sigma*t(Q))>>

10.726 0.458 1.988 0.041 7.707 0 0.366 2.084 0 -0.357 -1.286 -0.46
0.458 64.837 -0.967 -0.213 -3.175 0 -4.478 0.167 0 -4.741 -7.141 -5.018
1.988 -0.967 36.871 -0.065 8.001 0 -1.977 2.722 0 -3.034 -5.514 -3.314
0.041 -0.213 -0.065 65.848 -0.207 0 -0.339 0.022 0 -0.362 -0.548 -0.383
7.707 -3.175 8.001 -0.207 65.459 0 -6.779 10.65 0 -10.872 -20.084 -11.91
0 0 0 0 0 2.819 0 0 -0.237 0 0 0
0.366 -4.478 -1.977 -0.339 -6.779 0 66.348 -0.255 0 -7.209 -10.673 -7.61
2.084 0.167 2.722 0.022 10.65 0 -0.255 22.862 0 -1.353 -3.127 -1.551
0 0 0 0 0 -0.237 0 0 9.112 0 0 0
-0.357 -4.741 -3.034 -0.362 -10.872 0 -7.209 -1.353 0 82.962 -10.049 -7.406
-1.286 -7.141 -5.514 -0.548 -20.084 0 -10.673 -3.127 0 -10.049 95.079 -10.498
-0.46 -5.018 -3.314 -0.383 -11.91 0 -7.61 -1.551 0 -7.406 -10.498 84.625

 Mean vectors and covariance matrices after rotation --- 2th cluster >>

 mean vector (mu'=Q*mu)>>
0 0 0 0 0 2.709 0 0 9.894 0 0 0

 covariance matrix (Sigma'=Q*Sigma*t(Q))>>

10.726 0.458 1.988 0.041 7.707 0 0.366 2.084 0 -0.357 -1.286 -0.46
0.458 64.837 -0.967 -0.213 -3.175 0 -4.478 0.167 0 -4.741 -7.141 -5.018
1.988 -0.967 36.871 -0.065 8.001 0 -1.977 2.722 0 -3.034 -5.514 -3.314
0.041 -0.213 -0.065 65.848 -0.207 0 -0.339 0.022 0 -0.362 -0.548 -0.383
7.707 -3.175 8.001 -0.207 65.459 0 -6.779 10.65 0 -10.872 -20.084 -11.91
0 0 0 0 0 6.755 0 0 0.056 0 0 0
0.366 -4.478 -1.977 -0.339 -6.779 0 66.348 -0.255 0 -7.209 -10.673 -7.61
2.084 0.167 2.722 0.022 10.65 0 -0.255 22.862 0 -1.353 -3.127 -1.551
0 0 0 0 0 0.056 0 0 4.909 0 0 0
-0.357 -4.741 -3.034 -0.362 -10.872 0 -7.209 -1.353 0 82.962 -10.049 -7.406
-1.286 -7.141 -5.514 -0.548 -20.084 0 -10.673 -3.127 0 -10.049 95.079 -10.498
-0.46 -5.018 -3.314 -0.383 -11.91 0 -7.61 -1.551 0 -7.406 -10.498 84.625

 Final eigenvalues for each cluster >> 
 (rows correspond to clusters)
108.956 92.391 90.019 73.33 67.673 65.864 34.888 33.347 19.802 9.349 9.121 2.81
108.956 92.391 90.019 73.33 67.673 65.864 34.888 33.347 19.802 9.349 6.757 4.907

 theoretical Separation index matrix >>

-1 0.34
0.34 -1

 theoretical projection directions >>

**** cluster 1 and 2
0 0 0 0 0 0.358 0 0 0.934 0 0 0

 empirical Separation index matrix (alpha= 0.05 )>>

-1 0.357
0.357 -1

 empirical projection directions >>

**** cluster 1 and 2
0.232 -0.021 0.02 -0.011 0.036 -0.272 0.043 0.031 -0.93 -0.013 0.029 0.035
