
 Log information for the data set datasetJLG2v10nv3out0_1.dat >>

 alpha = 0.05 sepVal = 0.01

 Number of clusters >> 2

 cluster sizes >>
50 50

 Number of data points >> 100

 Number of dimensions >> 13

 Number of noisy dimensions >> 3

 noisy variables >>
5 12 13

 Number of outliers >> 0

 initial eigenvalues for each cluster >> 
 (rows correspond to clusters)
5.899 2.377 8.128 4.351 3.512 9.049 6.914 1.224 8.081 7.629
2.214 5.013 2.41 3.307 3.988 3.133 5.063 2.964 4.792 6.176

 Mean vectors and covariance matrices before rotation --- 1th cluster >>

 mean vector (mu'=Q*mu)>>
-3.982 0 0 0 0 0 0 0 0 0 0 0 0

 covariance matrix (Sigma'=Q*Sigma*t(Q))>>

5.773 1.609 -0.194 0.738 0.065 -1.55 -0.243 0.031 -0.769 -0.193 0 0 0
1.609 3.525 0.035 0.889 0.058 0.047 0.185 0.019 0.148 0.063 0 0 0
-0.194 0.035 8.104 -0.025 0 -0.163 -0.046 0.001 -0.095 -0.027 0 0 0
0.738 0.889 -0.025 4.931 0.042 -0.309 0.036 0.016 -0.094 -0.011 0 0 0
0.065 0.058 0 0.042 3.515 -0.009 0.006 0.001 0.001 0.001 0 0 0
-1.55 0.047 -0.163 -0.309 -0.009 7.955 -0.333 0.003 -0.656 -0.188 0 0 0
-0.243 0.185 -0.046 0.036 0.006 -0.333 6.838 0.004 -0.182 -0.049 0 0 0
0.031 0.019 0.001 0.016 0.001 0.003 0.004 1.224 0.004 0.002 0 0 0
-0.769 0.148 -0.095 -0.094 0.001 -0.656 -0.182 0.004 7.7 -0.107 0 0 0
-0.193 0.063 -0.027 -0.011 0.001 -0.188 -0.049 0.002 -0.107 7.6 0 0 0
0 0 0 0 0 0 0 0 0 0 6.989 -0.14 -0.799
0 0 0 0 0 0 0 0 0 0 -0.14 11.007 -0.065
0 0 0 0 0 0 0 0 0 0 -0.799 -0.065 7.433

 Mean vectors and covariance matrices before rotation --- 2th cluster >>

 mean vector (mu'=Q*mu)>>
3.982 0 0 0 0 0 0 0 0 0 0 0 0

 covariance matrix (Sigma'=Q*Sigma*t(Q))>>

2.975 -0.152 0.184 -0.077 -0.524 -0.074 -0.532 -0.102 -0.118 -0.056 0 0 0
-0.152 4.997 -0.063 -0.021 -0.079 -0.028 -0.055 -0.065 -0.013 -0.005 0 0 0
0.184 -0.063 2.439 -0.04 -0.233 -0.043 -0.222 -0.074 -0.05 -0.023 0 0 0
-0.077 -0.021 -0.04 3.285 -0.094 -0.027 -0.075 -0.058 -0.017 -0.007 0 0 0
-0.524 -0.079 -0.233 -0.094 3.614 -0.121 -0.276 -0.271 -0.065 -0.025 0 0 0
-0.074 -0.028 -0.043 -0.027 -0.121 3.1 -0.099 -0.07 -0.023 -0.009 0 0 0
-0.532 -0.055 -0.222 -0.075 -0.276 -0.099 4.873 -0.227 -0.045 -0.016 0 0 0
-0.102 -0.065 -0.074 -0.058 -0.271 -0.07 -0.227 2.819 -0.052 -0.022 0 0 0
-0.118 -0.013 -0.05 -0.017 -0.065 -0.023 -0.045 -0.052 4.781 -0.004 0 0 0
-0.056 -0.005 -0.023 -0.007 -0.025 -0.009 -0.016 -0.022 -0.004 6.174 0 0 0
0 0 0 0 0 0 0 0 0 0 6.989 -0.14 -0.799
0 0 0 0 0 0 0 0 0 0 -0.14 11.007 -0.065
0 0 0 0 0 0 0 0 0 0 -0.799 -0.065 7.433

 Final eigenvalues for each cluster >> 
 (rows correspond to clusters)
11.012 9.049 8.128 8.081 8.04 7.629 6.915 6.376 5.899 4.351 3.512 2.377 1.224
11.012 8.04 6.376 6.176 5.063 5.013 4.792 3.988 3.307 3.133 2.964 2.41 2.214

 *************************************************

 ********************* rotation ******************

 *************************************************


 The orthogonal matrix Q >>
0.279 0.061 0.369 0.145 0.328 0.522 0.196 0.245 0.47 0.246
0.061 -0.997 0.018 0.007 0.016 0.025 0.009 0.012 0.023 0.012
0.369 0.018 -0.894 0.042 0.095 0.151 0.057 0.071 0.136 0.071
0.145 0.007 0.042 -0.983 0.037 0.059 0.022 0.028 0.053 0.028
0.328 0.016 0.095 0.037 -0.916 0.134 0.05 0.063 0.121 0.063
0.522 0.025 0.151 0.059 0.134 -0.787 0.08 0.1 0.192 0.1
0.196 0.009 0.057 0.022 0.05 0.08 -0.97 0.038 0.072 0.038
0.245 0.012 0.071 0.028 0.063 0.1 0.038 -0.953 0.09 0.047
0.47 0.023 0.136 0.053 0.121 0.192 0.072 0.09 -0.827 0.09
0.246 0.012 0.071 0.028 0.063 0.1 0.038 0.047 0.09 -0.953

 Mean vectors and covariance matrices after rotation --- 1th cluster >>

 mean vector (mu'=Q*mu)>>
-1.307 -0.245 -0.579 -1.873 0 -0.976 -0.98 -1.469 -0.782 -1.112 -2.081 0 0

 covariance matrix (Sigma'=Q*Sigma*t(Q))>>

3.684 -0.514 -0.133 0.138 0 0.276 -0.007 -0.117 0.102 0.357 0.346 0 0
-0.514 3.305 0.589 -0.692 0 -0.38 -0.391 -0.665 -0.158 -0.69 -0.848 0 0
-0.133 0.589 4.743 -0.391 0 -0.049 -0.202 -0.357 -0.07 -0.105 -0.549 0 0
0.138 -0.692 -0.391 7.745 0 0.32 -0.198 -0.381 -0.107 -0.762 -0.316 0 0
0 0 0 0 6.989 0 0 0 0 0 0 -0.799 -0.14
0.276 -0.38 -0.049 0.32 0 1.541 0.107 0.081 0.165 0.83 0.505 0 0
-0.007 -0.391 -0.202 -0.198 0 0.107 7.493 -0.266 -0.058 -0.499 -0.137 0 0
-0.117 -0.665 -0.357 -0.381 0 0.081 -0.266 7.628 -0.121 -1.062 -0.254 0 0
0.102 -0.158 -0.07 -0.107 0 0.165 -0.058 -0.121 6.893 -0.087 -0.129 0 0
0.357 -0.69 -0.105 -0.762 0 0.83 -0.499 -1.062 -0.087 5.478 -0.754 0 0
0.346 -0.848 -0.549 -0.316 0 0.505 -0.137 -0.254 -0.129 -0.754 8.655 0 0
0 0 0 0 -0.799 0 0 0 0 0 0 7.433 -0.065
0 0 0 0 -0.14 0 0 0 0 0 0 -0.065 11.007

 Mean vectors and covariance matrices after rotation --- 2th cluster >>

 mean vector (mu'=Q*mu)>>
1.307 0.245 0.579 1.873 0 0.976 0.98 1.469 0.782 1.112 2.081 0 0

 covariance matrix (Sigma'=Q*Sigma*t(Q))>>

3.974 -0.006 0.016 0.004 0 -0.048 -0.081 -0.013 -0.02 0.188 0.168 0 0
-0.006 5.012 0.002 0.009 0 -0.019 -0.011 -0.015 -0.003 0.006 0.036 0 0
0.016 0.002 3.312 -0.059 0 0.004 -0.069 0.001 0.009 0.043 0.021 0 0
0.004 0.009 -0.059 4.237 0 -0.067 -0.42 -0.238 0.054 -0.845 -0.322 0 0
0 0 0 0 6.989 0 0 0 0 0 0 -0.799 -0.14
-0.048 -0.019 0.004 -0.067 0 2.952 -0.098 0.039 -0.064 0.251 0.073 0 0
-0.081 -0.011 -0.069 -0.42 0 -0.098 5.888 -0.224 -0.02 -0.793 -0.312 0 0
-0.013 -0.015 0.001 -0.238 0 0.039 -0.224 2.478 -0.045 0.263 -0.013 0 0
-0.02 -0.003 0.009 0.054 0 -0.064 -0.02 -0.045 5.05 0.051 0.139 0 0
0.188 0.006 0.043 -0.845 0 0.251 -0.793 0.263 0.051 3.05 -0.051 0 0
0.168 0.036 0.021 -0.322 0 0.073 -0.312 -0.013 0.139 -0.051 3.106 0 0
0 0 0 0 -0.799 0 0 0 0 0 0 7.433 -0.065
0 0 0 0 -0.14 0 0 0 0 0 0 -0.065 11.007

 Final eigenvalues for each cluster >> 
 (rows correspond to clusters)
11.012 9.049 8.128 8.081 8.04 7.629 6.915 6.376 5.899 4.351 3.512 2.377 1.224
11.012 8.04 6.376 6.176 5.063 5.013 4.792 3.988 3.307 3.133 2.964 2.41 2.214

 theoretical Separation index matrix >>

-1 0.01
0.01 -1

 theoretical projection directions >>

**** cluster 1 and 2
0.277 0.203 0.205 0.436 0 0.235 0.247 0.397 0.134 0.42 0.426 0 0

 empirical Separation index matrix (alpha= 0.05 )>>

-1 0.042
0.042 -1

 empirical projection directions >>

**** cluster 1 and 2
0.166 0.138 0.02 0.357 0.06 0.304 0.274 0.24 0.326 0.575 0.381 0.113 -0.036
