
 Log information for the data set datasetJMG5v10nv10out0_3.dat >>

 alpha = 0.05 sepVal = 0.21

 Number of clusters >> 5

 cluster sizes >>
50 50 50 50 50

 Number of data points >> 250

 Number of dimensions >> 20

 Number of noisy dimensions >> 10

 noisy variables >>
2 3 6 7 10 14 16 17 18 20

 Number of outliers >> 0

 initial eigenvalues for each cluster >> 
 (rows correspond to clusters)
3.838 7.527 1.723 7.698 4.642 8.723 7.373 3.363 9.621 2.644
9.023 8.057 1.517 6.214 1.153 6.049 4.717 8.171 4.391 2.543
1.326 2.265 5.615 4.703 1.542 9.019 4.066 1.555 7.593 1.895
5.52 4.791 4.082 2.082 1.504 6.58 3.422 9.42 7.341 8.52
5.492 8.467 3.487 8.668 8.857 6.387 7.65 6.113 1.252 9.104

 Mean vectors and covariance matrices before rotation --- 1th cluster >>

 mean vector (mu'=Q*mu)>>
-7.612 0 0 0 0 0 0 0 0 0 0.504 1.823 2.328 0.101 1.637 1.63 1.969 2.356 2.782 1.105

 covariance matrix (Sigma'=Q*Sigma*t(Q))>>

4.34 -1.498 1.197 -0.259 -0.186 -0.38 -0.271 0.249 -1.219 0.485 0 0 0 0 0 0 0 0 0 0
-1.498 7.174 -0.201 -0.141 -0.343 -0.184 -0.155 -0.324 -0.55 -0.227 0 0 0 0 0 0 0 0 0 0
1.197 -0.201 2.609 -0.037 0.145 -0.071 -0.034 0.362 -0.256 0.418 0 0 0 0 0 0 0 0 0 0
-0.259 -0.141 -0.037 8.166 -0.059 -0.031 -0.026 -0.056 -0.092 -0.04 0 0 0 0 0 0 0 0 0 0
-0.186 -0.343 0.145 -0.059 4.861 -0.083 -0.063 -0.012 -0.26 0.037 0 0 0 0 0 0 0 0 0 0
-0.38 -0.184 -0.071 -0.031 -0.083 9.241 -0.034 -0.086 -0.118 -0.065 0 0 0 0 0 0 0 0 0 0
-0.271 -0.155 -0.034 -0.026 -0.063 -0.034 7.816 -0.058 -0.102 -0.04 0 0 0 0 0 0 0 0 0 0
0.249 -0.324 0.362 -0.056 -0.012 -0.086 -0.058 3.688 -0.279 0.164 0 0 0 0 0 0 0 0 0 0
-1.219 -0.55 -0.256 -0.092 -0.26 -0.118 -0.102 -0.279 9.893 -0.22 0 0 0 0 0 0 0 0 0 0
0.485 -0.227 0.418 -0.04 0.037 -0.065 -0.04 0.164 -0.22 3.022 0 0 0 0 0 0 0 0 0 0
0 0 0 0 0 0 0 0 0 0 18.572 -1.128 4.623 0.652 0.547 -0.907 -5.26 -4.154 0.431 3.621
0 0 0 0 0 0 0 0 0 0 -1.128 20.565 0.155 -0.662 -0.779 -0.587 -2.598 -2.191 -0.339 0.112
0 0 0 0 0 0 0 0 0 0 4.623 0.155 9.883 0.873 0.896 -0.112 -1.237 -0.875 0.505 2.078
0 0 0 0 0 0 0 0 0 0 0.652 -0.662 0.873 15.809 -0.224 -0.399 -1.987 -1.626 -0.064 0.68
0 0 0 0 0 0 0 0 0 0 0.547 -0.779 0.896 -0.224 16.155 -0.461 -2.26 -1.856 -0.097 0.697
0 0 0 0 0 0 0 0 0 0 -0.907 -0.587 -0.112 -0.399 -0.461 24.97 -1.233 -1.052 -0.209 -0.092
0 0 0 0 0 0 0 0 0 0 -5.26 -2.598 -1.237 -1.987 -2.26 -1.233 25.431 -4.33 -1.052 -0.993
0 0 0 0 0 0 0 0 0 0 -4.154 -2.191 -0.875 -1.626 -1.856 -1.052 -4.33 25.04 -0.858 -0.705
0 0 0 0 0 0 0 0 0 0 0.431 -0.339 0.505 -0.064 -0.097 -0.209 -1.052 -0.858 15.502 0.394
0 0 0 0 0 0 0 0 0 0 3.621 0.112 2.078 0.68 0.697 -0.092 -0.993 -0.705 0.394 8.979

 Mean vectors and covariance matrices before rotation --- 2th cluster >>

 mean vector (mu'=Q*mu)>>
7.612 0 0 0 0 0 0 0 0 0 0.504 1.823 2.328 0.101 1.637 1.63 1.969 2.356 2.782 1.105

 covariance matrix (Sigma'=Q*Sigma*t(Q))>>

5.868 -0.322 1.687 0.167 0.108 0.091 1.114 -0.028 1.191 0.567 0 0 0 0 0 0 0 0 0 0
-0.322 8.049 0.381 0.074 0.024 0.036 0.306 -0.001 0.314 0.133 0 0 0 0 0 0 0 0 0 0
1.687 0.381 2.334 0.377 0.05 0.172 0.987 0.03 0.952 0.312 0 0 0 0 0 0 0 0 0 0
0.167 0.074 0.377 6.332 0.024 0.055 0.37 0.005 0.368 0.137 0 0 0 0 0 0 0 0 0 0
0.108 0.024 0.05 0.024 1.157 0.011 0.061 0.002 0.059 0.019 0 0 0 0 0 0 0 0 0 0
0.091 0.036 0.172 0.055 0.011 6.075 0.171 0.003 0.17 0.063 0 0 0 0 0 0 0 0 0 0
1.114 0.306 0.987 0.37 0.061 0.171 5.78 0.024 1.042 0.366 0 0 0 0 0 0 0 0 0 0
-0.028 -0.001 0.03 0.005 0.002 0.003 0.024 8.17 0.024 0.01 0 0 0 0 0 0 0 0 0 0
1.191 0.314 0.952 0.368 0.059 0.17 1.042 0.024 5.409 0.354 0 0 0 0 0 0 0 0 0 0
0.567 0.133 0.312 0.137 0.019 0.063 0.366 0.01 0.354 2.661 0 0 0 0 0 0 0 0 0 0
0 0 0 0 0 0 0 0 0 0 18.572 -1.128 4.623 0.652 0.547 -0.907 -5.26 -4.154 0.431 3.621
0 0 0 0 0 0 0 0 0 0 -1.128 20.565 0.155 -0.662 -0.779 -0.587 -2.598 -2.191 -0.339 0.112
0 0 0 0 0 0 0 0 0 0 4.623 0.155 9.883 0.873 0.896 -0.112 -1.237 -0.875 0.505 2.078
0 0 0 0 0 0 0 0 0 0 0.652 -0.662 0.873 15.809 -0.224 -0.399 -1.987 -1.626 -0.064 0.68
0 0 0 0 0 0 0 0 0 0 0.547 -0.779 0.896 -0.224 16.155 -0.461 -2.26 -1.856 -0.097 0.697
0 0 0 0 0 0 0 0 0 0 -0.907 -0.587 -0.112 -0.399 -0.461 24.97 -1.233 -1.052 -0.209 -0.092
0 0 0 0 0 0 0 0 0 0 -5.26 -2.598 -1.237 -1.987 -2.26 -1.233 25.431 -4.33 -1.052 -0.993
0 0 0 0 0 0 0 0 0 0 -4.154 -2.191 -0.875 -1.626 -1.856 -1.052 -4.33 25.04 -0.858 -0.705
0 0 0 0 0 0 0 0 0 0 0.431 -0.339 0.505 -0.064 -0.097 -0.209 -1.052 -0.858 15.502 0.394
0 0 0 0 0 0 0 0 0 0 3.621 0.112 2.078 0.68 0.697 -0.092 -0.993 -0.705 0.394 8.979

 Mean vectors and covariance matrices before rotation --- 3th cluster >>

 mean vector (mu'=Q*mu)>>
0 13.184 0 0 0 0 0 0 0 0 0.504 1.823 2.328 0.101 1.637 1.63 1.969 2.356 2.782 1.105

 covariance matrix (Sigma'=Q*Sigma*t(Q))>>

5.668 1.495 0.009 0.146 0.646 -1.662 0.614 0.153 -0.722 0.18 0 0 0 0 0 0 0 0 0 0
1.495 2.74 -0.19 -0.001 0.219 -0.935 0.108 0.052 -0.47 0.059 0 0 0 0 0 0 0 0 0 0
0.009 -0.19 4.684 -0.245 -0.015 -1.752 -0.495 -0.004 -1.071 -0.012 0 0 0 0 0 0 0 0 0 0
0.146 -0.001 -0.245 4.644 0.018 -0.516 -0.11 0.004 -0.305 0.003 0 0 0 0 0 0 0 0 0 0
0.646 0.219 -0.015 0.018 1.638 -0.277 0.083 0.023 -0.126 0.027 0 0 0 0 0 0 0 0 0 0
-1.662 -0.935 -1.752 -0.516 -0.277 6.371 -1.168 -0.066 -1.732 -0.093 0 0 0 0 0 0 0 0 0 0
0.614 0.108 -0.495 -0.11 0.083 -1.168 3.888 0.02 -0.673 0.019 0 0 0 0 0 0 0 0 0 0
0.153 0.052 -0.004 0.004 0.023 -0.066 0.02 1.56 -0.03 0.006 0 0 0 0 0 0 0 0 0 0
-0.722 -0.47 -1.071 -0.305 -0.126 -1.732 -0.673 -0.03 6.485 -0.045 0 0 0 0 0 0 0 0 0 0
0.18 0.059 -0.012 0.003 0.027 -0.093 0.019 0.006 -0.045 1.903 0 0 0 0 0 0 0 0 0 0
0 0 0 0 0 0 0 0 0 0 18.572 -1.128 4.623 0.652 0.547 -0.907 -5.26 -4.154 0.431 3.621
0 0 0 0 0 0 0 0 0 0 -1.128 20.565 0.155 -0.662 -0.779 -0.587 -2.598 -2.191 -0.339 0.112
0 0 0 0 0 0 0 0 0 0 4.623 0.155 9.883 0.873 0.896 -0.112 -1.237 -0.875 0.505 2.078
0 0 0 0 0 0 0 0 0 0 0.652 -0.662 0.873 15.809 -0.224 -0.399 -1.987 -1.626 -0.064 0.68
0 0 0 0 0 0 0 0 0 0 0.547 -0.779 0.896 -0.224 16.155 -0.461 -2.26 -1.856 -0.097 0.697
0 0 0 0 0 0 0 0 0 0 -0.907 -0.587 -0.112 -0.399 -0.461 24.97 -1.233 -1.052 -0.209 -0.092
0 0 0 0 0 0 0 0 0 0 -5.26 -2.598 -1.237 -1.987 -2.26 -1.233 25.431 -4.33 -1.052 -0.993
0 0 0 0 0 0 0 0 0 0 -4.154 -2.191 -0.875 -1.626 -1.856 -1.052 -4.33 25.04 -0.858 -0.705
0 0 0 0 0 0 0 0 0 0 0.431 -0.339 0.505 -0.064 -0.097 -0.209 -1.052 -0.858 15.502 0.394
0 0 0 0 0 0 0 0 0 0 3.621 0.112 2.078 0.68 0.697 -0.092 -0.993 -0.705 0.394 8.979

 Mean vectors and covariance matrices before rotation --- 4th cluster >>

 mean vector (mu'=Q*mu)>>
0 4.395 12.43 0 0 0 0 0 0 0 0.504 1.823 2.328 0.101 1.637 1.63 1.969 2.356 2.782 1.105

 covariance matrix (Sigma'=Q*Sigma*t(Q))>>

12.373 0.012 1.018 0.075 2.554 -0.51 2.29 -2.577 -1.726 -1.411 0 0 0 0 0 0 0 0 0 0
0.012 10.106 0.006 0 0.013 0 0.013 -0.009 -0.004 -0.005 0 0 0 0 0 0 0 0 0 0
1.018 0.006 9.021 0.023 0.746 0.091 0.805 -0.341 -0.028 -0.146 0 0 0 0 0 0 0 0 0 0
0.075 0 0.023 4.392 0.034 0.013 0.042 -0.001 0.016 0.003 0 0 0 0 0 0 0 0 0 0
2.554 0.013 0.746 0.034 4.254 0.453 1.35 0.059 0.597 0.145 0 0 0 0 0 0 0 0 0 0
-0.51 0 0.091 0.013 0.453 13.599 0.298 -0.785 -0.685 -0.462 0 0 0 0 0 0 0 0 0 0
2.29 0.013 0.805 0.042 1.35 0.298 8.753 -0.387 0.214 -0.117 0 0 0 0 0 0 0 0 0 0
-2.577 -0.009 -0.341 -0.001 0.059 -0.785 -0.387 18.484 -1.574 -0.89 0 0 0 0 0 0 0 0 0 0
-1.726 -0.004 -0.028 0.016 0.597 -0.685 0.214 -1.574 13.961 -0.957 0 0 0 0 0 0 0 0 0 0
-1.411 -0.005 -0.146 0.003 0.145 -0.462 -0.117 -0.89 -0.957 17.414 0 0 0 0 0 0 0 0 0 0
0 0 0 0 0 0 0 0 0 0 18.572 -1.128 4.623 0.652 0.547 -0.907 -5.26 -4.154 0.431 3.621
0 0 0 0 0 0 0 0 0 0 -1.128 20.565 0.155 -0.662 -0.779 -0.587 -2.598 -2.191 -0.339 0.112
0 0 0 0 0 0 0 0 0 0 4.623 0.155 9.883 0.873 0.896 -0.112 -1.237 -0.875 0.505 2.078
0 0 0 0 0 0 0 0 0 0 0.652 -0.662 0.873 15.809 -0.224 -0.399 -1.987 -1.626 -0.064 0.68
0 0 0 0 0 0 0 0 0 0 0.547 -0.779 0.896 -0.224 16.155 -0.461 -2.26 -1.856 -0.097 0.697
0 0 0 0 0 0 0 0 0 0 -0.907 -0.587 -0.112 -0.399 -0.461 24.97 -1.233 -1.052 -0.209 -0.092
0 0 0 0 0 0 0 0 0 0 -5.26 -2.598 -1.237 -1.987 -2.26 -1.233 25.431 -4.33 -1.052 -0.993
0 0 0 0 0 0 0 0 0 0 -4.154 -2.191 -0.875 -1.626 -1.856 -1.052 -4.33 25.04 -0.858 -0.705
0 0 0 0 0 0 0 0 0 0 0.431 -0.339 0.505 -0.064 -0.097 -0.209 -1.052 -0.858 15.502 0.394
0 0 0 0 0 0 0 0 0 0 3.621 0.112 2.078 0.68 0.697 -0.092 -0.993 -0.705 0.394 8.979

 Mean vectors and covariance matrices before rotation --- 5th cluster >>

 mean vector (mu'=Q*mu)>>
0 4.395 3.107 12.035 0 0 0 0 0 0 0.504 1.823 2.328 0.101 1.637 1.63 1.969 2.356 2.782 1.105

 covariance matrix (Sigma'=Q*Sigma*t(Q))>>

7.3 -0.735 0.416 -0.927 -0.418 0.211 -0.18 0.214 0.936 -0.143 0 0 0 0 0 0 0 0 0 0
-0.735 7.744 0.017 -0.846 -0.359 -0.386 -0.296 -0.221 0.152 -0.114 0 0 0 0 0 0 0 0 0 0
0.416 0.017 3.549 0.009 0 0.103 0.026 0.074 0.119 -0.001 0 0 0 0 0 0 0 0 0 0
-0.927 -0.846 0.009 7.68 -0.418 -0.467 -0.349 -0.27 0.157 -0.133 0 0 0 0 0 0 0 0 0 0
-0.418 -0.359 0 -0.418 8.68 -0.204 -0.149 -0.119 0.059 -0.056 0 0 0 0 0 0 0 0 0 0
0.211 -0.386 0.103 -0.467 -0.204 6.323 -0.129 -0.014 0.265 -0.067 0 0 0 0 0 0 0 0 0 0
-0.18 -0.296 0.026 -0.349 -0.149 -0.129 7.535 -0.07 0.099 -0.048 0 0 0 0 0 0 0 0 0 0
0.214 -0.221 0.074 -0.27 -0.119 -0.014 -0.07 6.121 0.18 -0.039 0 0 0 0 0 0 0 0 0 0
0.936 0.152 0.119 0.157 0.059 0.265 0.099 0.18 1.46 0.016 0 0 0 0 0 0 0 0 0 0
-0.143 -0.114 -0.001 -0.133 -0.056 -0.067 -0.048 -0.039 0.016 9.086 0 0 0 0 0 0 0 0 0 0
0 0 0 0 0 0 0 0 0 0 18.572 -1.128 4.623 0.652 0.547 -0.907 -5.26 -4.154 0.431 3.621
0 0 0 0 0 0 0 0 0 0 -1.128 20.565 0.155 -0.662 -0.779 -0.587 -2.598 -2.191 -0.339 0.112
0 0 0 0 0 0 0 0 0 0 4.623 0.155 9.883 0.873 0.896 -0.112 -1.237 -0.875 0.505 2.078
0 0 0 0 0 0 0 0 0 0 0.652 -0.662 0.873 15.809 -0.224 -0.399 -1.987 -1.626 -0.064 0.68
0 0 0 0 0 0 0 0 0 0 0.547 -0.779 0.896 -0.224 16.155 -0.461 -2.26 -1.856 -0.097 0.697
0 0 0 0 0 0 0 0 0 0 -0.907 -0.587 -0.112 -0.399 -0.461 24.97 -1.233 -1.052 -0.209 -0.092
0 0 0 0 0 0 0 0 0 0 -5.26 -2.598 -1.237 -1.987 -2.26 -1.233 25.431 -4.33 -1.052 -0.993
0 0 0 0 0 0 0 0 0 0 -4.154 -2.191 -0.875 -1.626 -1.856 -1.052 -4.33 25.04 -0.858 -0.705
0 0 0 0 0 0 0 0 0 0 0.431 -0.339 0.505 -0.064 -0.097 -0.209 -1.052 -0.858 15.502 0.394
0 0 0 0 0 0 0 0 0 0 3.621 0.112 2.078 0.68 0.697 -0.092 -0.993 -0.705 0.394 8.979

 Final eigenvalues for each cluster >> 
 (rows correspond to clusters)
30.446 28.766 25.26 21.696 16.457 15.966 15.525 12.204 10.237 9.281 8.19 8.009 7.845 7.347 7.238 4.939 4.084 3.579 2.814 1.833
30.446 28.766 25.26 21.696 16.457 15.966 15.525 12.204 9.023 8.171 8.057 7.347 7.238 6.214 6.049 4.717 4.391 2.543 1.517 1.153
30.446 28.766 25.26 21.696 16.457 15.966 15.525 12.204 9.019 7.593 7.347 7.238 5.615 4.703 4.066 2.265 1.895 1.555 1.542 1.326
30.446 28.766 25.26 21.696 19.873 17.974 16.457 15.966 15.525 15.487 13.88 12.204 11.644 10.106 8.611 7.347 7.238 7.219 4.391 3.173
30.446 28.766 25.26 21.696 16.457 15.966 15.525 12.204 9.104 8.857 8.668 8.467 7.65 7.347 7.238 6.387 6.113 5.492 3.487 1.252

 *************************************************

 ********************* rotation ******************

 *************************************************


 The orthogonal matrix Q >>
0.48 0.235 0.614 0.03 0.18 0.257 0.132 0.202 0.101 0.412
0.235 -0.963 0.098 0.005 0.029 0.041 0.021 0.032 0.016 0.065
0.614 0.098 -0.745 0.012 0.075 0.107 0.055 0.084 0.042 0.171
0.03 0.005 0.012 -0.999 0.004 0.005 0.003 0.004 0.002 0.008
0.18 0.029 0.075 0.004 -0.978 0.031 0.016 0.025 0.012 0.05
0.257 0.041 0.107 0.005 0.031 -0.955 0.023 0.035 0.018 0.072
0.132 0.021 0.055 0.003 0.016 0.023 -0.988 0.018 0.009 0.037
0.202 0.032 0.084 0.004 0.025 0.035 0.018 -0.972 0.014 0.056
0.101 0.016 0.042 0.002 0.012 0.018 0.009 0.014 -0.993 0.028
0.412 0.065 0.171 0.008 0.05 0.072 0.037 0.056 0.028 -0.885

 Mean vectors and covariance matrices after rotation --- 1th cluster >>

 mean vector (mu'=Q*mu)>>
-1.006 1.823 1.637 -3.653 -3.135 2.356 0.101 -1.791 -4.674 1.969 -0.77 -1.536 -0.227 2.782 -1.956 1.63 1.105 2.328 -1.369 0.504

 covariance matrix (Sigma'=Q*Sigma*t(Q))>>

7.832 0 0 -0.18 -0.04 0 0 0.045 -0.063 0 0.064 -0.077 0.011 0 -0.061 0 0 0 -0.028 0
0 20.565 -0.779 0 0 -2.191 -0.662 0 0 -2.598 0 0 0 -0.339 0 -0.587 0.112 0.155 0 -1.128
0 -0.779 16.155 0 0 -1.856 -0.224 0 0 -2.26 0 0 0 -0.097 0 -0.461 0.697 0.896 0 0.547
-0.18 0 0 4.363 0.212 0 0 0.58 0.463 0 0.575 -0.091 0.132 0 -0.852 0 0 0 0.076 0
-0.04 0 0 0.212 2.869 0 0 0.307 0.097 0 0.26 0.031 0.063 0 -0.245 0 0 0 0.076 0
0 -2.191 -1.856 0 0 25.04 -1.626 0 0 -4.33 0 0 0 -0.858 0 -1.052 -0.705 -0.875 0 -4.154
0 -0.662 -0.224 0 0 -1.626 15.809 0 0 -1.987 0 0 0 -0.064 0 -0.399 0.68 0.873 0 0.652
0.045 0 0 0.58 0.307 0 0 7.834 0.543 0 -0.123 -0.095 -0.037 0 0.101 0 0 0 -0.049 0
-0.063 0 0 0.463 0.097 0 0 0.543 1.996 0 0.438 0.119 0.11 0 -0.395 0 0 0 0.163 0
0 -2.598 -2.26 0 0 -4.33 -1.987 0 0 25.431 0 0 0 -1.052 0 -1.233 -0.993 -1.237 0 -5.26
0.064 0 0 0.575 0.26 0 0 -0.123 0.438 0 10.138 -0.058 -0.029 0 0.161 0 0 0 -0.024 0
-0.077 0 0 -0.091 0.031 0 0 -0.095 0.119 0 -0.058 3.594 -0.01 0 -0.209 0 0 0 -0.018 0
0.011 0 0 0.132 0.063 0 0 -0.037 0.11 0 -0.029 -0.01 8.182 0 0.027 0 0 0 -0.006 0
0 -0.339 -0.097 0 0 -0.858 -0.064 0 0 -1.052 0 0 0 15.502 0 -0.209 0.394 0.505 0 0.431
-0.061 0 0 -0.852 -0.245 0 0 0.101 -0.395 0 0.161 -0.209 0.027 0 9.077 0 0 0 -0.095 0
0 -0.587 -0.461 0 0 -1.052 -0.399 0 0 -1.233 0 0 0 -0.209 0 24.97 -0.092 -0.112 0 -0.907
0 0.112 0.697 0 0 -0.705 0.68 0 0 -0.993 0 0 0 0.394 0 -0.092 8.979 2.078 0 3.621
0 0.155 0.896 0 0 -0.875 0.873 0 0 -1.237 0 0 0 0.505 0 -0.112 2.078 9.883 0 4.623
-0.028 0 0 0.076 0.076 0 0 -0.049 0.163 0 -0.024 -0.018 -0.006 0 -0.095 0 0 0 4.924 0
0 -1.128 0.547 0 0 -4.154 0.652 0 0 -5.26 0 0 0 0.431 0 -0.907 3.621 4.623 0 18.572

 Mean vectors and covariance matrices after rotation --- 2th cluster >>

 mean vector (mu'=Q*mu)>>
1.006 1.823 1.637 3.653 3.135 2.356 0.101 1.791 4.674 1.969 0.77 1.536 0.227 2.782 1.956 1.63 1.105 2.328 1.369 0.504

 covariance matrix (Sigma'=Q*Sigma*t(Q))>>

5.336 0 0 -1.35 -0.269 0 0 -0.102 -0.055 0 0.639 -0.334 0.263 0 -0.266 0 0 0 -0.166 0
0 20.565 -0.779 0 0 -2.191 -0.662 0 0 -2.598 0 0 0 -0.339 0 -0.587 0.112 0.155 0 -1.128
0 -0.779 16.155 0 0 -1.856 -0.224 0 0 -2.26 0 0 0 -0.097 0 -0.461 0.697 0.896 0 0.547
-1.35 0 0 6.358 1.271 0 0 -0.418 1.673 0 -1.401 -0.208 -0.464 0 0.065 0 0 0 0.975 0
-0.269 0 0 1.271 3.014 0 0 0.196 0.543 0 -0.329 0.038 -0.027 0 0.154 0 0 0 0.33 0
0 -2.191 -1.856 0 0 25.04 -1.626 0 0 -4.33 0 0 0 -0.858 0 -1.052 -0.705 -0.875 0 -4.154
0 -0.662 -0.224 0 0 -1.626 15.809 0 0 -1.987 0 0 0 -0.064 0 -0.399 0.68 0.873 0 0.652
-0.102 0 0 -0.418 0.196 0 0 8.007 0.306 0 -0.11 -0.053 -0.03 0 0.002 0 0 0 0.141 0
-0.055 0 0 1.673 0.543 0 0 0.306 2.237 0 -0.139 -0.074 0.111 0 0.124 0 0 0 0.384 0
0 -2.598 -2.26 0 0 -4.33 -1.987 0 0 25.431 0 0 0 -1.052 0 -1.233 -0.993 -1.237 0 -5.26
0.639 0 0 -1.401 -0.329 0 0 -0.11 -0.139 0 5.053 -0.346 0.272 0 -0.288 0 0 0 -0.201 0
-0.334 0 0 -0.208 0.038 0 0 -0.053 -0.074 0 -0.346 8.112 -0.086 0 -0.044 0 0 0 0.09 0
0.263 0 0 -0.464 -0.027 0 0 -0.03 0.111 0 0.272 -0.086 6.306 0 -0.057 0 0 0 -0.037 0
0 -0.339 -0.097 0 0 -0.858 -0.064 0 0 -1.052 0 0 0 15.502 0 -0.209 0.394 0.505 0 0.431
-0.266 0 0 0.065 0.154 0 0 0.002 0.124 0 -0.288 -0.044 -0.057 0 6.051 0 0 0 0.148 0
0 -0.587 -0.461 0 0 -1.052 -0.399 0 0 -1.233 0 0 0 -0.209 0 24.97 -0.092 -0.112 0 -0.907
0 0.112 0.697 0 0 -0.705 0.68 0 0 -0.993 0 0 0 0.394 0 -0.092 8.979 2.078 0 3.621
0 0.155 0.896 0 0 -0.875 0.873 0 0 -1.237 0 0 0 0.505 0 -0.112 2.078 9.883 0 4.623
-0.166 0 0 0.975 0.33 0 0 0.141 0.384 0 -0.201 0.09 -0.037 0 0.148 0 0 0 1.36 0
0 -1.128 0.547 0 0 -4.154 0.652 0 0 -5.26 0 0 0 0.431 0 -0.907 3.621 4.623 0 18.572

 Mean vectors and covariance matrices after rotation --- 3th cluster >>

 mean vector (mu'=Q*mu)>>
0.277 1.823 1.637 3.103 0.864 2.356 0.101 -12.69 1.287 1.969 0.212 0.423 0.063 2.782 0.539 1.63 1.105 2.328 0.377 0.504

 covariance matrix (Sigma'=Q*Sigma*t(Q))>>

3.862 0 0 0.358 0.068 0 0 -0.038 -0.481 0 -0.48 0.041 -0.103 0 -0.851 0 0 0 0.034 0
0 20.565 -0.779 0 0 -2.191 -0.662 0 0 -2.598 0 0 0 -0.339 0 -0.587 0.112 0.155 0 -1.128
0 -0.779 16.155 0 0 -1.856 -0.224 0 0 -2.26 0 0 0 -0.097 0 -0.461 0.697 0.896 0 0.547
0.358 0 0 3.199 0.836 0 0 -0.079 0.328 0 1.464 0.442 0.237 0 1.959 0 0 0 0.149 0
0.068 0 0 0.836 2.459 0 0 -0.165 0.634 0 0.656 0.27 0.055 0 1.148 0 0 0 0.052 0
0 -2.191 -1.856 0 0 25.04 -1.626 0 0 -4.33 0 0 0 -0.858 0 -1.052 -0.705 -0.875 0 -4.154
0 -0.662 -0.224 0 0 -1.626 15.809 0 0 -1.987 0 0 0 -0.064 0 -0.399 0.68 0.873 0 0.652
-0.038 0 0 -0.079 -0.165 0 0 2.302 -0.63 0 -0.203 -0.063 -0.01 0 -0.564 0 0 0 -0.004 0
-0.481 0 0 0.328 0.634 0 0 -0.63 5.374 0 -0.072 0.299 -0.179 0 -0.016 0 0 0 -0.057 0
0 -2.598 -2.26 0 0 -4.33 -1.987 0 0 25.431 0 0 0 -1.052 0 -1.233 -0.993 -1.237 0 -5.26
-0.48 0 0 1.464 0.656 0 0 -0.203 -0.072 0 6.795 0.311 -0.252 0 -1.076 0 0 0 0.127 0
0.041 0 0 0.442 0.27 0 0 -0.063 0.299 0 0.311 1.685 0.029 0 0.536 0 0 0 0.031 0
-0.103 0 0 0.237 0.055 0 0 -0.01 -0.179 0 -0.252 0.029 4.648 0 -0.418 0 0 0 0.025 0
0 -0.339 -0.097 0 0 -0.858 -0.064 0 0 -1.052 0 0 0 15.502 0 -0.209 0.394 0.505 0 0.431
-0.851 0 0 1.959 1.148 0 0 -0.564 -0.016 0 -1.076 0.536 -0.418 0 7.702 0 0 0 0.129 0
0 -0.587 -0.461 0 0 -1.052 -0.399 0 0 -1.233 0 0 0 -0.209 0 24.97 -0.092 -0.112 0 -0.907
0 0.112 0.697 0 0 -0.705 0.68 0 0 -0.993 0 0 0 0.394 0 -0.092 8.979 2.078 0 3.621
0 0.155 0.896 0 0 -0.875 0.873 0 0 -1.237 0 0 0 0.505 0 -0.112 2.078 9.883 0 4.623
0.034 0 0 0.149 0.052 0 0 -0.004 -0.057 0 0.127 0.031 0.025 0 0.129 0 0 0 1.554 0
0 -1.128 0.547 0 0 -4.154 0.652 0 0 -5.26 0 0 0 0.431 0 -0.907 3.621 4.623 0 18.572

 Mean vectors and covariance matrices after rotation --- 4th cluster >>

 mean vector (mu'=Q*mu)>>
0.774 1.823 1.637 8.666 2.412 2.356 0.101 -3.016 -8.834 1.969 0.592 1.182 0.175 2.782 1.505 1.63 1.105 2.328 1.053 0.504

 covariance matrix (Sigma'=Q*Sigma*t(Q))>>

8.099 0 0 -1.401 -1.101 0 0 -0.528 -0.689 0 0.244 -0.572 -0.024 0 -0.282 0 0 0 0.615 0
0 20.565 -0.779 0 0 -2.191 -0.662 0 0 -2.598 0 0 0 -0.339 0 -0.587 0.112 0.155 0 -1.128
0 -0.779 16.155 0 0 -1.856 -0.224 0 0 -2.26 0 0 0 -0.097 0 -0.461 0.697 0.896 0 0.547
-1.401 0 0 11.643 -1.131 0 0 0.405 1.126 0 1.387 0.881 0.155 0 0.041 0 0 0 -0.745 0
-1.101 0 0 -1.131 17.627 0 0 0.182 0.085 0 -0.058 0.138 0.035 0 -0.224 0 0 0 -0.715 0
0 -2.191 -1.856 0 0 25.04 -1.626 0 0 -4.33 0 0 0 -0.858 0 -1.052 -0.705 -0.875 0 -4.154
0 -0.662 -0.224 0 0 -1.626 15.809 0 0 -1.987 0 0 0 -0.064 0 -0.399 0.68 0.873 0 0.652
-0.528 0 0 0.405 0.182 0 0 10.25 0.235 0 0.526 0.61 0.023 0 0.176 0 0 0 -0.449 0
-0.689 0 0 1.126 0.085 0 0 0.235 9.237 0 1.291 1.15 0.064 0 0.391 0 0 0 -0.573 0
0 -2.598 -2.26 0 0 -4.33 -1.987 0 0 25.431 0 0 0 -1.052 0 -1.233 -0.993 -1.237 0 -5.26
0.244 0 0 1.387 -0.058 0 0 0.526 1.291 0 14.39 -0.907 0.085 0 -0.098 0 0 0 0.756 0
-0.572 0 0 0.881 0.138 0 0 0.61 1.15 0 -0.907 19.441 0.082 0 -0.092 0 0 0 0.042 0
-0.024 0 0 0.155 0.035 0 0 0.023 0.064 0 0.085 0.082 4.396 0 0.04 0 0 0 -0.021 0
0 -0.339 -0.097 0 0 -0.858 -0.064 0 0 -1.052 0 0 0 15.502 0 -0.209 0.394 0.505 0 0.431
-0.282 0 0 0.041 -0.224 0 0 0.176 0.391 0 -0.098 -0.092 0.04 0 13.813 0 0 0 -0.037 0
0 -0.587 -0.461 0 0 -1.052 -0.399 0 0 -1.233 0 0 0 -0.209 0 24.97 -0.092 -0.112 0 -0.907
0 0.112 0.697 0 0 -0.705 0.68 0 0 -0.993 0 0 0 0.394 0 -0.092 8.979 2.078 0 3.621
0 0.155 0.896 0 0 -0.875 0.873 0 0 -1.237 0 0 0 0.505 0 -0.112 2.078 9.883 0 4.623
0.615 0 0 -0.745 -0.715 0 0 -0.449 -0.573 0 0.756 0.042 -0.021 0 -0.037 0 0 0 3.463 0
0 -1.128 0.547 0 0 -4.154 0.652 0 0 -5.26 0 0 0 0.431 0 -0.907 3.621 4.623 0 18.572

 Mean vectors and covariance matrices after rotation --- 5th cluster >>

 mean vector (mu'=Q*mu)>>
0.295 1.823 1.637 3.301 0.919 2.356 0.101 -3.87 -1.738 1.969 0.226 0.45 -11.968 2.782 0.573 1.63 1.105 2.328 0.401 0.504

 covariance matrix (Sigma'=Q*Sigma*t(Q))>>

7.595 0 0 0.098 -0.009 0 0 -0.136 0.29 0 0.025 -0.033 -0.175 0 -0.076 0 0 0 -0.063 0
0 20.565 -0.779 0 0 -2.191 -0.662 0 0 -2.598 0 0 0 -0.339 0 -0.587 0.112 0.155 0 -1.128
0 -0.779 16.155 0 0 -1.856 -0.224 0 0 -2.26 0 0 0 -0.097 0 -0.461 0.697 0.896 0 0.547
0.098 0 0 6.031 -0.924 0 0 0.355 1.554 0 -0.187 0.022 0.938 0 0.044 0 0 0 0.019 0
-0.009 0 0 -0.924 8.75 0 0 0.121 0.138 0 -0.326 -0.151 0.377 0 -0.188 0 0 0 0.013 0
0 -2.191 -1.856 0 0 25.04 -1.626 0 0 -4.33 0 0 0 -0.858 0 -1.052 -0.705 -0.875 0 -4.154
0 -0.662 -0.224 0 0 -1.626 15.809 0 0 -1.987 0 0 0 -0.064 0 -0.399 0.68 0.873 0 0.652
-0.136 0 0 0.355 0.121 0 0 8.122 0.734 0 0.061 -0.075 -0.523 0 -0.188 0 0 0 -0.132 0
0.29 0 0 1.554 0.138 0 0 0.734 4.711 0 -0.233 0.221 0.817 0 0.323 0 0 0 0.384 0
0 -2.598 -2.26 0 0 -4.33 -1.987 0 0 25.431 0 0 0 -1.052 0 -1.233 -0.993 -1.237 0 -5.26
0.025 0 0 -0.187 -0.326 0 0 0.061 -0.233 0 1.312 0.026 0.263 0 0.074 0 0 0 -0.037 0
-0.033 0 0 0.022 -0.151 0 0 -0.075 0.221 0 0.026 6.092 -0.016 0 -0.04 0 0 0 -0.061 0
-0.175 0 0 0.938 0.377 0 0 -0.523 0.817 0 0.263 -0.016 7.756 0 -0.143 0 0 0 -0.18 0
0 -0.339 -0.097 0 0 -0.858 -0.064 0 0 -1.052 0 0 0 15.502 0 -0.209 0.394 0.505 0 0.431
-0.076 0 0 0.044 -0.188 0 0 -0.188 0.323 0 0.074 -0.04 -0.143 0 6.303 0 0 0 -0.122 0
0 -0.587 -0.461 0 0 -1.052 -0.399 0 0 -1.233 0 0 0 -0.209 0 24.97 -0.092 -0.112 0 -0.907
0 0.112 0.697 0 0 -0.705 0.68 0 0 -0.993 0 0 0 0.394 0 -0.092 8.979 2.078 0 3.621
0 0.155 0.896 0 0 -0.875 0.873 0 0 -1.237 0 0 0 0.505 0 -0.112 2.078 9.883 0 4.623
-0.063 0 0 0.019 0.013 0 0 -0.132 0.384 0 -0.037 -0.061 -0.18 0 -0.122 0 0 0 8.805 0
0 -1.128 0.547 0 0 -4.154 0.652 0 0 -5.26 0 0 0 0.431 0 -0.907 3.621 4.623 0 18.572

 Final eigenvalues for each cluster >> 
 (rows correspond to clusters)
30.446 28.766 25.26 21.696 16.457 15.966 15.525 12.204 10.237 9.281 8.19 8.009 7.845 7.347 7.238 4.939 4.084 3.579 2.814 1.833
30.446 28.766 25.26 21.696 16.457 15.966 15.525 12.204 9.023 8.171 8.057 7.347 7.238 6.214 6.049 4.717 4.391 2.543 1.517 1.153
30.446 28.766 25.26 21.696 16.457 15.966 15.525 12.204 9.019 7.593 7.347 7.238 5.615 4.703 4.066 2.265 1.895 1.555 1.542 1.326
30.446 28.766 25.26 21.696 19.873 17.974 16.457 15.966 15.525 15.487 13.88 12.204 11.644 10.106 8.611 7.347 7.238 7.219 4.391 3.173
30.446 28.766 25.26 21.696 16.457 15.966 15.525 12.204 9.104 8.857 8.668 8.467 7.65 7.347 7.238 6.387 6.113 5.492 3.487 1.252

 theoretical Separation index matrix >>

-1 0.317 0.284 0.21 0.229
0.317 -1 0.294 0.277 0.21
0.284 0.294 -1 0.21 0.234
0.21 0.277 0.21 -1 0.226
0.229 0.21 0.234 0.226 -1

 theoretical projection directions >>

**** cluster 1 and 2
0.104 0 0 0.117 0.364 0 0 0.041 0.892 0 0.032 0.128 0.001 0 0.148 0 0 0 0.081 0

**** cluster 1 and 3
0.075 0 0 0.502 0.308 0 0 -0.683 0.379 0 -0.065 0.122 -0.005 0 0.02 0 0 0 0.131 0

**** cluster 1 and 4
0.146 0 0 0.758 0.305 0 0 -0.082 -0.447 0 0.009 0.117 0.01 0 0.167 0 0 0 0.249 0

**** cluster 1 and 5
0.06 0 0 0.576 0.336 0 0 -0.18 0.256 0 0.051 0.157 -0.627 0 0.164 0 0 0 0.076 0

**** cluster 2 and 3
-0.095 0 0 0.057 -0.152 0 0 -0.927 -0.267 0 -0.064 -0.064 -0.021 0 -0.104 0 0 0 -0.122 0

**** cluster 2 and 4
0.023 0 0 0.349 0.005 0 0 -0.11 -0.924 0 0.055 0.018 0.026 0 0.01 0 0 0 -0.085 0

**** cluster 2 and 5
-0.017 0 0 0.175 -0.093 0 0 -0.248 -0.682 0 -0.021 -0.059 -0.648 0 -0.079 0 0 0 -0.054 0

**** cluster 3 and 4
0.028 0 0 0.394 0.108 0 0 0.677 -0.591 0 -0.029 0.031 -0.021 0 0.008 0 0 0 0.149 0

**** cluster 3 and 5
-0.024 0 0 0.137 0.055 0 0 0.644 -0.202 0 -0.031 0.025 -0.721 0 -0.022 0 0 0 0.003 0

**** cluster 4 and 5
-0.052 0 0 -0.274 -0.062 0 0 -0.076 0.514 0 -0.011 -0.039 -0.799 0 -0.061 0 0 0 -0.068 0

 empirical Separation index matrix (alpha= 0.05 )>>

-1 0.359 0.296 0.238 0.314
0.359 -1 0.275 0.282 0.289
0.296 0.275 -1 0.234 0.322
0.238 0.282 0.234 -1 0.284
0.314 0.289 0.322 0.284 -1

 empirical projection directions >>

**** cluster 1 and 2
-0.008 0.031 -0.177 0.358 -0.059 -0.035 0.014 -0.064 -0.875 -0.019 0.097 -0.007 0.048 -0.066 -0.086 0.004 -0.076 0.035 -0.168 -0.072

**** cluster 1 and 3
-0.119 0.07 -0.022 0.111 -0.17 0.054 0.071 -0.804 -0.399 0.055 -0.137 -0.035 0.036 0.003 -0.071 0.064 -0.118 0.032 -0.278 -0.024

**** cluster 1 and 4
-0.143 -0.047 0.018 -0.002 -0.061 -0.055 0.031 -0.353 -0.505 -0.038 0.375 0.15 -0.605 -0.053 -0.054 -0.036 -0.096 0.094 -0.179 -0.044

**** cluster 1 and 5
-0.087 -0.042 -0.118 0.032 -0.33 -0.021 0 -0.028 -0.83 -0.025 -0.109 -0.136 -0.022 0.066 -0.159 -0.034 -0.103 0.135 -0.288 -0.05

**** cluster 2 and 3
0.221 0.031 0.199 -0.421 -0.138 -0.03 0.173 -0.494 0.568 0.093 0.021 -0.022 0.027 -0.04 0.067 -0.07 -0.025 0.038 -0.304 0.036

**** cluster 2 and 4
-0.005 -0.046 0.067 -0.406 -0.056 -0.09 0.085 -0.083 0.593 0.006 -0.001 -0.02 -0.628 0.004 -0.09 -0.096 0.072 0.053 -0.156 -0.084

**** cluster 2 and 5
-0.183 0.021 0.125 -0.672 -0.169 -0.02 0.003 0.089 0.538 0.069 -0.094 -0.19 -0.129 0.07 -0.236 -0.006 0.001 0.128 -0.172 0.004

**** cluster 3 and 4
-0.231 -0.008 -0.024 -0.04 0.029 -0.033 -0.114 0.666 -0.01 -0.027 0.122 0.001 -0.589 -0.025 -0.028 -0.055 -0.018 0.188 0.287 -0.023

**** cluster 3 and 5
-0.2 0.094 -0.029 -0.497 -0.422 0.005 -0.046 0.599 -0.233 0.008 0.148 -0.107 -0.044 -0.032 0.108 -0.038 0.011 0.114 -0.214 -0.014

**** cluster 4 and 5
0.001 0.101 0 -0.496 -0.379 0.125 -0.007 0.216 -0.13 -0.02 -0.085 -0.043 0.668 0.089 -0.227 0.026 0.011 -0.014 -0.062 0.018
