
 Log information for the data set datasetJMG3v2nv10out0_3.dat >>

 alpha = 0.05 sepVal = 0.21

 Number of clusters >> 3

 cluster sizes >>
50 50 50

 Number of data points >> 150

 Number of dimensions >> 12

 Number of noisy dimensions >> 10

 noisy variables >>
2 4 5 6 7 8 9 10 11 12

 Number of outliers >> 0

 initial eigenvalues for each cluster >> 
 (rows correspond to clusters)
2.449 4.293
7.696 8.455
3.056 3.254

 Mean vectors and covariance matrices before rotation --- 1th cluster >>

 mean vector (mu'=Q*mu)>>
-7.025 0 1.949 0.986 2.606 1.484 1.258 2.882 2.491 3.073 0.896 1.038

 covariance matrix (Sigma'=Q*Sigma*t(Q))>>

3.754 -1.048 0 0 0 0 0 0 0 0 0 0
-1.048 3.945 0 0 0 0 0 0 0 0 0 0
0 0 37.78 0.029 0.016 0.028 0.076 -0.181 0.026 0.001 -0.001 0.013
0 0 0.029 37.814 0.026 0.042 0.098 -0.039 0.091 0.021 0 0.022
0 0 0.016 0.026 37.685 0.014 0.031 -0.009 0.03 0.007 0 0.007
0 0 0.028 0.042 0.014 37.688 0.05 -0.013 0.048 0.011 0 0.012
0 0 0.076 0.098 0.031 0.05 37.745 -0.022 0.113 0.027 0 0.027
0 0 -0.181 -0.039 -0.009 -0.013 -0.022 38.266 -0.049 -0.014 -0.001 -0.008
0 0 0.026 0.091 0.03 0.048 0.113 -0.049 37.854 0.024 0 0.026
0 0 0.001 0.021 0.007 0.011 0.027 -0.014 0.024 37.791 0 0.006
0 0 -0.001 0 0 0 0 -0.001 0 0 38.02 0
0 0 0.013 0.022 0.007 0.012 0.027 -0.008 0.026 0.006 0 37.692

 Mean vectors and covariance matrices before rotation --- 2th cluster >>

 mean vector (mu'=Q*mu)>>
7.025 0 1.949 0.986 2.606 1.484 1.258 2.882 2.491 3.073 0.896 1.038

 covariance matrix (Sigma'=Q*Sigma*t(Q))>>

7.703 -0.073 0 0 0 0 0 0 0 0 0 0
-0.073 8.448 0 0 0 0 0 0 0 0 0 0
0 0 37.78 0.029 0.016 0.028 0.076 -0.181 0.026 0.001 -0.001 0.013
0 0 0.029 37.814 0.026 0.042 0.098 -0.039 0.091 0.021 0 0.022
0 0 0.016 0.026 37.685 0.014 0.031 -0.009 0.03 0.007 0 0.007
0 0 0.028 0.042 0.014 37.688 0.05 -0.013 0.048 0.011 0 0.012
0 0 0.076 0.098 0.031 0.05 37.745 -0.022 0.113 0.027 0 0.027
0 0 -0.181 -0.039 -0.009 -0.013 -0.022 38.266 -0.049 -0.014 -0.001 -0.008
0 0 0.026 0.091 0.03 0.048 0.113 -0.049 37.854 0.024 0 0.026
0 0 0.001 0.021 0.007 0.011 0.027 -0.014 0.024 37.791 0 0.006
0 0 -0.001 0 0 0 0 -0.001 0 0 38.02 0
0 0 0.013 0.022 0.007 0.012 0.027 -0.008 0.026 0.006 0 37.692

 Mean vectors and covariance matrices before rotation --- 3th cluster >>

 mean vector (mu'=Q*mu)>>
0 12.168 1.949 0.986 2.606 1.484 1.258 2.882 2.491 3.073 0.896 1.038

 covariance matrix (Sigma'=Q*Sigma*t(Q))>>

3.062 -0.034 0 0 0 0 0 0 0 0 0 0
-0.034 3.248 0 0 0 0 0 0 0 0 0 0
0 0 37.78 0.029 0.016 0.028 0.076 -0.181 0.026 0.001 -0.001 0.013
0 0 0.029 37.814 0.026 0.042 0.098 -0.039 0.091 0.021 0 0.022
0 0 0.016 0.026 37.685 0.014 0.031 -0.009 0.03 0.007 0 0.007
0 0 0.028 0.042 0.014 37.688 0.05 -0.013 0.048 0.011 0 0.012
0 0 0.076 0.098 0.031 0.05 37.745 -0.022 0.113 0.027 0 0.027
0 0 -0.181 -0.039 -0.009 -0.013 -0.022 38.266 -0.049 -0.014 -0.001 -0.008
0 0 0.026 0.091 0.03 0.048 0.113 -0.049 37.854 0.024 0 0.026
0 0 0.001 0.021 0.007 0.011 0.027 -0.014 0.024 37.791 0 0.006
0 0 -0.001 0 0 0 0 -0.001 0 0 38.02 0
0 0 0.013 0.022 0.007 0.012 0.027 -0.008 0.026 0.006 0 37.692

 Final eigenvalues for each cluster >> 
 (rows correspond to clusters)
38.353 38.032 38.02 37.786 37.75 37.735 37.685 37.677 37.666 37.631 4.902 2.796
38.353 38.032 38.02 37.786 37.75 37.735 37.685 37.677 37.666 37.631 8.455 7.696
38.353 38.032 38.02 37.786 37.75 37.735 37.685 37.677 37.666 37.631 3.254 3.056

 *************************************************

 ********************* rotation ******************

 *************************************************


 The orthogonal matrix Q >>
0.519 0.855
0.855 -0.519

 Mean vectors and covariance matrices after rotation --- 1th cluster >>

 mean vector (mu'=Q*mu)>>
-6.004 2.882 -3.648 1.484 2.606 0.986 0.896 2.491 3.073 1.038 1.258 1.949

 covariance matrix (Sigma'=Q*Sigma*t(Q))>>

4.736 0 -0.568 0 0 0 0 0 0 0 0 0
0 38.266 0 -0.013 -0.009 -0.039 -0.001 -0.049 -0.014 -0.008 -0.022 -0.181
-0.568 0 2.963 0 0 0 0 0 0 0 0 0
0 -0.013 0 37.688 0.014 0.042 0 0.048 0.011 0.012 0.05 0.028
0 -0.009 0 0.014 37.685 0.026 0 0.03 0.007 0.007 0.031 0.016
0 -0.039 0 0.042 0.026 37.814 0 0.091 0.021 0.022 0.098 0.029
0 -0.001 0 0 0 0 38.02 0 0 0 0 -0.001
0 -0.049 0 0.048 0.03 0.091 0 37.854 0.024 0.026 0.113 0.026
0 -0.014 0 0.011 0.007 0.021 0 0.024 37.791 0.006 0.027 0.001
0 -0.008 0 0.012 0.007 0.022 0 0.026 0.006 37.692 0.027 0.013
0 -0.022 0 0.05 0.031 0.098 0 0.113 0.027 0.027 37.745 0.076
0 -0.181 0 0.028 0.016 0.029 -0.001 0.026 0.001 0.013 0.076 37.78

 Mean vectors and covariance matrices after rotation --- 2th cluster >>

 mean vector (mu'=Q*mu)>>
6.004 2.882 3.648 1.484 2.606 0.986 0.896 2.491 3.073 1.038 1.258 1.949

 covariance matrix (Sigma'=Q*Sigma*t(Q))>>

7.968 0 -0.364 0 0 0 0 0 0 0 0 0
0 38.266 0 -0.013 -0.009 -0.039 -0.001 -0.049 -0.014 -0.008 -0.022 -0.181
-0.364 0 8.182 0 0 0 0 0 0 0 0 0
0 -0.013 0 37.688 0.014 0.042 0 0.048 0.011 0.012 0.05 0.028
0 -0.009 0 0.014 37.685 0.026 0 0.03 0.007 0.007 0.031 0.016
0 -0.039 0 0.042 0.026 37.814 0 0.091 0.021 0.022 0.098 0.029
0 -0.001 0 0 0 0 38.02 0 0 0 0 -0.001
0 -0.049 0 0.048 0.03 0.091 0 37.854 0.024 0.026 0.113 0.026
0 -0.014 0 0.011 0.007 0.021 0 0.024 37.791 0.006 0.027 0.001
0 -0.008 0 0.012 0.007 0.022 0 0.026 0.006 37.692 0.027 0.013
0 -0.022 0 0.05 0.031 0.098 0 0.113 0.027 0.027 37.745 0.076
0 -0.181 0 0.028 0.016 0.029 -0.001 0.026 0.001 0.013 0.076 37.78

 Mean vectors and covariance matrices after rotation --- 3th cluster >>

 mean vector (mu'=Q*mu)>>
-6.318 2.882 10.399 1.484 2.606 0.986 0.896 2.491 3.073 1.038 1.258 1.949

 covariance matrix (Sigma'=Q*Sigma*t(Q))>>

3.142 0 -0.098 0 0 0 0 0 0 0 0 0
0 38.266 0 -0.013 -0.009 -0.039 -0.001 -0.049 -0.014 -0.008 -0.022 -0.181
-0.098 0 3.168 0 0 0 0 0 0 0 0 0
0 -0.013 0 37.688 0.014 0.042 0 0.048 0.011 0.012 0.05 0.028
0 -0.009 0 0.014 37.685 0.026 0 0.03 0.007 0.007 0.031 0.016
0 -0.039 0 0.042 0.026 37.814 0 0.091 0.021 0.022 0.098 0.029
0 -0.001 0 0 0 0 38.02 0 0 0 0 -0.001
0 -0.049 0 0.048 0.03 0.091 0 37.854 0.024 0.026 0.113 0.026
0 -0.014 0 0.011 0.007 0.021 0 0.024 37.791 0.006 0.027 0.001
0 -0.008 0 0.012 0.007 0.022 0 0.026 0.006 37.692 0.027 0.013
0 -0.022 0 0.05 0.031 0.098 0 0.113 0.027 0.027 37.745 0.076
0 -0.181 0 0.028 0.016 0.029 -0.001 0.026 0.001 0.013 0.076 37.78

 Final eigenvalues for each cluster >> 
 (rows correspond to clusters)
38.353 38.032 38.02 37.786 37.75 37.735 37.685 37.677 37.666 37.631 4.902 2.796
38.353 38.032 38.02 37.786 37.75 37.735 37.685 37.677 37.666 37.631 8.455 7.696
38.353 38.032 38.02 37.786 37.75 37.735 37.685 37.677 37.666 37.631 3.254 3.056

 theoretical Separation index matrix >>

-1 0.21 0.345
0.21 -1 0.21
0.345 0.21 -1

 theoretical projection directions >>

**** cluster 1 and 2
0.791 0 0.612 0 0 0 0 0 0 0 0 0

**** cluster 1 and 3
0.068 0 0.998 0 0 0 0 0 0 0 0 0

**** cluster 2 and 3
-0.891 0 0.454 0 0 0 0 0 0 0 0 0

 empirical Separation index matrix (alpha= 0.05 )>>

-1 0.233 0.22
0.233 -1 0.324
0.22 0.324 -1

 empirical projection directions >>

**** cluster 1 and 2
-0.673 0.031 -0.735 0.045 0.004 0.03 0.027 -0.012 -0.008 -0.022 0.03 -0.034

**** cluster 1 and 3
-0.826 -0.01 0.548 0.012 0.036 -0.076 0.003 0.013 0.074 -0.016 0.06 0.023

**** cluster 2 and 3
0.175 -0.003 0.977 -0.003 0.028 -0.095 -0.004 0.006 -0.02 0.044 0.023 0.056
