
 Log information for the data set datasetJHG2v10nv3out0_1.dat >>

 alpha = 0.05 sepVal = 0.34

 Number of clusters >> 2

 cluster sizes >>
50 50

 Number of data points >> 100

 Number of dimensions >> 13

 Number of noisy dimensions >> 3

 noisy variables >>
3 4 8

 Number of outliers >> 0

 initial eigenvalues for each cluster >> 
 (rows correspond to clusters)
1.065 4.756 8.468 2.166 7.173 6.566 4.303 8.546 9.544 4.652
1.285 4.693 5.249 6.01 7.741 8.845 3.022 1.335 6.008 7.312

 Mean vectors and covariance matrices before rotation --- 1th cluster >>

 mean vector (mu'=Q*mu)>>
-8.018 0 0 0 0 0 0 0 0 0 0 0 0

 covariance matrix (Sigma'=Q*Sigma*t(Q))>>

5.522 -0.097 -1.466 0.207 -1.257 -0.849 0.045 -0.436 -0.502 -0.052 0 0 0
-0.097 4.542 -0.554 -0.027 -0.58 -0.454 -0.363 -0.163 -0.171 -0.158 0 0 0
-1.466 -0.554 7.36 -0.13 -1.235 -1.003 -0.997 -0.325 -0.328 -0.414 0 0 0
0.207 -0.027 -0.13 2.173 -0.122 -0.089 -0.036 -0.038 -0.042 -0.019 0 0 0
-1.257 -0.58 -1.235 -0.122 5.818 -1.09 -1.032 -0.363 -0.37 -0.432 0 0 0
-0.849 -0.454 -1.003 -0.089 -1.09 5.693 -0.801 -0.295 -0.302 -0.338 0 0 0
0.045 -0.363 -0.997 -0.036 -1.032 -0.801 3.696 -0.294 -0.31 -0.267 0 0 0
-0.436 -0.163 -0.325 -0.038 -0.363 -0.295 -0.294 8.451 -0.096 -0.122 0 0 0
-0.502 -0.171 -0.328 -0.042 -0.37 -0.302 -0.31 -0.096 9.448 -0.128 0 0 0
-0.052 -0.158 -0.414 -0.019 -0.432 -0.338 -0.267 -0.122 -0.128 4.536 0 0 0
0 0 0 0 0 0 0 0 0 0 54.649 -8.006 -6.269
0 0 0 0 0 0 0 0 0 0 -8.006 51.997 -6.016
0 0 0 0 0 0 0 0 0 0 -6.269 -6.016 61.831

 Mean vectors and covariance matrices before rotation --- 2th cluster >>

 mean vector (mu'=Q*mu)>>
8.018 0 0 0 0 0 0 0 0 0 0 0 0

 covariance matrix (Sigma'=Q*Sigma*t(Q))>>

5.113 -0.297 -0.44 -0.77 -0.91 -1.582 0.126 0.37 -0.869 -0.128 0 0 0
-0.297 4.192 -0.474 -0.603 -0.507 -0.787 -0.094 -0.031 -0.681 -0.076 0 0 0
-0.44 -0.474 4.808 -0.554 -0.455 -0.7 -0.097 -0.045 -0.626 -0.068 0 0 0
-0.77 -0.603 -0.554 5.325 -0.548 -0.833 -0.133 -0.078 -0.772 -0.082 0 0 0
-0.91 -0.507 -0.455 -0.548 7.32 -0.627 -0.123 -0.091 -0.619 -0.064 0 0 0
-1.582 -0.787 -0.7 -0.833 -0.627 7.92 -0.199 -0.158 -0.94 -0.096 0 0 0
0.126 -0.094 -0.097 -0.133 -0.123 -0.199 3.012 0.012 -0.15 -0.018 0 0 0
0.37 -0.031 -0.045 -0.078 -0.091 -0.158 0.012 1.371 -0.088 -0.013 0 0 0
-0.869 -0.681 -0.626 -0.772 -0.619 -0.94 -0.15 -0.088 5.136 -0.093 0 0 0
-0.128 -0.076 -0.068 -0.082 -0.064 -0.096 -0.018 -0.013 -0.093 7.303 0 0 0
0 0 0 0 0 0 0 0 0 0 54.649 -8.006 -6.269
0 0 0 0 0 0 0 0 0 0 -8.006 51.997 -6.016
0 0 0 0 0 0 0 0 0 0 -6.269 -6.016 61.831

 Final eigenvalues for each cluster >> 
 (rows correspond to clusters)
65.669 61.285 41.522 9.544 8.546 8.468 7.173 6.566 4.756 4.652 4.303 2.166 1.065
65.669 61.285 41.522 8.845 7.741 7.312 6.01 6.008 5.249 4.693 3.022 1.335 1.285

 *************************************************

 ********************* rotation ******************

 *************************************************


 The orthogonal matrix Q >>
0.24 0.217 0.138 0.446 0.399 0.26 0.324 0.354 0.142 0.448
0.217 -0.962 0.024 0.078 0.07 0.046 0.057 0.062 0.025 0.078
0.138 0.024 -0.985 0.05 0.044 0.029 0.036 0.039 0.016 0.05
0.446 0.078 0.05 -0.84 0.143 0.093 0.116 0.127 0.051 0.161
0.399 0.07 0.044 0.143 -0.872 0.084 0.104 0.114 0.046 0.144
0.26 0.046 0.029 0.093 0.084 -0.945 0.068 0.074 0.03 0.094
0.324 0.057 0.036 0.116 0.104 0.068 -0.916 0.092 0.037 0.117
0.354 0.062 0.039 0.127 0.114 0.074 0.092 -0.899 0.041 0.128
0.142 0.025 0.016 0.051 0.046 0.03 0.037 0.041 -0.984 0.051
0.448 0.078 0.05 0.161 0.144 0.094 0.117 0.128 0.051 -0.838

 Mean vectors and covariance matrices after rotation --- 1th cluster >>

 mean vector (mu'=Q*mu)>>
-1.105 -3.198 0 0 -2.594 -3.575 -1.924 0 -2.841 -1.141 -1.74 -3.588 -2.085

 covariance matrix (Sigma'=Q*Sigma*t(Q))>>

7.997 -0.1 0 0 -0.144 0.946 1.222 0 0.407 0.031 0.011 0.625 -0.212
-0.1 7.051 0 0 -0.225 0.696 0.142 0 -0.068 -0.062 -0.062 0.273 -0.138
0 0 51.997 -6.016 0 0 0 -8.006 0 0 0 0 0
0 0 -6.016 61.831 0 0 0 -6.269 0 0 0 0 0
-0.144 -0.225 0 0 4.193 0.411 0.577 0 -0.227 -0.129 -0.048 0.087 -0.155
0.946 0.696 0 0 0.411 2.462 0.031 0 -0.206 0.102 0.248 0.141 0.611
1.222 0.142 0 0 0.577 0.031 2.306 0 -1.681 -0.413 0.191 -0.591 0.526
0 0 -8.006 -6.269 0 0 0 54.649 0 0 0 0 0
0.407 -0.068 0 0 -0.227 -0.206 -1.681 0 8.001 -0.108 -0.138 -0.394 0.03
0.031 -0.062 0 0 -0.129 0.102 -0.413 0 -0.108 9.51 -0.058 -0.025 -0.048
0.011 -0.062 0 0 -0.048 0.248 0.191 0 -0.138 -0.058 4.741 0.055 -0.035
0.625 0.273 0 0 0.087 0.141 -0.591 0 -0.394 -0.025 0.055 4.566 0.289
-0.212 -0.138 0 0 -0.155 0.611 0.526 0 0.03 -0.048 -0.035 0.289 6.411

 Mean vectors and covariance matrices after rotation --- 2th cluster >>

 mean vector (mu'=Q*mu)>>
1.105 3.198 0 0 2.594 3.575 1.924 0 2.841 1.141 1.74 3.588 2.085

 covariance matrix (Sigma'=Q*Sigma*t(Q))>>

5.078 -0.031 0 0 0.239 -0.015 0.668 0 0.344 -0.263 -0.139 0.205 -0.228
-0.031 7.51 0 0 0.004 -0.148 -0.934 0 0.111 0.061 -0.106 -0.438 0.061
0 0 51.997 -6.016 0 0 0 -8.006 0 0 0 0 0
0 0 -6.016 61.831 0 0 0 -6.269 0 0 0 0 0
0.239 0.004 0 0 3.094 0.162 0.024 0 0.152 0.392 0.217 -0.352 0.342
-0.015 -0.148 0 0 0.162 5.982 -0.214 0 0.314 0.054 -0.052 -0.291 0.059
0.668 -0.934 0 0 0.024 -0.214 3.127 0 0.451 1.024 0.618 -1.982 0.156
0 0 -8.006 -6.269 0 0 0 54.649 0 0 0 0 0
0.344 0.111 0 0 0.152 0.314 0.451 0 1.579 0.528 0.344 -0.309 0.475
-0.263 0.061 0 0 0.392 0.054 1.024 0 0.528 5.597 -0.205 0.46 -0.296
-0.139 -0.106 0 0 0.217 -0.052 0.618 0 0.344 -0.205 4.573 0.055 -0.218
0.205 -0.438 0 0 -0.352 -0.291 -1.982 0 -0.309 0.46 0.055 6.223 0.294
-0.228 0.061 0 0 0.342 0.059 0.156 0 0.475 -0.296 -0.218 0.294 8.736

 Final eigenvalues for each cluster >> 
 (rows correspond to clusters)
65.669 61.285 41.522 9.544 8.546 8.468 7.173 6.566 4.756 4.652 4.303 2.166 1.065
65.669 61.285 41.522 8.845 7.741 7.312 6.01 6.008 5.249 4.693 3.022 1.335 1.285

 theoretical Separation index matrix >>

-1 0.34
0.34 -1

 theoretical projection directions >>

**** cluster 1 and 2
-0.093 0.216 0 0 0.247 0.344 0.633 0 0.366 0.004 0.079 0.473 0.038

 empirical Separation index matrix (alpha= 0.05 )>>

-1 0.336
0.336 -1

 empirical projection directions >>

**** cluster 1 and 2
-0.133 0.189 -0.016 -0.029 0.323 0.453 0.455 -0.006 0.361 0.069 0.2 0.503 -0.041
