
 Log information for the data set datasetJLG3v2nv10out0_1.dat >>

 alpha = 0.05 sepVal = 0.01

 Number of clusters >> 3

 cluster sizes >>
50 50 50

 Number of data points >> 150

 Number of dimensions >> 12

 Number of noisy dimensions >> 10

 noisy variables >>
1 2 3 4 5 6 7 8 9 12

 Number of outliers >> 0

 initial eigenvalues for each cluster >> 
 (rows correspond to clusters)
4.332 8.258
3.567 3.797
4.809 8.88

 Mean vectors and covariance matrices before rotation --- 1th cluster >>

 mean vector (mu'=Q*mu)>>
-4.796 0 0.878 1.392 0.453 0.121 1.385 0.702 0.62 0.059 2.108 2.707

 covariance matrix (Sigma'=Q*Sigma*t(Q))>>

5.618 -1.843 0 0 0 0 0 0 0 0 0 0
-1.843 6.971 0 0 0 0 0 0 0 0 0 0
0 0 21.166 -0.104 0.036 -0.041 0.159 -0.023 -0.137 0.138 0.116 -0.039
0 0 -0.104 21.347 -0.018 -0.017 0.048 -0.01 -0.072 0.019 0.025 -0.017
0 0 0.036 -0.018 21.145 -0.013 0.065 -0.007 -0.033 0.073 0.054 -0.012
0 0 -0.041 -0.017 -0.013 22.125 0.002 -0.002 -0.017 -0.009 -0.003 -0.003
0 0 0.159 0.048 0.065 0.002 19.857 0.001 0.038 0.07 0.041 0.004
0 0 -0.023 -0.01 -0.007 -0.002 0.001 21.997 -0.01 -0.005 -0.002 -0.002
0 0 -0.137 -0.072 -0.033 -0.017 0.038 -0.01 21.442 0.002 0.014 -0.017
0 0 0.138 0.019 0.073 -0.009 0.07 -0.005 0.002 20.985 0.07 -0.006
0 0 0.116 0.025 0.054 -0.003 0.041 -0.002 0.014 0.07 20.752 -0.002
0 0 -0.039 -0.017 -0.012 -0.003 0.004 -0.002 -0.017 -0.006 -0.002 21.844

 Mean vectors and covariance matrices before rotation --- 2th cluster >>

 mean vector (mu'=Q*mu)>>
4.796 0 0.878 1.392 0.453 0.121 1.385 0.702 0.62 0.059 2.108 2.707

 covariance matrix (Sigma'=Q*Sigma*t(Q))>>

3.671 -0.097 0 0 0 0 0 0 0 0 0 0
-0.097 3.802 0 0 0 0 0 0 0 0 0 0
0 0 21.166 -0.104 0.036 -0.041 0.159 -0.023 -0.137 0.138 0.116 -0.039
0 0 -0.104 21.347 -0.018 -0.017 0.048 -0.01 -0.072 0.019 0.025 -0.017
0 0 0.036 -0.018 21.145 -0.013 0.065 -0.007 -0.033 0.073 0.054 -0.012
0 0 -0.041 -0.017 -0.013 22.125 0.002 -0.002 -0.017 -0.009 -0.003 -0.003
0 0 0.159 0.048 0.065 0.002 19.857 0.001 0.038 0.07 0.041 0.004
0 0 -0.023 -0.01 -0.007 -0.002 0.001 21.997 -0.01 -0.005 -0.002 -0.002
0 0 -0.137 -0.072 -0.033 -0.017 0.038 -0.01 21.442 0.002 0.014 -0.017
0 0 0.138 0.019 0.073 -0.009 0.07 -0.005 0.002 20.985 0.07 -0.006
0 0 0.116 0.025 0.054 -0.003 0.041 -0.002 0.014 0.07 20.752 -0.002
0 0 -0.039 -0.017 -0.012 -0.003 0.004 -0.002 -0.017 -0.006 -0.002 21.844

 Mean vectors and covariance matrices before rotation --- 3th cluster >>

 mean vector (mu'=Q*mu)>>
0 8.307 0.878 1.392 0.453 0.121 1.385 0.702 0.62 0.059 2.108 2.707

 covariance matrix (Sigma'=Q*Sigma*t(Q))>>

4.863 -0.469 0 0 0 0 0 0 0 0 0 0
-0.469 8.826 0 0 0 0 0 0 0 0 0 0
0 0 21.166 -0.104 0.036 -0.041 0.159 -0.023 -0.137 0.138 0.116 -0.039
0 0 -0.104 21.347 -0.018 -0.017 0.048 -0.01 -0.072 0.019 0.025 -0.017
0 0 0.036 -0.018 21.145 -0.013 0.065 -0.007 -0.033 0.073 0.054 -0.012
0 0 -0.041 -0.017 -0.013 22.125 0.002 -0.002 -0.017 -0.009 -0.003 -0.003
0 0 0.159 0.048 0.065 0.002 19.857 0.001 0.038 0.07 0.041 0.004
0 0 -0.023 -0.01 -0.007 -0.002 0.001 21.997 -0.01 -0.005 -0.002 -0.002
0 0 -0.137 -0.072 -0.033 -0.017 0.038 -0.01 21.442 0.002 0.014 -0.017
0 0 0.138 0.019 0.073 -0.009 0.07 -0.005 0.002 20.985 0.07 -0.006
0 0 0.116 0.025 0.054 -0.003 0.041 -0.002 0.014 0.07 20.752 -0.002
0 0 -0.039 -0.017 -0.012 -0.003 0.004 -0.002 -0.017 -0.006 -0.002 21.844

 Final eigenvalues for each cluster >> 
 (rows correspond to clusters)
22.127 21.998 21.847 21.52 21.411 21.232 21.109 20.881 20.707 19.828 8.258 4.332
22.127 21.998 21.847 21.52 21.411 21.232 21.109 20.881 20.707 19.828 3.854 3.62
22.127 21.998 21.847 21.52 21.411 21.232 21.109 20.881 20.707 19.828 8.88 4.809

 *************************************************

 ********************* rotation ******************

 *************************************************


 The orthogonal matrix Q >>
0.281 0.96
0.96 -0.281

 Mean vectors and covariance matrices after rotation --- 1th cluster >>

 mean vector (mu'=Q*mu)>>
0.453 0.62 1.385 0.702 0.121 2.707 0.878 2.108 0.059 -1.348 -4.603 1.392

 covariance matrix (Sigma'=Q*Sigma*t(Q))>>

21.145 -0.033 0.065 -0.007 -0.013 -0.012 0.036 0.054 0.073 0 0 -0.018
-0.033 21.442 0.038 -0.01 -0.017 -0.017 -0.137 0.014 0.002 0 0 -0.072
0.065 0.038 19.857 0.001 0.002 0.004 0.159 0.041 0.07 0 0 0.048
-0.007 -0.01 0.001 21.997 -0.002 -0.002 -0.023 -0.002 -0.005 0 0 -0.01
-0.013 -0.017 0.002 -0.002 22.125 -0.003 -0.041 -0.003 -0.009 0 0 -0.017
-0.012 -0.017 0.004 -0.002 -0.003 21.844 -0.039 -0.002 -0.006 0 0 -0.017
0.036 -0.137 0.159 -0.023 -0.041 -0.039 21.166 0.116 0.138 0 0 -0.104
0.054 0.014 0.041 -0.002 -0.003 -0.002 0.116 20.752 0.07 0 0 0.025
0.073 0.002 0.07 -0.005 -0.009 -0.006 0.138 0.07 20.985 0 0 0.019
0 0 0 0 0 0 0 0 0 5.87 -1.917 0
0 0 0 0 0 0 0 0 0 -1.917 6.72 0
-0.018 -0.072 0.048 -0.01 -0.017 -0.017 -0.104 0.025 0.019 0 0 21.347

 Mean vectors and covariance matrices after rotation --- 2th cluster >>

 mean vector (mu'=Q*mu)>>
0.453 0.62 1.385 0.702 0.121 2.707 0.878 2.108 0.059 1.348 4.603 1.392

 covariance matrix (Sigma'=Q*Sigma*t(Q))>>

21.145 -0.033 0.065 -0.007 -0.013 -0.012 0.036 0.054 0.073 0 0 -0.018
-0.033 21.442 0.038 -0.01 -0.017 -0.017 -0.137 0.014 0.002 0 0 -0.072
0.065 0.038 19.857 0.001 0.002 0.004 0.159 0.041 0.07 0 0 0.048
-0.007 -0.01 0.001 21.997 -0.002 -0.002 -0.023 -0.002 -0.005 0 0 -0.01
-0.013 -0.017 0.002 -0.002 22.125 -0.003 -0.041 -0.003 -0.009 0 0 -0.017
-0.012 -0.017 0.004 -0.002 -0.003 21.844 -0.039 -0.002 -0.006 0 0 -0.017
0.036 -0.137 0.159 -0.023 -0.041 -0.039 21.166 0.116 0.138 0 0 -0.104
0.054 0.014 0.041 -0.002 -0.003 -0.002 0.116 20.752 0.07 0 0 0.025
0.073 0.002 0.07 -0.005 -0.009 -0.006 0.138 0.07 20.985 0 0 0.019
0 0 0 0 0 0 0 0 0 3.74 -0.117 0
0 0 0 0 0 0 0 0 0 -0.117 3.734 0
-0.018 -0.072 0.048 -0.01 -0.017 -0.017 -0.104 0.025 0.019 0 0 21.347

 Mean vectors and covariance matrices after rotation --- 3th cluster >>

 mean vector (mu'=Q*mu)>>
0.453 0.62 1.385 0.702 0.121 2.707 0.878 2.108 0.059 7.972 -2.335 1.392

 covariance matrix (Sigma'=Q*Sigma*t(Q))>>

21.145 -0.033 0.065 -0.007 -0.013 -0.012 0.036 0.054 0.073 0 0 -0.018
-0.033 21.442 0.038 -0.01 -0.017 -0.017 -0.137 0.014 0.002 0 0 -0.072
0.065 0.038 19.857 0.001 0.002 0.004 0.159 0.041 0.07 0 0 0.048
-0.007 -0.01 0.001 21.997 -0.002 -0.002 -0.023 -0.002 -0.005 0 0 -0.01
-0.013 -0.017 0.002 -0.002 22.125 -0.003 -0.041 -0.003 -0.009 0 0 -0.017
-0.012 -0.017 0.004 -0.002 -0.003 21.844 -0.039 -0.002 -0.006 0 0 -0.017
0.036 -0.137 0.159 -0.023 -0.041 -0.039 21.166 0.116 0.138 0 0 -0.104
0.054 0.014 0.041 -0.002 -0.003 -0.002 0.116 20.752 0.07 0 0 0.025
0.073 0.002 0.07 -0.005 -0.009 -0.006 0.138 0.07 20.985 0 0 0.019
0 0 0 0 0 0 0 0 0 8.26 -1.463 0
0 0 0 0 0 0 0 0 0 -1.463 5.429 0
-0.018 -0.072 0.048 -0.01 -0.017 -0.017 -0.104 0.025 0.019 0 0 21.347

 Final eigenvalues for each cluster >> 
 (rows correspond to clusters)
22.127 21.998 21.847 21.52 21.411 21.232 21.109 20.881 20.707 19.828 8.258 4.332
22.127 21.998 21.847 21.52 21.411 21.232 21.109 20.881 20.707 19.828 3.854 3.62
22.127 21.998 21.847 21.52 21.411 21.232 21.109 20.881 20.707 19.828 8.88 4.809

 theoretical Separation index matrix >>

-1 0.075 0.01
0.075 -1 0.01
0.01 0.01 -1

 theoretical projection directions >>

**** cluster 1 and 2
0 0 0 0 0 0 0 0 0 0.439 0.899 0

**** cluster 1 and 3
0 0 0 0 0 0 0 0 0 0.887 0.461 0

**** cluster 2 and 3
0 0 0 0 0 0 0 0 0 0.583 -0.813 0

 empirical Separation index matrix (alpha= 0.05 )>>

-1 0.108 0.087
0.108 -1 0.082
0.087 0.082 -1

 empirical projection directions >>

**** cluster 1 and 2
-0.012 0.071 0 0.003 0.153 -0.021 -0.09 -0.026 0.049 -0.536 0.811 -0.124

**** cluster 1 and 3
0.001 -0.025 -0.027 -0.114 0.093 0.044 -0.107 0.016 -0.04 -0.89 -0.412 0.007

**** cluster 2 and 3
0.069 -0.048 -0.048 0.008 -0.035 0.041 -0.053 0 0.064 -0.367 -0.917 0.078
