
 Log information for the data set datasetJMG5v10nv0out0_1.dat >>

 alpha = 0.05 sepVal = 0.21

 Number of clusters >> 5

 cluster sizes >>
50 50 50 50 50

 Number of data points >> 250

 Number of dimensions >> 10

 Number of noisy dimensions >> 0

 noisy variables >>
0

 Number of outliers >> 0

 initial eigenvalues for each cluster >> 
 (rows correspond to clusters)
3.405 1.985 2.696 2.598 7.159 4.86 8.989 2.908 2.184 3.822
4.294 8.176 4.262 6.81 6.228 4.04 8.931 7.254 2.451 3.767
5.251 5.371 9.514 7.903 4.547 6.801 9.181 7.566 9.996 5.644
5.148 7.13 3.982 1.863 8.922 6.86 9.191 7.98 3.473 7.773
6.165 1.004 9.544 5.715 2.751 4.612 4.435 7.721 9.846 7.16

 Mean vectors and covariance matrices before rotation --- 1th cluster >>

 mean vector (mu'=Q*mu)>>
-7.733 0 0 0 0 0 0 0 0 0

 covariance matrix (Sigma'=Q*Sigma*t(Q))>>

8.663 0.29 0.149 0.587 -1.87 -1.022 -2.129 0.313 1.532 -0.261
0.29 4.681 0.02 0.074 -0.058 0.007 -0.082 0.05 0.16 0.074
0.149 0.02 6.334 0.048 -0.071 -0.021 -0.088 0.03 0.109 0.028
0.587 0.074 0.048 6.271 -0.245 -0.062 -0.307 0.115 0.408 0.118
-1.87 -0.058 -0.071 -0.245 16.197 -0.621 -0.551 -0.21 -0.385 -0.72
-1.022 0.007 -0.021 -0.062 -0.621 10.874 -0.637 -0.081 -0.009 -0.469
-2.129 -0.082 -0.088 -0.307 -0.551 -0.637 20.577 -0.253 -0.516 -0.791
0.313 0.05 0.03 0.115 -0.21 -0.081 -0.253 6.887 0.271 0.043
1.532 0.16 0.109 0.408 -0.385 -0.009 -0.516 0.271 6.014 0.373
-0.261 0.074 0.028 0.118 -0.72 -0.469 -0.791 0.043 0.373 8.699

 Mean vectors and covariance matrices before rotation --- 2th cluster >>

 mean vector (mu'=Q*mu)>>
7.733 0 0 0 0 0 0 0 0 0

 covariance matrix (Sigma'=Q*Sigma*t(Q))>>

5.103 -0.526 0.014 -0.116 -0.438 0.159 -1.075 -1.206 1.305 0.103
-0.526 8.052 -0.009 -0.038 -0.182 -0.066 -0.228 -0.343 -0.088 -0.029
0.014 -0.009 4.262 -0.002 -0.007 0.003 -0.017 -0.019 0.022 0.002
-0.116 -0.038 -0.002 6.799 -0.05 -0.014 -0.071 -0.1 -0.003 -0.006
-0.438 -0.182 -0.007 -0.05 5.998 -0.048 -0.347 -0.477 0.055 -0.018
0.159 -0.066 0.003 -0.014 -0.048 4.068 -0.136 -0.146 0.195 0.017
-1.075 -0.228 -0.017 -0.071 -0.347 -0.136 8.514 -0.641 -0.221 -0.061
-1.206 -0.343 -0.019 -0.1 -0.477 -0.146 -0.641 6.324 -0.105 -0.061
1.305 -0.088 0.022 -0.003 0.055 0.195 -0.221 -0.105 3.315 0.104
0.103 -0.029 0.002 -0.006 -0.018 0.017 -0.061 -0.061 0.104 3.777

 Mean vectors and covariance matrices before rotation --- 3th cluster >>

 mean vector (mu'=Q*mu)>>
0 13.394 0 0 0 0 0 0 0 0

 covariance matrix (Sigma'=Q*Sigma*t(Q))>>

6.73 0.036 -0.653 -0.368 0.218 -0.214 -0.829 -0.117 -0.411 0.47
0.036 5.372 -0.018 -0.011 0.005 -0.008 -0.023 -0.003 -0.011 0.011
-0.653 -0.018 9.249 -0.245 -0.047 -0.467 -0.361 -0.095 -0.154 -0.35
-0.368 -0.011 -0.245 7.694 -0.018 -0.36 -0.329 -0.079 -0.145 -0.222
0.218 0.005 -0.047 -0.018 4.574 0.019 -0.057 -0.004 -0.03 0.082
-0.214 -0.008 -0.467 -0.36 0.019 6.263 -0.617 -0.132 -0.28 -0.213
-0.829 -0.023 -0.361 -0.329 -0.057 -0.617 8.691 -0.127 -0.21 -0.451
-0.117 -0.003 -0.095 -0.079 -0.004 -0.132 -0.127 7.536 -0.056 -0.075
-0.411 -0.011 -0.154 -0.145 -0.03 -0.28 -0.21 -0.056 9.907 -0.217
0.47 0.011 -0.35 -0.222 0.082 -0.213 -0.451 -0.075 -0.217 5.757

 Mean vectors and covariance matrices before rotation --- 4th cluster >>

 mean vector (mu'=Q*mu)>>
0 4.465 12.628 0 0 0 0 0 0 0

 covariance matrix (Sigma'=Q*Sigma*t(Q))>>

6.323 -0.537 0.929 1.525 -0.057 -0.407 -1.431 -0.323 0.207 -0.511
-0.537 6.941 -0.009 0.276 -0.034 -0.446 -0.815 -0.225 0.014 -0.374
0.929 -0.009 4.733 0.761 -0.014 0.036 -0.357 -0.055 0.119 -0.074
1.525 0.276 0.761 2.782 0.002 0.304 0.001 0.058 0.147 0.119
-0.057 -0.034 -0.014 0.002 9.311 -0.031 -0.047 -0.014 -0.002 -0.024
-0.407 -0.446 0.036 0.304 -0.031 6.766 -0.752 -0.204 0.021 -0.339
-1.431 -0.815 -0.357 0.001 -0.047 -0.752 8.471 -0.336 -0.048 -0.569
-0.323 -0.225 -0.055 0.058 -0.014 -0.204 -0.336 8.233 -0.004 -0.162
0.207 0.014 0.119 0.147 -0.002 0.021 -0.048 -0.004 3.649 -0.003
-0.511 -0.374 -0.074 0.119 -0.024 -0.339 -0.569 -0.162 -0.003 7.841

 Mean vectors and covariance matrices before rotation --- 5th cluster >>

 mean vector (mu'=Q*mu)>>
0 4.465 3.157 12.227 0 0 0 0 0 0

 covariance matrix (Sigma'=Q*Sigma*t(Q))>>

5.631 1.883 -0.855 0 0.895 0.102 0.638 -0.646 -1.864 -0.132
1.883 2.334 0.1 0.526 0.827 0.196 1.083 0.342 0.157 0.114
-0.855 0.1 9.241 -0.193 -0.024 -0.04 -0.197 -0.327 -0.638 -0.083
0 0.526 -0.193 5.75 0.263 0.037 0.22 -0.128 -0.424 -0.023
0.895 0.827 -0.024 0.263 3.241 0.107 0.596 0.115 -0.082 0.046
0.102 0.196 -0.04 0.037 0.107 4.631 0.111 -0.011 -0.091 0.001
0.638 1.083 -0.197 0.22 0.596 0.111 5.066 -0.037 -0.456 0.011
-0.646 0.342 -0.327 -0.128 0.115 -0.011 -0.037 7.409 -0.697 -0.074
-1.864 0.157 -0.638 -0.424 -0.082 -0.091 -0.456 -0.697 8.505 -0.178
-0.132 0.114 -0.083 -0.023 0.046 0.001 0.011 -0.074 -0.178 7.143

 Final eigenvalues for each cluster >> 
 (rows correspond to clusters)
21.074 16.783 11.394 8.96 7.983 6.816 6.321 6.091 5.121 4.653
8.931 8.176 7.254 6.81 6.228 4.294 4.262 4.04 3.767 2.451
9.996 9.514 9.181 7.903 7.566 6.801 5.644 5.371 5.251 4.547
9.594 9.313 8.33 8.113 7.442 7.16 5.373 4.157 3.625 1.945
9.846 9.544 7.721 7.16 6.165 5.715 4.612 4.435 2.751 1.004

 *************************************************

 ********************* rotation ******************

 *************************************************


 The orthogonal matrix Q >>
0.019 0.275 0.242 0.454 0.087 0.248 0.595 0.24 0.251 0.339
0.275 -0.926 0.065 0.123 0.023 0.067 0.161 0.065 0.068 0.091
0.242 0.065 -0.942 0.108 0.021 0.059 0.142 0.057 0.06 0.081
0.454 0.123 0.108 -0.797 0.039 0.111 0.265 0.107 0.112 0.151
0.087 0.023 0.021 0.039 -0.993 0.021 0.051 0.02 0.021 0.029
0.248 0.067 0.059 0.111 0.021 -0.939 0.145 0.059 0.061 0.083
0.595 0.161 0.142 0.265 0.051 0.145 -0.652 0.14 0.146 0.198
0.24 0.065 0.057 0.107 0.02 0.059 0.14 -0.943 0.059 0.08
0.251 0.068 0.06 0.112 0.021 0.061 0.146 0.059 -0.938 0.083
0.339 0.091 0.081 0.151 0.029 0.083 0.198 0.08 0.083 -0.887

 Mean vectors and covariance matrices after rotation --- 1th cluster >>

 mean vector (mu'=Q*mu)>>
-0.146 -0.672 -2.126 -1.856 -1.921 -1.938 -3.514 -1.873 -2.622 -4.603

 covariance matrix (Sigma'=Q*Sigma*t(Q))>>

10.964 0.515 1.396 0.776 0.45 0.868 1.705 0.88 0.914 -5.403
0.515 16.587 0.627 0.345 0.038 0.097 0.827 0.512 0.108 0.448
1.396 0.627 5.11 0.289 0.522 0.1 0.591 0.332 0.552 -0.682
0.776 0.345 0.289 6.977 0.247 0.095 0.343 0.184 0.294 -1.07
0.45 0.038 0.522 0.247 11.455 0.053 0.617 0.374 0.12 -0.903
0.868 0.097 0.1 0.095 0.053 5.548 0.134 -0.003 0.253 -2.039
1.705 0.827 0.591 0.343 0.617 0.134 6.81 0.396 0.673 -1.714
0.88 0.512 0.332 0.184 0.374 -0.003 0.396 6.551 0.368 -0.759
0.914 0.108 0.552 0.294 0.12 0.253 0.673 0.368 9.226 -1.641
-5.403 0.448 -0.682 -1.07 -0.903 -2.039 -1.714 -0.759 -1.641 15.967

 Mean vectors and covariance matrices after rotation --- 2th cluster >>

 mean vector (mu'=Q*mu)>>
0.146 0.672 2.126 1.856 1.921 1.938 3.514 1.873 2.622 4.603

 covariance matrix (Sigma'=Q*Sigma*t(Q))>>

5.949 0.338 -0.476 0.401 0.364 0.533 -0.643 0.236 0.509 -1.566
0.338 6.124 0.012 -0.174 0.141 0.163 0.218 0.179 0.251 0.022
-0.476 0.012 8.017 0.048 -0.054 -0.34 -0.259 0.009 0.021 -0.465
0.401 -0.174 0.048 7.034 0.246 0.059 0.403 0.368 0.503 0.066
0.364 0.141 -0.054 0.246 4.118 0.007 -0.143 0.057 0.116 -0.257
0.533 0.163 -0.34 0.059 0.007 2.884 -0.57 -0.157 -0.123 -0.914
-0.643 0.218 -0.259 0.403 -0.143 -0.57 6.161 -0.118 -0.125 -0.818
0.236 0.179 0.009 0.368 0.057 -0.157 -0.118 4.32 0.105 -0.122
0.509 0.251 0.021 0.503 0.116 -0.123 -0.125 0.105 3.954 -0.152
-1.566 0.022 -0.465 0.066 -0.257 -0.914 -0.818 -0.122 -0.152 7.652

 Mean vectors and covariance matrices after rotation --- 3th cluster >>

 mean vector (mu'=Q*mu)>>
3.683 0.314 -12.4 0.867 0.898 0.906 1.642 0.876 1.225 2.151

 covariance matrix (Sigma'=Q*Sigma*t(Q))>>

6.424 0.115 0.095 -0.247 0.665 -0.674 -0.451 -0.233 0.517 -1.169
0.115 4.559 -0.01 -0.033 0.075 -0.072 -0.059 -0.029 0.061 -0.13
0.095 -0.01 5.426 -0.005 0.264 -0.047 0.03 0.129 0.07 -0.032
-0.247 -0.033 -0.005 7.492 0.061 -0.133 -0.125 -0.01 -0.083 -0.241
0.665 0.075 0.264 0.061 6.71 -0.11 0.045 -0.137 0.116 -0.142
-0.674 -0.072 -0.047 -0.133 -0.11 9.796 -0.249 -0.095 -0.268 -0.403
-0.451 -0.059 0.03 -0.125 0.045 -0.249 7.681 -0.046 -0.184 -0.45
-0.233 -0.029 0.129 -0.01 -0.137 -0.095 -0.046 9.466 -0.175 -0.154
0.517 0.061 0.07 -0.083 0.116 -0.268 -0.184 -0.175 5.822 -0.477
-1.169 -0.13 -0.032 -0.241 -0.142 -0.403 -0.45 -0.154 -0.477 8.398

 Mean vectors and covariance matrices after rotation --- 4th cluster >>

 mean vector (mu'=Q*mu)>>
4.287 0.366 -3.308 1.01 1.045 1.054 1.912 -11.609 1.426 2.504

 covariance matrix (Sigma'=Q*Sigma*t(Q))>>

5.638 -0.291 0.204 -0.348 0.221 0.329 0.675 -0.017 -0.329 -1.09
-0.291 9.277 -0.018 -0.057 -0.02 -0.034 -0.149 -0.136 -0.066 -0.12
0.204 -0.018 7.391 -0.013 -0.051 0.274 0.46 -0.044 -0.017 -0.182
-0.348 -0.057 -0.013 8.26 -0.023 0.058 -0.082 -0.245 -0.074 -0.175
0.221 -0.02 -0.051 -0.023 7.113 0.246 0.451 -0.005 -0.03 -0.205
0.329 -0.034 0.274 0.058 0.246 3.75 0.068 -0.045 0.138 0.206
0.675 -0.149 0.46 -0.082 0.451 0.068 2.16 0.209 0.018 -0.165
-0.017 -0.136 -0.044 -0.245 -0.005 -0.045 0.209 4.322 -0.291 -0.733
-0.329 -0.066 -0.017 -0.074 -0.03 0.138 0.018 -0.291 8.038 -0.217
-1.09 -0.12 -0.182 -0.175 -0.205 0.206 -0.165 -0.733 -0.217 9.103

 Mean vectors and covariance matrices after rotation --- 5th cluster >>

 mean vector (mu'=Q*mu)>>
7.549 0.644 -2.428 1.778 1.84 1.857 -8.86 -1.362 2.512 4.41

 covariance matrix (Sigma'=Q*Sigma*t(Q))>>

6.058 -0.507 -0.168 -0.026 0.271 0.284 0.077 -0.271 -0.275 0.338
-0.507 2.999 0.264 -0.17 -0.23 -0.253 -0.372 -0.316 -0.445 -0.27
-0.168 0.264 1.196 0 -0.287 0.203 -0.419 -0.257 -0.646 -0.264
-0.026 -0.17 0 7.678 0.155 -0.063 0.122 -0.066 0.065 0.195
0.271 -0.23 -0.287 0.155 4.688 0.448 0.084 0.118 -0.013 0.075
0.284 -0.253 0.203 -0.063 0.448 9.536 0.506 -0.009 0.467 0.663
0.077 -0.372 -0.419 0.122 0.084 0.506 5.733 0.041 -0.125 0.02
-0.271 -0.316 -0.257 -0.066 0.118 -0.009 0.041 9.494 0.044 0.013
-0.275 -0.445 -0.646 0.065 -0.013 0.467 -0.125 0.044 7.001 -0.256
0.338 -0.27 -0.264 0.195 0.075 0.663 0.02 0.013 -0.256 4.569

 Final eigenvalues for each cluster >> 
 (rows correspond to clusters)
21.074 16.783 11.394 8.96 7.983 6.816 6.321 6.091 5.121 4.653
8.931 8.176 7.254 6.81 6.228 4.294 4.262 4.04 3.767 2.451
9.996 9.514 9.181 7.903 7.566 6.801 5.644 5.371 5.251 4.547
9.594 9.313 8.33 8.113 7.442 7.16 5.373 4.157 3.625 1.945
9.846 9.544 7.721 7.16 6.165 5.715 4.612 4.435 2.751 1.004

 theoretical Separation index matrix >>

-1 0.236 0.252 0.235 0.21
0.236 -1 0.21 0.297 0.241
0.252 0.21 -1 0.21 0.296
0.235 0.297 0.21 -1 0.307
0.21 0.241 0.296 0.307 -1

 theoretical projection directions >>

**** cluster 1 and 2
0.07 -0.016 0.238 0.139 0.183 0.535 0.463 0.248 0.302 0.482

**** cluster 1 and 3
0.287 0.023 -0.761 0.156 0.127 0.188 0.291 0.139 0.216 0.333

**** cluster 1 and 4
0.268 0.023 -0.129 0.141 0.11 0.243 0.482 -0.677 0.178 0.312

**** cluster 1 and 5
0.547 0.076 -0.087 0.214 0.208 0.214 -0.414 0.027 0.309 0.534

**** cluster 2 and 3
0.189 -0.03 -0.934 -0.051 -0.081 -0.119 -0.137 -0.057 -0.146 -0.154

**** cluster 2 and 4
0.21 -0.007 -0.207 -0.019 -0.051 -0.153 -0.118 -0.924 -0.078 -0.111

**** cluster 2 and 5
0.396 -0.002 -0.438 0.022 -0.052 -0.029 -0.781 -0.176 -0.057 -0.055

**** cluster 3 and 4
0.009 -0.006 0.597 -0.006 -0.007 -0.011 0.005 -0.801 -0.018 -0.018

**** cluster 3 and 5
0.16 -0.016 0.898 0.033 0.047 0.018 -0.37 -0.044 0.097 0.122

**** cluster 4 and 5
0.228 0.013 0.081 0.041 0.065 0.042 -0.844 0.455 0.057 0.103

 empirical Separation index matrix (alpha= 0.05 )>>

-1 0.293 0.228 0.155 0.317
0.293 -1 0.206 0.197 0.159
0.228 0.206 -1 0.271 0.244
0.155 0.197 0.271 -1 0.307
0.317 0.159 0.244 0.307 -1

 empirical projection directions >>

**** cluster 1 and 2
-0.355 -0.133 0.817 -0.04 -0.056 -0.178 -0.188 -0.148 -0.136 -0.277

**** cluster 1 and 3
-0.285 -0.054 0.946 0.025 0.092 -0.031 0.078 0.035 0.02 -0.048

**** cluster 1 and 4
-0.046 -0.103 0.704 -0.026 0.038 -0.171 -0.01 -0.663 -0.144 0.001

**** cluster 1 and 5
0.117 -0.139 0.914 0.012 0.147 -0.062 -0.323 0.032 -0.004 -0.025

**** cluster 2 and 3
0.06 0.121 0.158 0.146 0.09 0.658 0.448 0.244 0.199 0.441

**** cluster 2 and 4
0.54 0.107 -0.277 0.047 0.213 0.127 0.277 -0.635 0.047 0.271

**** cluster 2 and 5
0.581 0.204 -0.152 0.188 0.28 0.294 -0.375 0.033 0.058 0.502

**** cluster 3 and 4
0.417 -0.042 -0.3 0.059 0.086 -0.183 -0.13 -0.819 -0.05 -0.003

**** cluster 3 and 5
0.283 -0.061 -0.421 0.085 -0.137 0.072 -0.816 -0.198 -0.037 0.028

**** cluster 4 and 5
0.112 0.084 0.105 0.062 0.065 0.137 -0.865 0.421 0.128 0.017
