
 Log information for the data set datasetJLG3v10nv1out0_3.dat >>

 alpha = 0.05 sepVal = 0.01

 Number of clusters >> 3

 cluster sizes >>
50 50 50

 Number of data points >> 150

 Number of dimensions >> 11

 Number of noisy dimensions >> 1

 noisy variables >>
4

 Number of outliers >> 0

 initial eigenvalues for each cluster >> 
 (rows correspond to clusters)
3.3 4.045 3.537 2.308 7.643 8.32 8.148 8.187 1.761 9.973
7.153 9.758 4.969 7.405 7.769 2.003 5.519 5.155 8.023 2.87
5.155 4.892 6.058 2.184 9.047 9.363 2.194 3.966 2.794 3.864

 Mean vectors and covariance matrices before rotation --- 1th cluster >>

 mean vector (mu'=Q*mu)>>
-5.24 0 0 0 0 0 0 0 0 0 1.208

 covariance matrix (Sigma'=Q*Sigma*t(Q))>>

8.355 0.417 0.925 1.028 -1.236 -1.993 -1.355 -1.342 0.388 -1.897 0
0.417 6.713 0.092 0.246 -0.547 -0.851 -0.583 -0.577 0.102 -0.769 0
0.925 0.092 6.21 0.37 -0.535 -0.851 -0.581 -0.575 0.143 -0.796 0
1.028 0.246 0.37 4.167 -0.171 -0.299 -0.2 -0.199 0.107 -0.316 0
-1.236 -0.547 -0.535 -0.171 12.262 -0.778 -0.543 -0.534 -0.038 -0.619 0
-1.993 -0.851 -0.851 -0.299 -0.778 12.822 -0.778 -0.766 -0.073 -0.874 0
-1.355 -0.583 -0.581 -0.2 -0.543 -0.778 13.103 -0.535 -0.048 -0.613 0
-1.342 -0.577 -0.575 -0.199 -0.534 -0.766 -0.535 13.185 -0.048 -0.603 0
0.388 0.102 0.143 0.107 -0.038 -0.073 -0.048 -0.048 2.986 -0.084 0
-1.897 -0.769 -0.796 -0.316 -0.619 -0.874 -0.613 -0.603 -0.084 16.034 0
0 0 0 0 0 0 0 0 0 0 22.565

 Mean vectors and covariance matrices before rotation --- 2th cluster >>

 mean vector (mu'=Q*mu)>>
5.24 0 0 0 0 0 0 0 0 0 1.208

 covariance matrix (Sigma'=Q*Sigma*t(Q))>>

5.918 -0.771 0.439 -0.571 -0.215 1.134 0.125 0.327 -0.187 1.35 0
-0.771 9.551 -0.064 -0.295 -0.092 0.069 -0.044 -0.063 -0.072 0.05 0
0.439 -0.064 5.229 0.127 0.024 0.385 0.106 0.213 0.011 0.497 0
-0.571 -0.295 0.127 7.154 -0.09 0.381 0.03 0.091 -0.076 0.446 0
-0.215 -0.092 0.024 -0.09 7.738 0.098 0.003 0.015 -0.026 0.112 0
1.134 0.069 0.385 0.381 0.098 2.453 0.171 0.323 0.068 0.61 0
0.125 -0.044 0.106 0.03 0.003 0.171 5.561 0.086 -0.001 0.217 0
0.327 -0.063 0.213 0.091 0.015 0.323 0.086 5.328 0.006 0.415 0
-0.187 -0.072 0.011 -0.076 -0.026 0.068 -0.001 0.006 8.002 0.075 0
1.35 0.05 0.497 0.446 0.112 0.61 0.217 0.415 0.075 3.687 0
0 0 0 0 0 0 0 0 0 0 22.565

 Mean vectors and covariance matrices before rotation --- 3th cluster >>

 mean vector (mu'=Q*mu)>>
0 9.076 0 0 0 0 0 0 0 0 1.208

 covariance matrix (Sigma'=Q*Sigma*t(Q))>>

5.593 0.255 -0.256 1.02 -1.025 -1.444 0.657 0.548 0.163 0.525 0
0.255 5.015 -0.044 0.379 -0.326 -0.463 0.244 0.22 0.061 0.209 0
-0.256 -0.044 5.76 0.318 -0.551 -0.763 0.205 0.099 0.047 0.103 0
1.02 0.379 0.318 2.694 -0.042 -0.086 0.329 0.42 0.09 0.386 0
-1.025 -0.326 -0.551 -0.042 8.497 -0.742 -0.028 -0.206 -0.017 -0.177 0
-1.444 -0.463 -0.763 -0.086 -0.742 8.365 -0.056 -0.302 -0.029 -0.262 0
0.657 0.244 0.205 0.329 -0.028 -0.056 2.407 0.271 0.058 0.249 0
0.548 0.22 0.099 0.42 -0.206 -0.302 0.271 4.258 0.071 0.273 0
0.163 0.061 0.047 0.09 -0.017 -0.029 0.058 0.071 2.809 0.065 0
0.525 0.209 0.103 0.386 -0.177 -0.262 0.249 0.273 0.065 4.118 0
0 0 0 0 0 0 0 0 0 0 22.565

 Final eigenvalues for each cluster >> 
 (rows correspond to clusters)
22.565 16.703 13.935 13.711 13.647 12.801 6.775 5.924 5.527 3.865 2.949
22.565 9.758 8.023 7.769 7.405 7.153 5.519 5.155 4.969 2.87 2.003
22.565 9.363 9.047 6.058 5.155 4.892 3.966 3.864 2.794 2.194 2.184

 *************************************************

 ********************* rotation ******************

 *************************************************


 The orthogonal matrix Q >>
0.464 0.016 0.294 0.079 0.163 0.416 0.112 0.417 0.551 0.05
0.016 -1 0.003 0.001 0.002 0.004 0.001 0.004 0.006 0.001
0.294 0.003 -0.941 0.016 0.033 0.084 0.022 0.084 0.111 0.01
0.079 0.001 0.016 -0.996 0.009 0.022 0.006 0.022 0.03 0.003
0.163 0.002 0.033 0.009 -0.982 0.046 0.012 0.046 0.061 0.006
0.416 0.004 0.084 0.022 0.046 -0.881 0.032 0.119 0.157 0.014
0.112 0.001 0.022 0.006 0.012 0.032 -0.991 0.032 0.042 0.004
0.417 0.004 0.084 0.022 0.046 0.119 0.032 -0.881 0.157 0.014
0.551 0.006 0.111 0.03 0.061 0.157 0.042 0.157 -0.793 0.019
0.05 0.001 0.01 0.003 0.006 0.014 0.004 0.014 0.019 -0.998

 Mean vectors and covariance matrices after rotation --- 1th cluster >>

 mean vector (mu'=Q*mu)>>
-0.262 -2.184 -2.182 1.208 -1.542 -0.586 -2.886 -0.082 -0.852 -0.413 -2.43

 covariance matrix (Sigma'=Q*Sigma*t(Q))>>

16.267 0.367 0.139 0 -0.129 -0.279 1.249 -0.73 -0.181 -0.174 1.471
0.367 13.165 -0.418 0 -0.736 0.075 0.359 -0.556 -0.043 -0.544 -1.721
0.139 -0.418 13.538 0 -0.753 -0.07 0.82 -0.816 -0.143 -0.575 -1.077
0 0 0 22.565 0 0 0 0 0 0 0
-0.129 -0.736 -0.753 0 5.992 -0.19 0.235 0.101 -0.246 0.098 0.141
-0.279 0.075 -0.07 0 -0.19 13.432 0.875 -0.555 -0.171 -0.176 0.704
1.249 0.359 0.82 0 0.235 0.875 4.096 0.145 0.78 -0.267 1.41
-0.73 -0.556 -0.816 0 0.101 -0.555 0.145 6.714 -0.52 0.237 0.478
-0.181 -0.043 -0.143 0 -0.246 -0.171 0.78 -0.52 12.648 -0.211 0.369
-0.174 -0.544 -0.575 0 0.098 -0.176 -0.267 0.237 -0.211 4.037 -0.243
1.471 -1.721 -1.077 0 0.141 0.704 1.41 0.478 0.369 -0.243 5.947

 Mean vectors and covariance matrices after rotation --- 2th cluster >>

 mean vector (mu'=Q*mu)>>
0.262 2.184 2.182 1.208 1.542 0.586 2.886 0.082 0.852 0.413 2.43

 covariance matrix (Sigma'=Q*Sigma*t(Q))>>

3.515 -0.308 -0.117 0 -0.027 0.017 -0.89 0.063 -0.165 0.331 -1.154
-0.308 5.236 0.195 0 0.031 0.014 -0.195 0.271 0.027 0.253 0.297
-0.117 0.195 2.289 0 0.177 0.089 -0.181 0.401 0.095 0.536 0.977
0 0 0 22.565 0 0 0 0 0 0 0
-0.027 0.031 0.177 0 5.018 0.024 -0.285 0.168 -0.014 0.219 0.006
0.017 0.014 0.089 0 0.024 5.529 -0.118 0.044 -0.013 0.065 -0.05
-0.89 -0.195 -0.181 0 -0.285 -0.118 7.633 0.367 -0.042 0.123 -0.503
0.063 0.271 0.401 0 0.168 0.044 0.367 9.576 0.04 -0.225 0.414
-0.165 0.027 0.095 0 -0.014 -0.013 -0.042 0.04 7.761 -0.018 -0.061
0.331 0.253 0.536 0 0.219 0.065 0.123 -0.225 -0.018 7.219 0.053
-1.154 0.297 0.977 0 0.006 -0.05 -0.503 0.414 -0.061 0.053 6.848

 Mean vectors and covariance matrices after rotation --- 3th cluster >>

 mean vector (mu'=Q*mu)>>
0.005 0.04 0.04 1.208 0.028 0.011 0.053 -9.074 0.016 0.008 0.142

 covariance matrix (Sigma'=Q*Sigma*t(Q))>>

4.062 0.019 -0.457 0 -0.049 0.155 -0.216 0.19 -0.218 0.285 -0.326
0.019 3.972 -0.101 0 0.119 -0.023 0.136 0.127 0.168 -0.078 -0.127
-0.457 -0.101 9.054 0 -0.399 -0.218 0.682 -0.538 -0.177 -0.491 -0.404
0 0 0 22.565 0 0 0 0 0 0 0
-0.049 0.119 -0.399 0 5.93 0.057 0.386 -0.101 -0.2 0.009 0.047
0.155 -0.023 -0.218 0 0.057 2.269 -0.211 0.211 -0.012 0.154 -0.286
-0.216 0.136 0.682 0 0.386 -0.211 3.482 -0.045 0.65 -0.484 0.831
0.19 0.127 -0.538 0 -0.101 0.211 -0.045 5.009 -0.344 0.344 -0.06
-0.218 0.168 -0.177 0 -0.2 -0.012 0.65 -0.344 8.832 -0.144 0.419
0.285 -0.078 -0.491 0 0.009 0.154 -0.484 0.344 -0.144 2.516 -0.666
-0.326 -0.127 -0.404 0 0.047 -0.286 0.831 -0.06 0.419 -0.666 4.39

 Final eigenvalues for each cluster >> 
 (rows correspond to clusters)
22.565 16.703 13.935 13.711 13.647 12.801 6.775 5.924 5.527 3.865 2.949
22.565 9.758 8.023 7.769 7.405 7.153 5.519 5.155 4.969 2.87 2.003
22.565 9.363 9.047 6.058 5.155 4.892 3.966 3.864 2.794 2.194 2.184

 theoretical Separation index matrix >>

-1 0.01 0.051
0.01 -1 0.01
0.051 0.01 -1

 theoretical projection directions >>

**** cluster 1 and 2
0.026 0.363 0.365 0 0.4 0.046 0.565 -0.02 0.09 0.104 0.483

**** cluster 1 and 3
-0.04 0.16 0.073 0 0.127 0.008 0.336 -0.832 -0.017 0.251 0.288

**** cluster 2 and 3
-0.121 -0.262 -0.227 0 -0.168 -0.094 -0.306 -0.818 -0.066 -0.059 -0.239

 empirical Separation index matrix (alpha= 0.05 )>>

-1 0.02 0.085
0.02 -1 0.054
0.085 0.054 -1

 empirical projection directions >>

**** cluster 1 and 2
0.095 0.152 0.277 0.037 0.389 0.305 0.229 0.732 0.193 0.007 0.144

**** cluster 1 and 3
0.098 -0.149 -0.175 -0.016 0.017 0.046 -0.313 0.686 0.041 -0.388 -0.462

**** cluster 2 and 3
0.105 -0.225 -0.496 -0.084 -0.426 0.037 -0.471 0.141 -0.132 -0.032 -0.492
