
 Log information for the data set datasetJHG2v10nv3out0_2.dat >>

 alpha = 0.05 sepVal = 0.34

 Number of clusters >> 2

 cluster sizes >>
50 50

 Number of data points >> 100

 Number of dimensions >> 13

 Number of noisy dimensions >> 3

 noisy variables >>
1 7 9

 Number of outliers >> 0

 initial eigenvalues for each cluster >> 
 (rows correspond to clusters)
2.695 8.84 4.726 9.981 9.26 3.334 3.376 5.5 9.594 1.363
2.388 9.426 8.764 6.876 9.553 3.412 2.355 2.436 6.402 4.578

 Mean vectors and covariance matrices before rotation --- 1th cluster >>

 mean vector (mu'=Q*mu)>>
-8.027 0 0 0 0 0 0 0 0 0 0 0 0

 covariance matrix (Sigma'=Q*Sigma*t(Q))>>

4.657 -0.704 -0.166 -1.982 -0.728 0.085 0.35 -0.525 -0.627 1.505 0 0 0
-0.704 8.624 -0.357 -0.538 -0.213 -0.057 -0.247 -0.426 -0.177 -0.21 0 0 0
-0.166 -0.357 4.369 -0.943 -0.36 -0.031 -0.138 -0.502 -0.304 0.166 0 0 0
-1.982 -0.538 -0.943 8.655 -0.527 -0.158 -0.678 -1.107 -0.437 -0.64 0 0 0
-0.728 -0.213 -0.36 -0.527 9.051 -0.059 -0.253 -0.426 -0.173 -0.225 0 0 0
0.085 -0.057 -0.031 -0.158 -0.059 3.336 0.008 -0.058 -0.05 0.084 0 0 0
0.35 -0.247 -0.138 -0.678 -0.253 0.008 3.407 -0.253 -0.216 0.354 0 0 0
-0.525 -0.426 -0.502 -1.107 -0.426 -0.058 -0.253 4.835 -0.359 0.031 0 0 0
-0.627 -0.177 -0.304 -0.437 -0.173 -0.05 -0.216 -0.359 9.45 -0.198 0 0 0
1.505 -0.21 0.166 -0.64 -0.225 0.084 0.354 0.031 -0.198 2.285 0 0 0
0 0 0 0 0 0 0 0 0 0 40.24 -22.206 7.638
0 0 0 0 0 0 0 0 0 0 -22.206 33.776 -8.251
0 0 0 0 0 0 0 0 0 0 7.638 -8.251 18.708

 Mean vectors and covariance matrices before rotation --- 2th cluster >>

 mean vector (mu'=Q*mu)>>
8.027 0 0 0 0 0 0 0 0 0 0 0 0

 covariance matrix (Sigma'=Q*Sigma*t(Q))>>

5.443 -1.519 -0.254 -0.371 -2.694 0.379 0.603 0.726 -0.162 -0.021 0 0 0
-1.519 8.656 -0.141 -0.305 -1.346 -0.447 -0.293 -0.373 -0.158 -0.297 0 0 0
-0.254 -0.141 8.738 -0.055 -0.246 -0.077 -0.049 -0.063 -0.028 -0.052 0 0 0
-0.371 -0.305 -0.055 6.764 -0.535 -0.129 -0.071 -0.092 -0.057 -0.096 0 0 0
-2.694 -1.346 -0.246 -0.535 7.202 -0.789 -0.52 -0.662 -0.277 -0.522 0 0 0
0.379 -0.447 -0.077 -0.129 -0.789 3.415 0.076 0.088 -0.06 -0.055 0 0 0
0.603 -0.293 -0.049 -0.071 -0.52 0.076 2.474 0.143 -0.031 -0.003 0 0 0
0.726 -0.373 -0.063 -0.092 -0.662 0.088 0.143 2.609 -0.04 -0.007 0 0 0
-0.162 -0.158 -0.028 -0.057 -0.277 -0.06 -0.031 -0.04 6.374 -0.047 0 0 0
-0.021 -0.297 -0.052 -0.096 -0.522 -0.055 -0.003 -0.007 -0.047 4.517 0 0 0
0 0 0 0 0 0 0 0 0 0 40.24 -22.206 7.638
0 0 0 0 0 0 0 0 0 0 -22.206 33.776 -8.251
0 0 0 0 0 0 0 0 0 0 7.638 -8.251 18.708

 Final eigenvalues for each cluster >> 
 (rows correspond to clusters)
62.315 16.569 13.842 9.981 9.594 9.26 8.84 5.501 4.726 3.376 3.334 2.695 1.363
62.315 16.569 13.842 9.553 9.426 8.764 6.876 6.402 4.578 3.412 2.436 2.388 2.355

 *************************************************

 ********************* rotation ******************

 *************************************************


 The orthogonal matrix Q >>
0.521 0.1 0.048 0.251 0.386 0.303 0.241 0.164 0.211 0.532
0.1 -0.993 0.003 0.017 0.025 0.02 0.016 0.011 0.014 0.035
0.048 0.003 -0.998 0.008 0.012 0.01 0.008 0.005 0.007 0.017
0.251 0.017 0.008 -0.959 0.064 0.05 0.04 0.027 0.035 0.088
0.386 0.025 0.012 0.064 -0.902 0.077 0.061 0.042 0.054 0.135
0.303 0.02 0.01 0.05 0.077 -0.94 0.048 0.033 0.042 0.106
0.241 0.016 0.008 0.04 0.061 0.048 -0.962 0.026 0.033 0.084
0.164 0.011 0.005 0.027 0.042 0.033 0.026 -0.982 0.023 0.057
0.211 0.014 0.007 0.035 0.054 0.042 0.033 0.023 -0.971 0.074
0.532 0.035 0.017 0.088 0.135 0.106 0.084 0.057 0.074 -0.814

 Mean vectors and covariance matrices after rotation --- 1th cluster >>

 mean vector (mu'=Q*mu)>>
0 -0.388 -2.016 -1.934 -4.18 -3.101 0 -1.691 0 -2.434 -4.27 -0.805 -1.314

 covariance matrix (Sigma'=Q*Sigma*t(Q))>>

40.24 0 0 0 0 0 7.638 0 -22.206 0 0 0 0
0 4.418 -0.721 -0.021 0.583 -0.174 0 -0.189 0 0.127 0.4 -0.27 -0.377
0 -0.721 9.662 -0.215 1.001 0.205 0 0.036 0 0.484 0.255 -0.144 -0.555
0 -0.021 -0.215 3.368 0.166 -0.324 0 -0.184 0 0.016 0.148 -0.071 -0.052
0 0.583 1.001 0.166 3.882 -1.082 0 -0.372 0 0.211 0.335 0.436 0.791
0 -0.174 0.205 -0.324 -1.082 8.921 0 -0.13 0 -0.058 -0.577 0.067 -0.109
7.638 0 0 0 0 0 18.708 0 -8.251 0 0 0 0
0 -0.189 0.036 -0.184 -0.372 -0.13 0 9.536 0 0.039 -0.233 0.005 -0.138
-22.206 0 0 0 0 0 -8.251 0 33.776 0 0 0 0
0 0.127 0.484 0.016 0.211 -0.058 0 0.039 0 3.418 -0.051 0.188 0.235
0 0.4 0.255 0.148 0.335 -0.577 0 -0.233 0 -0.051 1.562 0.13 0.394
0 -0.27 -0.144 -0.071 0.436 0.067 0 0.005 0 0.188 0.13 8.778 -0.211
0 -0.377 -0.555 -0.052 0.791 -0.109 0 -0.138 0 0.235 0.394 -0.211 5.127

 Mean vectors and covariance matrices after rotation --- 2th cluster >>

 mean vector (mu'=Q*mu)>>
0 0.388 2.016 1.934 4.18 3.101 0 1.691 0 2.434 4.27 0.805 1.314

 covariance matrix (Sigma'=Q*Sigma*t(Q))>>

40.24 0 0 0 0 0 7.638 0 -22.206 0 0 0 0
0 8.761 0.013 -0.002 0.07 -0.028 0 0.02 0 -0.004 0.077 -0.024 -0.043
0 0.013 6.848 -0.084 -0.306 0.185 0 -0.029 0 -0.076 0.005 0.192 -0.163
0 -0.002 -0.084 2.371 0.094 0.026 0 -0.084 0 0.013 -0.106 0.146 0.013
0 0.07 -0.306 0.094 3.128 0.98 0 -0.37 0 0.158 -0.357 1.314 0.003
0 -0.028 0.185 0.026 0.98 9.218 0 0.261 0 0.005 0.883 -0.345 -0.386
7.638 0 0 0 0 0 18.708 0 -8.251 0 0 0 0
0 0.02 -0.029 -0.084 -0.37 0.261 0 6.361 0 -0.069 -0.054 0.242 -0.128
-22.206 0 0 0 0 0 -8.251 0 33.776 0 0 0 0
0 -0.004 -0.076 0.013 0.158 0.005 0 -0.069 0 3.419 -0.037 0.134 -0.03
0 0.077 0.005 -0.106 -0.357 0.883 0 -0.054 0 -0.037 4.565 0.725 -0.209
0 -0.024 0.192 0.146 1.314 -0.345 0 0.242 0 0.134 0.725 9.039 -0.099
0 -0.043 -0.163 0.013 0.003 -0.386 0 -0.128 0 -0.03 -0.209 -0.099 2.48

 Final eigenvalues for each cluster >> 
 (rows correspond to clusters)
62.315 16.569 13.842 9.981 9.594 9.26 8.84 5.501 4.726 3.376 3.334 2.695 1.363
62.315 16.569 13.842 9.553 9.426 8.764 6.876 6.402 4.578 3.412 2.436 2.388 2.355

 theoretical Separation index matrix >>

-1 0.34
0.34 -1

 theoretical projection directions >>

**** cluster 1 and 2
0 -0.017 0.075 0.303 0.542 0.164 0 0.143 0 0.309 0.674 -0.046 0.095

 empirical Separation index matrix (alpha= 0.05 )>>

-1 0.272
0.272 -1

 empirical projection directions >>

**** cluster 1 and 2
0.044 -0.112 0.185 0.318 0.624 0.139 -0.049 0.16 -0.012 0.205 0.587 -0.045 0.153
