
 Log information for the data set datasetJHG3v5nv10out0_1.dat >>

 alpha = 0.05 sepVal = 0.34

 Number of clusters >> 3

 cluster sizes >>
50 50 50

 Number of data points >> 150

 Number of dimensions >> 15

 Number of noisy dimensions >> 10

 noisy variables >>
1 2 4 5 7 8 9 13 14 15

 Number of outliers >> 0

 initial eigenvalues for each cluster >> 
 (rows correspond to clusters)
6.175 5.339 9.891 7.95 5.741
9.824 1.316 8.033 2.501 4.641
7.019 3.592 7.873 9.103 8.971

 Mean vectors and covariance matrices before rotation --- 1th cluster >>

 mean vector (mu'=Q*mu)>>
-10.485 0 0 0 0 0.237 0.1 4.011 4.377 5.669 4.113 1.176 4.98 1.282 0.792

 covariance matrix (Sigma'=Q*Sigma*t(Q))>>

7.197 0.916 -1.821 -0.018 0.092 0 0 0 0 0 0 0 0 0 0
0.916 5.908 -0.528 -0.002 0.065 0 0 0 0 0 0 0 0 0 0
-1.821 -0.528 8.294 -0.031 -0.086 0 0 0 0 0 0 0 0 0 0
-0.018 -0.002 -0.031 7.949 -0.001 0 0 0 0 0 0 0 0 0 0
0.092 0.065 -0.086 -0.001 5.748 0 0 0 0 0 0 0 0 0 0
0 0 0 0 0 33.678 8.098 3.076 0.419 -3.94 -2.575 0.611 -0.647 -0.908 -0.224
0 0 0 0 0 8.098 22.431 2.217 0.415 -0.508 2.583 1.106 3.269 0.169 0.194
0 0 0 0 0 3.076 2.217 19.96 0.166 -0.247 0.968 0.436 1.258 0.054 0.072
0 0 0 0 0 0.419 0.415 0.166 25.466 -0.076 0.122 0.072 0.185 -0.001 0.009
0 0 0 0 0 -3.94 -0.508 -0.247 -0.076 71.68 -1.45 -0.298 -1.342 -0.234 -0.115
0 0 0 0 0 -2.575 2.583 0.968 0.122 -1.45 39.032 0.132 -0.54 -0.36 -0.103
0 0 0 0 0 0.611 1.106 0.436 0.072 -0.298 0.132 30.91 0.327 -0.037 0.008
0 0 0 0 0 -0.647 3.269 1.258 0.185 -1.342 -0.54 0.327 36.581 -0.276 -0.051
0 0 0 0 0 -0.908 0.169 0.054 -0.001 -0.234 -0.36 -0.037 -0.276 48.555 -0.029
0 0 0 0 0 -0.224 0.194 0.072 0.009 -0.115 -0.103 0.008 -0.051 -0.029 40.822

 Mean vectors and covariance matrices before rotation --- 2th cluster >>

 mean vector (mu'=Q*mu)>>
10.485 0 0 0 0 0.237 0.1 4.011 4.377 5.669 4.113 1.176 4.98 1.282 0.792

 covariance matrix (Sigma'=Q*Sigma*t(Q))>>

7.493 0.316 0.184 0.786 2.051 0 0 0 0 0 0 0 0 0 0
0.316 1.336 0.145 0.055 0.192 0 0 0 0 0 0 0 0 0 0
0.184 0.145 8.478 0.375 1.11 0 0 0 0 0 0 0 0 0 0
0.786 0.055 0.375 2.651 0.517 0 0 0 0 0 0 0 0 0 0
2.051 0.192 1.11 0.517 6.357 0 0 0 0 0 0 0 0 0 0
0 0 0 0 0 33.678 8.098 3.076 0.419 -3.94 -2.575 0.611 -0.647 -0.908 -0.224
0 0 0 0 0 8.098 22.431 2.217 0.415 -0.508 2.583 1.106 3.269 0.169 0.194
0 0 0 0 0 3.076 2.217 19.96 0.166 -0.247 0.968 0.436 1.258 0.054 0.072
0 0 0 0 0 0.419 0.415 0.166 25.466 -0.076 0.122 0.072 0.185 -0.001 0.009
0 0 0 0 0 -3.94 -0.508 -0.247 -0.076 71.68 -1.45 -0.298 -1.342 -0.234 -0.115
0 0 0 0 0 -2.575 2.583 0.968 0.122 -1.45 39.032 0.132 -0.54 -0.36 -0.103
0 0 0 0 0 0.611 1.106 0.436 0.072 -0.298 0.132 30.91 0.327 -0.037 0.008
0 0 0 0 0 -0.647 3.269 1.258 0.185 -1.342 -0.54 0.327 36.581 -0.276 -0.051
0 0 0 0 0 -0.908 0.169 0.054 -0.001 -0.234 -0.36 -0.037 -0.276 48.555 -0.029
0 0 0 0 0 -0.224 0.194 0.072 0.009 -0.115 -0.103 0.008 -0.051 -0.029 40.822

 Mean vectors and covariance matrices before rotation --- 3th cluster >>

 mean vector (mu'=Q*mu)>>
0 18.16 0 0 0 0.237 0.1 4.011 4.377 5.669 4.113 1.176 4.98 1.282 0.792

 covariance matrix (Sigma'=Q*Sigma*t(Q))>>

9.071 1.909 -0.14 -1.332 -0.644 0 0 0 0 0 0 0 0 0 0
1.909 5.335 0.242 0.377 0.213 0 0 0 0 0 0 0 0 0 0
-0.14 0.242 9.374 -0.326 -0.162 0 0 0 0 0 0 0 0 0 0
-1.332 0.377 -0.326 9.619 -0.654 0 0 0 0 0 0 0 0 0 0
-0.644 0.213 -0.162 -0.654 10.424 0 0 0 0 0 0 0 0 0 0
0 0 0 0 0 33.678 8.098 3.076 0.419 -3.94 -2.575 0.611 -0.647 -0.908 -0.224
0 0 0 0 0 8.098 22.431 2.217 0.415 -0.508 2.583 1.106 3.269 0.169 0.194
0 0 0 0 0 3.076 2.217 19.96 0.166 -0.247 0.968 0.436 1.258 0.054 0.072
0 0 0 0 0 0.419 0.415 0.166 25.466 -0.076 0.122 0.072 0.185 -0.001 0.009
0 0 0 0 0 -3.94 -0.508 -0.247 -0.076 71.68 -1.45 -0.298 -1.342 -0.234 -0.115
0 0 0 0 0 -2.575 2.583 0.968 0.122 -1.45 39.032 0.132 -0.54 -0.36 -0.103
0 0 0 0 0 0.611 1.106 0.436 0.072 -0.298 0.132 30.91 0.327 -0.037 0.008
0 0 0 0 0 -0.647 3.269 1.258 0.185 -1.342 -0.54 0.327 36.581 -0.276 -0.051
0 0 0 0 0 -0.908 0.169 0.054 -0.001 -0.234 -0.36 -0.037 -0.276 48.555 -0.029
0 0 0 0 0 -0.224 0.194 0.072 0.009 -0.115 -0.103 0.008 -0.051 -0.029 40.822

 Final eigenvalues for each cluster >> 
 (rows correspond to clusters)
72.234 48.629 40.831 40.242 38.542 36.413 30.749 25.437 19.062 16.977 9.891 7.95 6.175 5.741 5.339
72.234 48.629 40.831 40.242 38.542 36.413 30.749 25.437 19.062 16.977 9.824 8.033 4.641 2.501 1.316
72.234 48.629 40.831 40.242 38.542 36.413 30.749 25.437 19.062 16.977 10.912 10.754 9.437 8.414 4.306

 *************************************************

 ********************* rotation ******************

 *************************************************


 The orthogonal matrix Q >>
0.721 0.146 0.001 0.672 0.089
0.146 -0.988 0 0.057 0.008
0.001 0 -1 0 0
0.672 0.057 0 -0.738 0.035
0.089 0.008 0 0.035 -0.995

 Mean vectors and covariance matrices after rotation --- 1th cluster >>

 mean vector (mu'=Q*mu)>>
4.113 0.792 -7.559 5.669 4.377 -0.929 1.176 0.237 1.282 -0.013 -7.042 -1.53 4.011 0.1 4.98

 covariance matrix (Sigma'=Q*Sigma*t(Q))>>

39.032 -0.103 0 -1.45 0.122 0 0.132 -2.575 -0.36 0 0 0 0.968 2.583 -0.54
-0.103 40.822 0 -0.115 0.009 0 0.008 -0.224 -0.029 0 0 0 0.072 0.194 -0.051
0 0 7.682 0 0 0.084 0 0 0 1.417 -0.253 -0.424 0 0 0
-1.45 -0.115 0 71.68 -0.076 0 -0.298 -3.94 -0.234 0 0 0 -0.247 -0.508 -1.342
0.122 0.009 0 -0.076 25.466 0 0.072 0.419 -0.001 0 0 0 0.166 0.415 0.185
0 0 0.084 0 0 5.746 0 0 0 0.081 -0.026 -0.007 0 0 0
0.132 0.008 0 -0.298 0.072 0 30.91 0.611 -0.037 0 0 0 0.436 1.106 0.327
-2.575 -0.224 0 -3.94 0.419 0 0.611 33.678 -0.908 0 0 0 3.076 8.098 -0.647
-0.36 -0.029 0 -0.234 -0.001 0 -0.037 -0.908 48.555 0 0 0 0.054 0.169 -0.276
0 0 1.417 0 0 0.081 0 0 0 8.299 1.233 -0.255 0 0 0
0 0 -0.253 0 0 -0.026 0 0 0 1.233 7.692 -0.561 0 0 0
0 0 -0.424 0 0 -0.007 0 0 0 -0.255 -0.561 5.677 0 0 0
0.968 0.072 0 -0.247 0.166 0 0.436 3.076 0.054 0 0 0 19.96 2.217 1.258
2.583 0.194 0 -0.508 0.415 0 1.106 8.098 0.169 0 0 0 2.217 22.431 3.269
-0.54 -0.051 0 -1.342 0.185 0 0.327 -0.647 -0.276 0 0 0 1.258 3.269 36.581

 Mean vectors and covariance matrices after rotation --- 2th cluster >>

 mean vector (mu'=Q*mu)>>
4.113 0.792 7.559 5.669 4.377 0.929 1.176 0.237 1.282 0.013 7.042 1.53 4.011 0.1 4.98

 covariance matrix (Sigma'=Q*Sigma*t(Q))>>

39.032 -0.103 0 -1.45 0.122 0 0.132 -2.575 -0.36 0 0 0 0.968 2.583 -0.54
-0.103 40.822 0 -0.115 0.009 0 0.008 -0.224 -0.029 0 0 0 0.072 0.194 -0.051
0 0 6.337 0 0 -1.775 0 0 0 -0.506 2.475 0.583 0 0 0
-1.45 -0.115 0 71.68 -0.076 0 -0.298 -3.94 -0.234 0 0 0 -0.247 -0.508 -1.342
0.122 0.009 0 -0.076 25.466 0 0.072 0.419 -0.001 0 0 0 0.166 0.415 0.185
0 0 -1.775 0 0 5.966 0 0 0 1.072 -0.866 -0.114 0 0 0
0.132 0.008 0 -0.298 0.072 0 30.91 0.611 -0.037 0 0 0 0.436 1.106 0.327
-2.575 -0.224 0 -3.94 0.419 0 0.611 33.678 -0.908 0 0 0 3.076 8.098 -0.647
-0.36 -0.029 0 -0.234 -0.001 0 -0.037 -0.908 48.555 0 0 0 0.054 0.169 -0.276
0 0 -0.506 0 0 1.072 0 0 0 8.477 0.107 0.087 0 0 0
0 0 2.475 0 0 -0.866 0 0 0 0.107 4.146 0.34 0 0 0
0 0 0.583 0 0 -0.114 0 0 0 0.087 0.34 1.389 0 0 0
0.968 0.072 0 -0.247 0.166 0 0.436 3.076 0.054 0 0 0 19.96 2.217 1.258
2.583 0.194 0 -0.508 0.415 0 1.106 8.098 0.169 0 0 0 2.217 22.431 3.269
-0.54 -0.051 0 -1.342 0.185 0 0.327 -0.647 -0.276 0 0 0 1.258 3.269 36.581

 Mean vectors and covariance matrices after rotation --- 3th cluster >>

 mean vector (mu'=Q*mu)>>
4.113 0.792 2.649 5.669 4.377 0.136 1.176 0.237 1.282 0.002 1.034 -17.936 4.011 0.1 4.98

 covariance matrix (Sigma'=Q*Sigma*t(Q))>>

39.032 -0.103 0 -1.45 0.122 0 0.132 -2.575 -0.36 0 0 0 0.968 2.583 -0.54
-0.103 40.822 0 -0.115 0.009 0 0.008 -0.224 -0.029 0 0 0 0.072 0.194 -0.051
0 0 8.28 0 0 0.677 0 0 0 0.298 0.024 -1.228 0 0 0
-1.45 -0.115 0 71.68 -0.076 0 -0.298 -3.94 -0.234 0 0 0 -0.247 -0.508 -1.342
0.122 0.009 0 -0.076 25.466 0 0.072 0.419 -0.001 0 0 0 0.166 0.415 0.185
0 0 0.677 0 0 10.562 0 0 0 -0.139 -0.053 0.167 0 0 0
0.132 0.008 0 -0.298 0.072 0 30.91 0.611 -0.037 0 0 0 0.436 1.106 0.327
-2.575 -0.224 0 -3.94 0.419 0 0.611 33.678 -0.908 0 0 0 3.076 8.098 -0.647
-0.36 -0.029 0 -0.234 -0.001 0 -0.037 -0.908 48.555 0 0 0 0.054 0.169 -0.276
0 0 0.298 0 0 -0.139 0 0 0 9.374 -0.154 0.277 0 0 0
0 0 0.024 0 0 -0.053 0 0 0 -0.154 10.798 -0.706 0 0 0
0 0 -1.228 0 0 0.167 0 0 0 0.277 -0.706 4.809 0 0 0
0.968 0.072 0 -0.247 0.166 0 0.436 3.076 0.054 0 0 0 19.96 2.217 1.258
2.583 0.194 0 -0.508 0.415 0 1.106 8.098 0.169 0 0 0 2.217 22.431 3.269
-0.54 -0.051 0 -1.342 0.185 0 0.327 -0.647 -0.276 0 0 0 1.258 3.269 36.581

 Final eigenvalues for each cluster >> 
 (rows correspond to clusters)
72.234 48.629 40.831 40.242 38.542 36.413 30.749 25.437 19.062 16.977 9.891 7.95 6.175 5.741 5.339
72.234 48.629 40.831 40.242 38.542 36.413 30.749 25.437 19.062 16.977 9.824 8.033 4.641 2.501 1.316
72.234 48.629 40.831 40.242 38.542 36.413 30.749 25.437 19.062 16.977 10.912 10.754 9.437 8.414 4.306

 theoretical Separation index matrix >>

-1 0.34 0.34
0.34 -1 0.504
0.34 0.504 -1

 theoretical projection directions >>

**** cluster 1 and 2
0 0 0.615 0 0 0.255 0 0 0 -0.101 0.681 0.286 0 0 0

**** cluster 1 and 3
0 0 0.319 0 0 0.037 0 0 0 -0.043 0.222 -0.92 0 0 0

**** cluster 2 and 3
0 0 -0.087 0 0 -0.034 0 0 0 0.018 -0.113 -0.989 0 0 0

 empirical Separation index matrix (alpha= 0.05 )>>

-1 0.503 0.365
0.503 -1 0.398
0.365 0.398 -1

 empirical projection directions >>

**** cluster 1 and 2
0.019 -0.027 -0.031 -0.002 -0.036 -0.028 -0.006 0.028 0.02 -0.021 -0.065 -0.994 0.03 -0.024 -0.034

**** cluster 1 and 3
0.039 0.019 -0.742 0.046 0.013 0.016 -0.015 0.051 0.007 0.29 -0.481 -0.284 0.069 0.08 0.187

**** cluster 2 and 3
0.033 0.035 -0.369 -0.031 0.013 0.183 0.027 -0.041 0.007 0.125 -0.275 0.848 -0.059 0.087 0.061
