
 Log information for the data set datasetJMG5v2nv10out0_1.dat >>

 alpha = 0.05 sepVal = 0.21

 Number of clusters >> 5

 cluster sizes >>
50 50 50 50 50

 Number of data points >> 250

 Number of dimensions >> 12

 Number of noisy dimensions >> 10

 noisy variables >>
1 2 4 5 6 7 8 9 11 12

 Number of outliers >> 0

 initial eigenvalues for each cluster >> 
 (rows correspond to clusters)
3.466 4.618
1.384 6.82
5.809 8.328
3.519 7.982
4.819 7.861

 Mean vectors and covariance matrices before rotation --- 1th cluster >>

 mean vector (mu'=Q*mu)>>
-8.127 0 7.324 7.996 6.478 7.648 7.831 7.711 7.318 6.886 6.754 6.427

 covariance matrix (Sigma'=Q*Sigma*t(Q))>>

8.043 -1.144 0 0 0 0 0 0 0 0 0 0
-1.144 8.744 0 0 0 0 0 0 0 0 0 0
0 0 82.44 -0.84 -1.24 -8.179 -1.649 -16.693 -0.157 -0.465 -8.28 -10.871
0 0 -0.84 75.107 -0.514 -2.223 -1.325 -4.543 -0.188 -0.178 -2.678 -3.268
0 0 -1.24 -0.514 89.01 -0.635 -0.509 -1.298 -0.075 -0.059 -0.829 -0.98
0 0 -8.179 -2.223 -0.635 120.326 -2.107 -3.881 -0.322 -0.21 -2.76 -3.137
0 0 -1.649 -1.325 -0.509 -2.107 77.863 -4.307 -0.197 -0.176 -2.593 -3.138
0 0 -16.693 -4.543 -1.298 -3.881 -4.307 114.037 -0.658 -0.429 -5.647 -6.419
0 0 -0.157 -0.188 -0.075 -0.322 -0.197 -0.658 77.087 -0.026 -0.39 -0.475
0 0 -0.465 -0.178 -0.059 -0.21 -0.176 -0.429 -0.026 91.806 -0.278 -0.327
0 0 -8.28 -2.678 -0.829 -2.76 -2.593 -5.647 -0.39 -0.278 97.218 -4.397
0 0 -10.871 -3.268 -0.98 -3.137 -3.138 -6.419 -0.475 -0.327 -4.397 102.449

 Mean vectors and covariance matrices before rotation --- 2th cluster >>

 mean vector (mu'=Q*mu)>>
8.127 0 7.324 7.996 6.478 7.648 7.831 7.711 7.318 6.886 6.754 6.427

 covariance matrix (Sigma'=Q*Sigma*t(Q))>>

6.813 -0.192 0 0 0 0 0 0 0 0 0 0
-0.192 1.391 0 0 0 0 0 0 0 0 0 0
0 0 82.44 -0.84 -1.24 -8.179 -1.649 -16.693 -0.157 -0.465 -8.28 -10.871
0 0 -0.84 75.107 -0.514 -2.223 -1.325 -4.543 -0.188 -0.178 -2.678 -3.268
0 0 -1.24 -0.514 89.01 -0.635 -0.509 -1.298 -0.075 -0.059 -0.829 -0.98
0 0 -8.179 -2.223 -0.635 120.326 -2.107 -3.881 -0.322 -0.21 -2.76 -3.137
0 0 -1.649 -1.325 -0.509 -2.107 77.863 -4.307 -0.197 -0.176 -2.593 -3.138
0 0 -16.693 -4.543 -1.298 -3.881 -4.307 114.037 -0.658 -0.429 -5.647 -6.419
0 0 -0.157 -0.188 -0.075 -0.322 -0.197 -0.658 77.087 -0.026 -0.39 -0.475
0 0 -0.465 -0.178 -0.059 -0.21 -0.176 -0.429 -0.026 91.806 -0.278 -0.327
0 0 -8.28 -2.678 -0.829 -2.76 -2.593 -5.647 -0.39 -0.278 97.218 -4.397
0 0 -10.871 -3.268 -0.98 -3.137 -3.138 -6.419 -0.475 -0.327 -4.397 102.449

 Mean vectors and covariance matrices before rotation --- 3th cluster >>

 mean vector (mu'=Q*mu)>>
0 14.077 7.324 7.996 6.478 7.648 7.831 7.711 7.318 6.886 6.754 6.427

 covariance matrix (Sigma'=Q*Sigma*t(Q))>>

9.084 -1.484 0 0 0 0 0 0 0 0 0 0
-1.484 8.237 0 0 0 0 0 0 0 0 0 0
0 0 82.44 -0.84 -1.24 -8.179 -1.649 -16.693 -0.157 -0.465 -8.28 -10.871
0 0 -0.84 75.107 -0.514 -2.223 -1.325 -4.543 -0.188 -0.178 -2.678 -3.268
0 0 -1.24 -0.514 89.01 -0.635 -0.509 -1.298 -0.075 -0.059 -0.829 -0.98
0 0 -8.179 -2.223 -0.635 120.326 -2.107 -3.881 -0.322 -0.21 -2.76 -3.137
0 0 -1.649 -1.325 -0.509 -2.107 77.863 -4.307 -0.197 -0.176 -2.593 -3.138
0 0 -16.693 -4.543 -1.298 -3.881 -4.307 114.037 -0.658 -0.429 -5.647 -6.419
0 0 -0.157 -0.188 -0.075 -0.322 -0.197 -0.658 77.087 -0.026 -0.39 -0.475
0 0 -0.465 -0.178 -0.059 -0.21 -0.176 -0.429 -0.026 91.806 -0.278 -0.327
0 0 -8.28 -2.678 -0.829 -2.76 -2.593 -5.647 -0.39 -0.278 97.218 -4.397
0 0 -10.871 -3.268 -0.98 -3.137 -3.138 -6.419 -0.475 -0.327 -4.397 102.449

 Mean vectors and covariance matrices before rotation --- 4th cluster >>

 mean vector (mu'=Q*mu)>>
24.382 0 7.324 7.996 6.478 7.648 7.831 7.711 7.318 6.886 6.754 6.427

 covariance matrix (Sigma'=Q*Sigma*t(Q))>>

3.598 -0.588 0 0 0 0 0 0 0 0 0 0
-0.588 7.903 0 0 0 0 0 0 0 0 0 0
0 0 82.44 -0.84 -1.24 -8.179 -1.649 -16.693 -0.157 -0.465 -8.28 -10.871
0 0 -0.84 75.107 -0.514 -2.223 -1.325 -4.543 -0.188 -0.178 -2.678 -3.268
0 0 -1.24 -0.514 89.01 -0.635 -0.509 -1.298 -0.075 -0.059 -0.829 -0.98
0 0 -8.179 -2.223 -0.635 120.326 -2.107 -3.881 -0.322 -0.21 -2.76 -3.137
0 0 -1.649 -1.325 -0.509 -2.107 77.863 -4.307 -0.197 -0.176 -2.593 -3.138
0 0 -16.693 -4.543 -1.298 -3.881 -4.307 114.037 -0.658 -0.429 -5.647 -6.419
0 0 -0.157 -0.188 -0.075 -0.322 -0.197 -0.658 77.087 -0.026 -0.39 -0.475
0 0 -0.465 -0.178 -0.059 -0.21 -0.176 -0.429 -0.026 91.806 -0.278 -0.327
0 0 -8.28 -2.678 -0.829 -2.76 -2.593 -5.647 -0.39 -0.278 97.218 -4.397
0 0 -10.871 -3.268 -0.98 -3.137 -3.138 -6.419 -0.475 -0.327 -4.397 102.449

 Mean vectors and covariance matrices before rotation --- 5th cluster >>

 mean vector (mu'=Q*mu)>>
16.255 14.077 7.324 7.996 6.478 7.648 7.831 7.711 7.318 6.886 6.754 6.427

 covariance matrix (Sigma'=Q*Sigma*t(Q))>>

5.222 -1.031 0 0 0 0 0 0 0 0 0 0
-1.031 7.458 0 0 0 0 0 0 0 0 0 0
0 0 82.44 -0.84 -1.24 -8.179 -1.649 -16.693 -0.157 -0.465 -8.28 -10.871
0 0 -0.84 75.107 -0.514 -2.223 -1.325 -4.543 -0.188 -0.178 -2.678 -3.268
0 0 -1.24 -0.514 89.01 -0.635 -0.509 -1.298 -0.075 -0.059 -0.829 -0.98
0 0 -8.179 -2.223 -0.635 120.326 -2.107 -3.881 -0.322 -0.21 -2.76 -3.137
0 0 -1.649 -1.325 -0.509 -2.107 77.863 -4.307 -0.197 -0.176 -2.593 -3.138
0 0 -16.693 -4.543 -1.298 -3.881 -4.307 114.037 -0.658 -0.429 -5.647 -6.419
0 0 -0.157 -0.188 -0.075 -0.322 -0.197 -0.658 77.087 -0.026 -0.39 -0.475
0 0 -0.465 -0.178 -0.059 -0.21 -0.176 -0.429 -0.026 91.806 -0.278 -0.327
0 0 -8.28 -2.678 -0.829 -2.76 -2.593 -5.647 -0.39 -0.278 97.218 -4.397
0 0 -10.871 -3.268 -0.98 -3.137 -3.138 -6.419 -0.475 -0.327 -4.397 102.449

 Final eigenvalues for each cluster >> 
 (rows correspond to clusters)
122.222 121.98 107.515 101.005 91.826 89.183 79.231 77.115 76.366 60.9 9.59 7.197
122.222 121.98 107.515 101.005 91.826 89.183 79.231 77.115 76.366 60.9 6.82 1.384
122.222 121.98 107.515 101.005 91.826 89.183 79.231 77.115 76.366 60.9 10.204 7.117
122.222 121.98 107.515 101.005 91.826 89.183 79.231 77.115 76.366 60.9 7.982 3.519
122.222 121.98 107.515 101.005 91.826 89.183 79.231 77.115 76.366 60.9 7.861 4.819

 *************************************************

 ********************* rotation ******************

 *************************************************


 The orthogonal matrix Q >>
0.712 0.702
0.702 -0.712

 Mean vectors and covariance matrices after rotation --- 1th cluster >>

 mean vector (mu'=Q*mu)>>
7.711 6.754 -5.703 7.831 7.318 6.886 7.324 6.478 7.996 -5.79 6.427 7.648

 covariance matrix (Sigma'=Q*Sigma*t(Q))>>

114.037 -5.647 0 -4.307 -0.658 -0.429 -16.693 -1.298 -4.543 0 -6.419 -3.881
-5.647 97.218 0 -2.593 -0.39 -0.278 -8.28 -0.829 -2.678 0 -4.397 -2.76
0 0 9.543 0 0 0 0 0 0 -0.333 0 0
-4.307 -2.593 0 77.863 -0.197 -0.176 -1.649 -0.509 -1.325 0 -3.138 -2.107
-0.658 -0.39 0 -0.197 77.087 -0.026 -0.157 -0.075 -0.188 0 -0.475 -0.322
-0.429 -0.278 0 -0.176 -0.026 91.806 -0.465 -0.059 -0.178 0 -0.327 -0.21
-16.693 -8.28 0 -1.649 -0.157 -0.465 82.44 -1.24 -0.84 0 -10.871 -8.179
-1.298 -0.829 0 -0.509 -0.075 -0.059 -1.24 89.01 -0.514 0 -0.98 -0.635
-4.543 -2.678 0 -1.325 -0.188 -0.178 -0.84 -0.514 75.107 0 -3.268 -2.223
0 0 -0.333 0 0 0 0 0 0 7.245 0 0
-6.419 -4.397 0 -3.138 -0.475 -0.327 -10.871 -0.98 -3.268 0 102.449 -3.137
-3.881 -2.76 0 -2.107 -0.322 -0.21 -8.179 -0.635 -2.223 0 -3.137 120.326

 Mean vectors and covariance matrices after rotation --- 2th cluster >>

 mean vector (mu'=Q*mu)>>
7.711 6.754 5.703 7.831 7.318 6.886 7.324 6.478 7.996 5.79 6.427 7.648

 covariance matrix (Sigma'=Q*Sigma*t(Q))>>

114.037 -5.647 0 -4.307 -0.658 -0.429 -16.693 -1.298 -4.543 0 -6.419 -3.881
-5.647 97.218 0 -2.593 -0.39 -0.278 -8.28 -0.829 -2.678 0 -4.397 -2.76
0 0 4.252 0 0 0 0 0 0 2.713 0 0
-4.307 -2.593 0 77.863 -0.197 -0.176 -1.649 -0.509 -1.325 0 -3.138 -2.107
-0.658 -0.39 0 -0.197 77.087 -0.026 -0.157 -0.075 -0.188 0 -0.475 -0.322
-0.429 -0.278 0 -0.176 -0.026 91.806 -0.465 -0.059 -0.178 0 -0.327 -0.21
-16.693 -8.28 0 -1.649 -0.157 -0.465 82.44 -1.24 -0.84 0 -10.871 -8.179
-1.298 -0.829 0 -0.509 -0.075 -0.059 -1.24 89.01 -0.514 0 -0.98 -0.635
-4.543 -2.678 0 -1.325 -0.188 -0.178 -0.84 -0.514 75.107 0 -3.268 -2.223
0 0 2.713 0 0 0 0 0 0 3.952 0 0
-6.419 -4.397 0 -3.138 -0.475 -0.327 -10.871 -0.98 -3.268 0 102.449 -3.137
-3.881 -2.76 0 -2.107 -0.322 -0.21 -8.179 -0.635 -2.223 0 -3.137 120.326

 Mean vectors and covariance matrices after rotation --- 3th cluster >>

 mean vector (mu'=Q*mu)>>
7.711 6.754 -10.029 7.831 7.318 6.886 7.324 6.478 7.996 9.878 6.427 7.648

 covariance matrix (Sigma'=Q*Sigma*t(Q))>>

114.037 -5.647 0 -4.307 -0.658 -0.429 -16.693 -1.298 -4.543 0 -6.419 -3.881
-5.647 97.218 0 -2.593 -0.39 -0.278 -8.28 -0.829 -2.678 0 -4.397 -2.76
0 0 10.138 0 0 0 0 0 0 0.446 0 0
-4.307 -2.593 0 77.863 -0.197 -0.176 -1.649 -0.509 -1.325 0 -3.138 -2.107
-0.658 -0.39 0 -0.197 77.087 -0.026 -0.157 -0.075 -0.188 0 -0.475 -0.322
-0.429 -0.278 0 -0.176 -0.026 91.806 -0.465 -0.059 -0.178 0 -0.327 -0.21
-16.693 -8.28 0 -1.649 -0.157 -0.465 82.44 -1.24 -0.84 0 -10.871 -8.179
-1.298 -0.829 0 -0.509 -0.075 -0.059 -1.24 89.01 -0.514 0 -0.98 -0.635
-4.543 -2.678 0 -1.325 -0.188 -0.178 -0.84 -0.514 75.107 0 -3.268 -2.223
0 0 0.446 0 0 0 0 0 0 7.183 0 0
-6.419 -4.397 0 -3.138 -0.475 -0.327 -10.871 -0.98 -3.268 0 102.449 -3.137
-3.881 -2.76 0 -2.107 -0.322 -0.21 -8.179 -0.635 -2.223 0 -3.137 120.326

 Mean vectors and covariance matrices after rotation --- 4th cluster >>

 mean vector (mu'=Q*mu)>>
7.711 6.754 17.109 7.831 7.318 6.886 7.324 6.478 7.996 17.371 6.427 7.648

 covariance matrix (Sigma'=Q*Sigma*t(Q))>>

114.037 -5.647 0 -4.307 -0.658 -0.429 -16.693 -1.298 -4.543 0 -6.419 -3.881
-5.647 97.218 0 -2.593 -0.39 -0.278 -8.28 -0.829 -2.678 0 -4.397 -2.76
0 0 6.371 0 0 0 0 0 0 -2.144 0 0
-4.307 -2.593 0 77.863 -0.197 -0.176 -1.649 -0.509 -1.325 0 -3.138 -2.107
-0.658 -0.39 0 -0.197 77.087 -0.026 -0.157 -0.075 -0.188 0 -0.475 -0.322
-0.429 -0.278 0 -0.176 -0.026 91.806 -0.465 -0.059 -0.178 0 -0.327 -0.21
-16.693 -8.28 0 -1.649 -0.157 -0.465 82.44 -1.24 -0.84 0 -10.871 -8.179
-1.298 -0.829 0 -0.509 -0.075 -0.059 -1.24 89.01 -0.514 0 -0.98 -0.635
-4.543 -2.678 0 -1.325 -0.188 -0.178 -0.84 -0.514 75.107 0 -3.268 -2.223
0 0 -2.144 0 0 0 0 0 0 5.129 0 0
-6.419 -4.397 0 -3.138 -0.475 -0.327 -10.871 -0.98 -3.268 0 102.449 -3.137
-3.881 -2.76 0 -2.107 -0.322 -0.21 -8.179 -0.635 -2.223 0 -3.137 120.326

 Mean vectors and covariance matrices after rotation --- 5th cluster >>

 mean vector (mu'=Q*mu)>>
7.711 6.754 1.377 7.831 7.318 6.886 7.324 6.478 7.996 21.459 6.427 7.648

 covariance matrix (Sigma'=Q*Sigma*t(Q))>>

114.037 -5.647 0 -4.307 -0.658 -0.429 -16.693 -1.298 -4.543 0 -6.419 -3.881
-5.647 97.218 0 -2.593 -0.39 -0.278 -8.28 -0.829 -2.678 0 -4.397 -2.76
0 0 7.388 0 0 0 0 0 0 -1.102 0 0
-4.307 -2.593 0 77.863 -0.197 -0.176 -1.649 -0.509 -1.325 0 -3.138 -2.107
-0.658 -0.39 0 -0.197 77.087 -0.026 -0.157 -0.075 -0.188 0 -0.475 -0.322
-0.429 -0.278 0 -0.176 -0.026 91.806 -0.465 -0.059 -0.178 0 -0.327 -0.21
-16.693 -8.28 0 -1.649 -0.157 -0.465 82.44 -1.24 -0.84 0 -10.871 -8.179
-1.298 -0.829 0 -0.509 -0.075 -0.059 -1.24 89.01 -0.514 0 -0.98 -0.635
-4.543 -2.678 0 -1.325 -0.188 -0.178 -0.84 -0.514 75.107 0 -3.268 -2.223
0 0 -1.102 0 0 0 0 0 0 5.292 0 0
-6.419 -4.397 0 -3.138 -0.475 -0.327 -10.871 -0.98 -3.268 0 102.449 -3.137
-3.881 -2.76 0 -2.107 -0.322 -0.21 -8.179 -0.635 -2.223 0 -3.137 120.326

 Final eigenvalues for each cluster >> 
 (rows correspond to clusters)
122.222 121.98 107.515 101.005 91.826 89.183 79.231 77.115 76.366 60.9 9.59 7.197
122.222 121.98 107.515 101.005 91.826 89.183 79.231 77.115 76.366 60.9 6.82 1.384
122.222 121.98 107.515 101.005 91.826 89.183 79.231 77.115 76.366 60.9 10.204 7.117
122.222 121.98 107.515 101.005 91.826 89.183 79.231 77.115 76.366 60.9 7.982 3.519
122.222 121.98 107.515 101.005 91.826 89.183 79.231 77.115 76.366 60.9 7.861 4.819

 theoretical Separation index matrix >>

-1 0.21 0.21 0.559 0.491
0.21 -1 0.296 0.297 0.35
0.21 0.296 -1 0.458 0.227
0.559 0.297 0.458 -1 0.21
0.491 0.35 0.227 0.21 -1

 theoretical projection directions >>

**** cluster 1 and 2
0 0 0.603 0 0 0 0 0 0 0.798 0 0

**** cluster 1 and 3
0 0 -0.204 0 0 0 0 0 0 0.979 0 0

**** cluster 1 and 4
0 0 0.629 0 0 0 0 0 0 0.778 0 0

**** cluster 1 and 5
0 0 0.266 0 0 0 0 0 0 0.964 0 0

**** cluster 2 and 3
0 0 -0.835 0 0 0 0 0 0 0.55 0 0

**** cluster 2 and 4
0 0 0.641 0 0 0 0 0 0 0.767 0 0

**** cluster 2 and 5
0 0 -0.41 0 0 0 0 0 0 0.912 0 0

**** cluster 3 and 4
0 0 0.885 0 0 0 0 0 0 0.465 0 0

**** cluster 3 and 5
0 0 0.582 0 0 0 0 0 0 0.813 0 0

**** cluster 4 and 5
0 0 -1 0 0 0 0 0 0 0.03 0 0

 empirical Separation index matrix (alpha= 0.05 )>>

-1 0.529 0.344 0.623 0.262
0.529 -1 0.347 0.259 0.217
0.344 0.347 -1 0.346 0.39
0.623 0.259 0.346 -1 0.443
0.262 0.217 0.39 0.443 -1

 empirical projection directions >>

**** cluster 1 and 2
-0.001 -0.005 0.398 0.028 -0.01 -0.012 0.03 -0.012 0.031 0.914 -0.057 0.026

**** cluster 1 and 3
0.007 -0.017 0.655 0.027 0.021 -0.056 0.009 0.025 -0.033 0.749 -0.011 0.062

**** cluster 1 and 4
-0.009 -0.047 0.595 0.001 0.002 -0.041 0.019 -0.042 0.027 0.798 -0.04 -0.003

**** cluster 1 and 5
-0.032 0.008 -0.184 -0.004 -0.044 -0.046 0.026 -0.015 0.04 0.978 -0.03 0.017

**** cluster 2 and 3
-0.028 0.004 0.422 -0.011 -0.027 0.008 0.031 -0.011 0.05 -0.903 0.031 -0.001

**** cluster 2 and 4
-0.003 -0.004 0.993 -0.028 -0.02 -0.036 -0.003 0.067 -0.028 -0.07 0.026 0.002

**** cluster 2 and 5
-0.013 -0.03 -0.698 0.034 0.042 -0.03 0.016 -0.022 -0.041 -0.708 0.063 -0.026

**** cluster 3 and 4
0.019 -0.011 0.595 0.004 0.037 -0.017 -0.047 0.042 -0.077 0.796 -0.003 0.001

**** cluster 3 and 5
0.018 -0.006 -0.836 -0.001 0.007 -0.059 0.017 -0.015 -0.004 0.543 0.039 -0.026

**** cluster 4 and 5
0.011 0 -0.962 0.034 0.019 0.011 0.03 -0.045 -0.012 -0.253 0.068 -0.023
