
 Log information for the data set datasetJMG3v5nv3out0_2.dat >>

 alpha = 0.05 sepVal = 0.21

 Number of clusters >> 3

 cluster sizes >>
50 50 50

 Number of data points >> 150

 Number of dimensions >> 8

 Number of noisy dimensions >> 3

 noisy variables >>
4 6 7

 Number of outliers >> 0

 initial eigenvalues for each cluster >> 
 (rows correspond to clusters)
1.937 5.168 1.932 8.655 4.677
4.229 3.414 4.143 8.312 5.767
4.898 4.256 2.71 9.249 9.34

 Mean vectors and covariance matrices before rotation --- 1th cluster >>

 mean vector (mu'=Q*mu)>>
-6.127 0 0 0 0 3.347 2.992 1.776

 covariance matrix (Sigma'=Q*Sigma*t(Q))>>

4.708 -0.791 0.257 -2.176 -0.406 0 0 0
-0.791 4.265 -0.073 -1.27 -0.628 0 0 0
0.257 -0.073 1.956 -0.201 -0.037 0 0 0
-2.176 -1.27 -0.201 7.194 -0.927 0 0 0
-0.406 -0.628 -0.037 -0.927 4.247 0 0 0
0 0 0 0 0 26.812 0.334 1.3
0 0 0 0 0 0.334 26.91 0.574
0 0 0 0 0 1.3 0.574 7.316

 Mean vectors and covariance matrices before rotation --- 2th cluster >>

 mean vector (mu'=Q*mu)>>
6.127 0 0 0 0 3.347 2.992 1.776

 covariance matrix (Sigma'=Q*Sigma*t(Q))>>

4.873 0.972 0.204 -1.663 -0.34 0 0 0
0.972 4.346 0.282 -0.767 -0.038 0 0 0
0.204 0.282 4.206 -0.443 -0.085 0 0 0
-1.663 -0.767 -0.443 6.915 -0.673 0 0 0
-0.34 -0.038 -0.085 -0.673 5.524 0 0 0
0 0 0 0 0 26.812 0.334 1.3
0 0 0 0 0 0.334 26.91 0.574
0 0 0 0 0 1.3 0.574 7.316

 Mean vectors and covariance matrices before rotation --- 3th cluster >>

 mean vector (mu'=Q*mu)>>
0 10.613 0 0 0 3.347 2.992 1.776

 covariance matrix (Sigma'=Q*Sigma*t(Q))>>

5.039 0.432 0.482 -1.115 -0.729 0 0 0
0.432 5.195 0.374 -0.564 -0.37 0 0 0
0.482 0.374 3.083 -0.089 -0.059 0 0 0
-1.115 -0.564 -0.089 9.639 -0.228 0 0 0
-0.729 -0.37 -0.059 -0.228 9.942 0 0 0
0 0 0 0 0 26.812 0.334 1.3
0 0 0 0 0 0.334 26.91 0.574
0 0 0 0 0 1.3 0.574 7.316

 Final eigenvalues for each cluster >> 
 (rows correspond to clusters)
27.284 26.54 8.655 7.214 5.168 4.677 1.937 1.932
27.284 26.54 8.312 7.214 5.767 4.229 4.143 3.414
27.284 26.54 10.09 9.992 7.214 5.291 4.598 2.927

 *************************************************

 ********************* rotation ******************

 *************************************************


 The orthogonal matrix Q >>
0.536 0.199 0.396 0.119 0.708
0.199 -0.974 0.051 0.015 0.092
0.396 0.051 -0.898 0.031 0.183
0.119 0.015 0.031 -0.991 0.055
0.708 0.092 0.183 0.055 -0.673

 Mean vectors and covariance matrices after rotation --- 1th cluster >>

 mean vector (mu'=Q*mu)>>
-4.341 -2.427 -3.286 3.347 -0.729 2.992 1.776 -1.217

 covariance matrix (Sigma'=Q*Sigma*t(Q))>>

4.728 0.273 -0.284 0 0.922 0 0 0.241
0.273 2.153 0.415 0 0.84 0 0 0.425
-0.284 0.415 2.973 0 1.679 0 0 0.835
0 0 0 26.812 0 0.334 1.3 0
0.922 0.84 1.679 0 7.801 0 0 -0.629
0 0 0 0.334 0 26.91 0.574 0
0 0 0 1.3 0 0.574 7.316 0
0.241 0.425 0.835 0 -0.629 0 0 4.714

 Mean vectors and covariance matrices after rotation --- 2th cluster >>

 mean vector (mu'=Q*mu)>>
4.341 2.427 3.286 3.347 0.729 2.992 1.776 1.217

 covariance matrix (Sigma'=Q*Sigma*t(Q))>>

5.59 -0.092 -0.304 0 0.761 0 0 -0.68
-0.092 4.178 0.13 0 0.352 0 0 -0.089
-0.304 0.13 4.721 0 1.429 0 0 -0.451
0 0 0 26.812 0 0.334 1.3 0
0.761 0.352 1.429 0 7.395 0 0 -0.476
0 0 0 0.334 0 26.91 0.574 0
0 0 0 1.3 0 0.574 7.316 0
-0.68 -0.089 -0.451 0 -0.476 0 0 3.981

 Mean vectors and covariance matrices after rotation --- 3th cluster >>

 mean vector (mu'=Q*mu)>>
0.972 0.543 2.108 3.347 0.163 2.992 1.776 -10.34

 covariance matrix (Sigma'=Q*Sigma*t(Q))>>

8.084 -0.518 -2.359 0 0.312 0 0 -0.84
-0.518 3.151 0.83 0 0.311 0 0 0.275
-2.359 0.83 6.712 0 0.461 0 0 0.087
0 0 0 26.812 0 0.334 1.3 0
0.312 0.311 0.461 0 9.873 0 0 -0.404
0 0 0 0.334 0 26.91 0.574 0
0 0 0 1.3 0 0.574 7.316 0
-0.84 0.275 0.087 0 -0.404 0 0 5.078

 Final eigenvalues for each cluster >> 
 (rows correspond to clusters)
27.284 26.54 8.655 7.214 5.168 4.677 1.937 1.932
27.284 26.54 8.312 7.214 5.767 4.229 4.143 3.414
27.284 26.54 10.09 9.992 7.214 5.291 4.598 2.927

 theoretical Separation index matrix >>

-1 0.21 0.216
0.21 -1 0.21
0.216 0.21 -1

 theoretical projection directions >>

**** cluster 1 and 2
0.602 0.449 0.626 0 -0.16 0 0 0.136

**** cluster 1 and 3
0.362 0.372 0.522 0 -0.133 0 0 -0.664

**** cluster 2 and 3
-0.305 -0.154 -0.154 0 -0.027 0 0 -0.927

 empirical Separation index matrix (alpha= 0.05 )>>

-1 0.194 0.226
0.194 -1 0.249
0.226 0.249 -1

 empirical projection directions >>

**** cluster 1 and 2
-0.601 -0.523 -0.561 -0.009 0.094 -0.039 0.095 -0.174

**** cluster 1 and 3
-0.246 -0.197 -0.274 0.018 -0.093 -0.046 -0.038 -0.902

**** cluster 2 and 3
0.406 0.266 0.642 -0.005 -0.17 0.103 -0.229 -0.511
