
 Log information for the data set datasetJLG5v2nv10out0_2.dat >>

 alpha = 0.05 sepVal = 0.01

 Number of clusters >> 5

 cluster sizes >>
50 50 50 50 50

 Number of data points >> 250

 Number of dimensions >> 12

 Number of noisy dimensions >> 10

 noisy variables >>
1 3 4 5 6 7 8 9 10 11

 Number of outliers >> 0

 initial eigenvalues for each cluster >> 
 (rows correspond to clusters)
9.151 4.108
8.955 4.335
3.03 4.787
4.573 1.891
8.616 9.829

 Mean vectors and covariance matrices before rotation --- 1th cluster >>

 mean vector (mu'=Q*mu)>>
-5.367 0 5.366 4.733 4.952 3.801 4.592 4.308 4.413 4.748 4.58 4.648

 covariance matrix (Sigma'=Q*Sigma*t(Q))>>

5.184 0.292 0 0 0 0 0 0 0 0 0 0
0.292 11.506 0 0 0 0 0 0 0 0 0 0
0 0 41.566 -0.917 -0.529 0.888 1.914 1.117 0.69 -4.131 -1.465 1.065
0 0 -0.917 41.841 -0.313 0.16 0.039 0.137 -0.377 -1.974 -0.952 0.181
0 0 -0.529 -0.313 46.513 0.006 -0.103 -0.016 -0.185 -0.494 -0.27 0.003
0 0 0.888 0.16 0.006 32.066 0.356 0.168 0.263 -0.116 0.046 0.143
0 0 1.914 0.039 -0.103 0.356 37.257 0.479 0.528 -1.038 -0.242 0.432
0 0 1.117 0.137 -0.016 0.168 0.479 34.471 0.323 -0.309 -0.013 0.205
0 0 0.69 -0.377 -0.185 0.263 0.528 0.323 39.332 -1.384 -0.523 0.314
0 0 -4.131 -1.974 -0.494 -0.116 -1.038 -0.309 -1.384 48.807 -1.588 -0.166
0 0 -1.465 -0.952 -0.27 0.046 -0.242 -0.013 -0.523 -1.588 44.664 0.043
0 0 1.065 0.181 0.003 0.143 0.432 0.205 0.314 -0.166 0.043 32.638

 Mean vectors and covariance matrices before rotation --- 2th cluster >>

 mean vector (mu'=Q*mu)>>
5.367 0 5.366 4.733 4.952 3.801 4.592 4.308 4.413 4.748 4.58 4.648

 covariance matrix (Sigma'=Q*Sigma*t(Q))>>

8.806 0.815 0 0 0 0 0 0 0 0 0 0
0.815 4.483 0 0 0 0 0 0 0 0 0 0
0 0 41.566 -0.917 -0.529 0.888 1.914 1.117 0.69 -4.131 -1.465 1.065
0 0 -0.917 41.841 -0.313 0.16 0.039 0.137 -0.377 -1.974 -0.952 0.181
0 0 -0.529 -0.313 46.513 0.006 -0.103 -0.016 -0.185 -0.494 -0.27 0.003
0 0 0.888 0.16 0.006 32.066 0.356 0.168 0.263 -0.116 0.046 0.143
0 0 1.914 0.039 -0.103 0.356 37.257 0.479 0.528 -1.038 -0.242 0.432
0 0 1.117 0.137 -0.016 0.168 0.479 34.471 0.323 -0.309 -0.013 0.205
0 0 0.69 -0.377 -0.185 0.263 0.528 0.323 39.332 -1.384 -0.523 0.314
0 0 -4.131 -1.974 -0.494 -0.116 -1.038 -0.309 -1.384 48.807 -1.588 -0.166
0 0 -1.465 -0.952 -0.27 0.046 -0.242 -0.013 -0.523 -1.588 44.664 0.043
0 0 1.065 0.181 0.003 0.143 0.432 0.205 0.314 -0.166 0.043 32.638

 Mean vectors and covariance matrices before rotation --- 3th cluster >>

 mean vector (mu'=Q*mu)>>
0 9.297 5.366 4.733 4.952 3.801 4.592 4.308 4.413 4.748 4.58 4.648

 covariance matrix (Sigma'=Q*Sigma*t(Q))>>

5.365 -1.127 0 0 0 0 0 0 0 0 0 0
-1.127 6.986 0 0 0 0 0 0 0 0 0 0
0 0 41.566 -0.917 -0.529 0.888 1.914 1.117 0.69 -4.131 -1.465 1.065
0 0 -0.917 41.841 -0.313 0.16 0.039 0.137 -0.377 -1.974 -0.952 0.181
0 0 -0.529 -0.313 46.513 0.006 -0.103 -0.016 -0.185 -0.494 -0.27 0.003
0 0 0.888 0.16 0.006 32.066 0.356 0.168 0.263 -0.116 0.046 0.143
0 0 1.914 0.039 -0.103 0.356 37.257 0.479 0.528 -1.038 -0.242 0.432
0 0 1.117 0.137 -0.016 0.168 0.479 34.471 0.323 -0.309 -0.013 0.205
0 0 0.69 -0.377 -0.185 0.263 0.528 0.323 39.332 -1.384 -0.523 0.314
0 0 -4.131 -1.974 -0.494 -0.116 -1.038 -0.309 -1.384 48.807 -1.588 -0.166
0 0 -1.465 -0.952 -0.27 0.046 -0.242 -0.013 -0.523 -1.588 44.664 0.043
0 0 1.065 0.181 0.003 0.143 0.432 0.205 0.314 -0.166 0.043 32.638

 Mean vectors and covariance matrices before rotation --- 4th cluster >>

 mean vector (mu'=Q*mu)>>
16.102 0 5.366 4.733 4.952 3.801 4.592 4.308 4.413 4.748 4.58 4.648

 covariance matrix (Sigma'=Q*Sigma*t(Q))>>

4.286 1.747 0 0 0 0 0 0 0 0 0 0
1.747 7.991 0 0 0 0 0 0 0 0 0 0
0 0 41.566 -0.917 -0.529 0.888 1.914 1.117 0.69 -4.131 -1.465 1.065
0 0 -0.917 41.841 -0.313 0.16 0.039 0.137 -0.377 -1.974 -0.952 0.181
0 0 -0.529 -0.313 46.513 0.006 -0.103 -0.016 -0.185 -0.494 -0.27 0.003
0 0 0.888 0.16 0.006 32.066 0.356 0.168 0.263 -0.116 0.046 0.143
0 0 1.914 0.039 -0.103 0.356 37.257 0.479 0.528 -1.038 -0.242 0.432
0 0 1.117 0.137 -0.016 0.168 0.479 34.471 0.323 -0.309 -0.013 0.205
0 0 0.69 -0.377 -0.185 0.263 0.528 0.323 39.332 -1.384 -0.523 0.314
0 0 -4.131 -1.974 -0.494 -0.116 -1.038 -0.309 -1.384 48.807 -1.588 -0.166
0 0 -1.465 -0.952 -0.27 0.046 -0.242 -0.013 -0.523 -1.588 44.664 0.043
0 0 1.065 0.181 0.003 0.143 0.432 0.205 0.314 -0.166 0.043 32.638

 Mean vectors and covariance matrices before rotation --- 5th cluster >>

 mean vector (mu'=Q*mu)>>
10.735 9.297 5.366 4.733 4.952 3.801 4.592 4.308 4.413 4.748 4.58 4.648

 covariance matrix (Sigma'=Q*Sigma*t(Q))>>

9.541 -0.516 0 0 0 0 0 0 0 0 0 0
-0.516 8.904 0 0 0 0 0 0 0 0 0 0
0 0 41.566 -0.917 -0.529 0.888 1.914 1.117 0.69 -4.131 -1.465 1.065
0 0 -0.917 41.841 -0.313 0.16 0.039 0.137 -0.377 -1.974 -0.952 0.181
0 0 -0.529 -0.313 46.513 0.006 -0.103 -0.016 -0.185 -0.494 -0.27 0.003
0 0 0.888 0.16 0.006 32.066 0.356 0.168 0.263 -0.116 0.046 0.143
0 0 1.914 0.039 -0.103 0.356 37.257 0.479 0.528 -1.038 -0.242 0.432
0 0 1.117 0.137 -0.016 0.168 0.479 34.471 0.323 -0.309 -0.013 0.205
0 0 0.69 -0.377 -0.185 0.263 0.528 0.323 39.332 -1.384 -0.523 0.314
0 0 -4.131 -1.974 -0.494 -0.116 -1.038 -0.309 -1.384 48.807 -1.588 -0.166
0 0 -1.465 -0.952 -0.27 0.046 -0.242 -0.013 -0.523 -1.588 44.664 0.043
0 0 1.065 0.181 0.003 0.143 0.432 0.205 0.314 -0.166 0.043 32.638

 Final eigenvalues for each cluster >> 
 (rows correspond to clusters)
51.452 46.599 45.508 42.816 39.193 38.603 36.337 34.236 32.462 31.949 11.519 5.17
51.452 46.599 45.508 42.816 39.193 38.603 36.337 34.236 32.462 31.949 8.955 4.335
51.452 46.599 45.508 42.816 39.193 38.603 36.337 34.236 32.462 31.949 7.564 4.787
51.452 46.599 45.508 42.816 39.193 38.603 36.337 34.236 32.462 31.949 8.685 3.592
51.452 46.599 45.508 42.816 39.193 38.603 36.337 34.236 32.462 31.949 9.829 8.616

 *************************************************

 ********************* rotation ******************

 *************************************************


 The orthogonal matrix Q >>
0.726 0.688
0.688 -0.726

 Mean vectors and covariance matrices after rotation --- 1th cluster >>

 mean vector (mu'=Q*mu)>>
4.748 -3.896 4.58 5.366 4.413 4.952 3.801 4.648 4.733 4.592 4.308 -3.692

 covariance matrix (Sigma'=Q*Sigma*t(Q))>>

48.807 0 -1.588 -4.131 -1.384 -0.494 -0.116 -0.166 -1.974 -1.038 -0.309 0
0 8.467 0 0 0 0 0 0 0 0 0 -3.172
-1.588 0 44.664 -1.465 -0.523 -0.27 0.046 0.043 -0.952 -0.242 -0.013 0
-4.131 0 -1.465 41.566 0.69 -0.529 0.888 1.065 -0.917 1.914 1.117 0
-1.384 0 -0.523 0.69 39.332 -0.185 0.263 0.314 -0.377 0.528 0.323 0
-0.494 0 -0.27 -0.529 -0.185 46.513 0.006 0.003 -0.313 -0.103 -0.016 0
-0.116 0 0.046 0.888 0.263 0.006 32.066 0.143 0.16 0.356 0.168 0
-0.166 0 0.043 1.065 0.314 0.003 0.143 32.638 0.181 0.432 0.205 0
-1.974 0 -0.952 -0.917 -0.377 -0.313 0.16 0.181 41.841 0.039 0.137 0
-1.038 0 -0.242 1.914 0.528 -0.103 0.356 0.432 0.039 37.257 0.479 0
-0.309 0 -0.013 1.117 0.323 -0.016 0.168 0.205 0.137 0.479 34.471 0
0 -3.172 0 0 0 0 0 0 0 0 0 8.222

 Mean vectors and covariance matrices after rotation --- 2th cluster >>

 mean vector (mu'=Q*mu)>>
4.748 3.896 4.58 5.366 4.413 4.952 3.801 4.648 4.733 4.592 4.308 3.692

 covariance matrix (Sigma'=Q*Sigma*t(Q))>>

48.807 0 -1.588 -4.131 -1.384 -0.494 -0.116 -0.166 -1.974 -1.038 -0.309 0
0 7.575 0 0 0 0 0 0 0 0 0 2.115
-1.588 0 44.664 -1.465 -0.523 -0.27 0.046 0.043 -0.952 -0.242 -0.013 0
-4.131 0 -1.465 41.566 0.69 -0.529 0.888 1.065 -0.917 1.914 1.117 0
-1.384 0 -0.523 0.69 39.332 -0.185 0.263 0.314 -0.377 0.528 0.323 0
-0.494 0 -0.27 -0.529 -0.185 46.513 0.006 0.003 -0.313 -0.103 -0.016 0
-0.116 0 0.046 0.888 0.263 0.006 32.066 0.143 0.16 0.356 0.168 0
-0.166 0 0.043 1.065 0.314 0.003 0.143 32.638 0.181 0.432 0.205 0
-1.974 0 -0.952 -0.917 -0.377 -0.313 0.16 0.181 41.841 0.039 0.137 0
-1.038 0 -0.242 1.914 0.528 -0.103 0.356 0.432 0.039 37.257 0.479 0
-0.309 0 -0.013 1.117 0.323 -0.016 0.168 0.205 0.137 0.479 34.471 0
0 2.115 0 0 0 0 0 0 0 0 0 5.715

 Mean vectors and covariance matrices after rotation --- 3th cluster >>

 mean vector (mu'=Q*mu)>>
4.748 6.395 4.58 5.366 4.413 4.952 3.801 4.648 4.733 4.592 4.308 -6.747

 covariance matrix (Sigma'=Q*Sigma*t(Q))>>

48.807 0 -1.588 -4.131 -1.384 -0.494 -0.116 -0.166 -1.974 -1.038 -0.309 0
0 5.007 0 0 0 0 0 0 0 0 0 -0.749
-1.588 0 44.664 -1.465 -0.523 -0.27 0.046 0.043 -0.952 -0.242 -0.013 0
-4.131 0 -1.465 41.566 0.69 -0.529 0.888 1.065 -0.917 1.914 1.117 0
-1.384 0 -0.523 0.69 39.332 -0.185 0.263 0.314 -0.377 0.528 0.323 0
-0.494 0 -0.27 -0.529 -0.185 46.513 0.006 0.003 -0.313 -0.103 -0.016 0
-0.116 0 0.046 0.888 0.263 0.006 32.066 0.143 0.16 0.356 0.168 0
-0.166 0 0.043 1.065 0.314 0.003 0.143 32.638 0.181 0.432 0.205 0
-1.974 0 -0.952 -0.917 -0.377 -0.313 0.16 0.181 41.841 0.039 0.137 0
-1.038 0 -0.242 1.914 0.528 -0.103 0.356 0.432 0.039 37.257 0.479 0
-0.309 0 -0.013 1.117 0.323 -0.016 0.168 0.205 0.137 0.479 34.471 0
0 -0.749 0 0 0 0 0 0 0 0 0 7.344

 Mean vectors and covariance matrices after rotation --- 4th cluster >>

 mean vector (mu'=Q*mu)>>
4.748 11.687 4.58 5.366 4.413 4.952 3.801 4.648 4.733 4.592 4.308 11.077

 covariance matrix (Sigma'=Q*Sigma*t(Q))>>

48.807 0 -1.588 -4.131 -1.384 -0.494 -0.116 -0.166 -1.974 -1.038 -0.309 0
0 7.785 0 0 0 0 0 0 0 0 0 -1.943
-1.588 0 44.664 -1.465 -0.523 -0.27 0.046 0.043 -0.952 -0.242 -0.013 0
-4.131 0 -1.465 41.566 0.69 -0.529 0.888 1.065 -0.917 1.914 1.117 0
-1.384 0 -0.523 0.69 39.332 -0.185 0.263 0.314 -0.377 0.528 0.323 0
-0.494 0 -0.27 -0.529 -0.185 46.513 0.006 0.003 -0.313 -0.103 -0.016 0
-0.116 0 0.046 0.888 0.263 0.006 32.066 0.143 0.16 0.356 0.168 0
-0.166 0 0.043 1.065 0.314 0.003 0.143 32.638 0.181 0.432 0.205 0
-1.974 0 -0.952 -0.917 -0.377 -0.313 0.16 0.181 41.841 0.039 0.137 0
-1.038 0 -0.242 1.914 0.528 -0.103 0.356 0.432 0.039 37.257 0.479 0
-0.309 0 -0.013 1.117 0.323 -0.016 0.168 0.205 0.137 0.479 34.471 0
0 -1.943 0 0 0 0 0 0 0 0 0 4.493

 Mean vectors and covariance matrices after rotation --- 5th cluster >>

 mean vector (mu'=Q*mu)>>
4.748 14.186 4.58 5.366 4.413 4.952 3.801 4.648 4.733 4.592 4.308 0.637

 covariance matrix (Sigma'=Q*Sigma*t(Q))>>

48.807 0 -1.588 -4.131 -1.384 -0.494 -0.116 -0.166 -1.974 -1.038 -0.309 0
0 8.724 0 0 0 0 0 0 0 0 0 0.345
-1.588 0 44.664 -1.465 -0.523 -0.27 0.046 0.043 -0.952 -0.242 -0.013 0
-4.131 0 -1.465 41.566 0.69 -0.529 0.888 1.065 -0.917 1.914 1.117 0
-1.384 0 -0.523 0.69 39.332 -0.185 0.263 0.314 -0.377 0.528 0.323 0
-0.494 0 -0.27 -0.529 -0.185 46.513 0.006 0.003 -0.313 -0.103 -0.016 0
-0.116 0 0.046 0.888 0.263 0.006 32.066 0.143 0.16 0.356 0.168 0
-0.166 0 0.043 1.065 0.314 0.003 0.143 32.638 0.181 0.432 0.205 0
-1.974 0 -0.952 -0.917 -0.377 -0.313 0.16 0.181 41.841 0.039 0.137 0
-1.038 0 -0.242 1.914 0.528 -0.103 0.356 0.432 0.039 37.257 0.479 0
-0.309 0 -0.013 1.117 0.323 -0.016 0.168 0.205 0.137 0.479 34.471 0
0 0.345 0 0 0 0 0 0 0 0 0 9.721

 Final eigenvalues for each cluster >> 
 (rows correspond to clusters)
51.452 46.599 45.508 42.816 39.193 38.603 36.337 34.236 32.462 31.949 11.519 5.17
51.452 46.599 45.508 42.816 39.193 38.603 36.337 34.236 32.462 31.949 8.955 4.335
51.452 46.599 45.508 42.816 39.193 38.603 36.337 34.236 32.462 31.949 7.564 4.787
51.452 46.599 45.508 42.816 39.193 38.603 36.337 34.236 32.462 31.949 8.685 3.592
51.452 46.599 45.508 42.816 39.193 38.603 36.337 34.236 32.462 31.949 9.829 8.616

 theoretical Separation index matrix >>

-1 0.023 0.01 0.437 0.26
0.023 -1 0.054 0.054 0.01
0.01 0.054 -1 0.36 0.01
0.437 0.054 0.36 -1 0.01
0.26 0.01 0.01 0.01 -1

 theoretical projection directions >>

**** cluster 1 and 2
0 0.682 0 0 0 0 0 0 0 0 0 0.731

**** cluster 1 and 3
0 1 0 0 0 0 0 0 0 0 0 -0.018

**** cluster 1 and 4
0 0.645 0 0 0 0 0 0 0 0 0 0.764

**** cluster 1 and 5
0 0.931 0 0 0 0 0 0 0 0 0 0.364

**** cluster 2 and 3
0 0.339 0 0 0 0 0 0 0 0 0 -0.941

**** cluster 2 and 4
0 0.57 0 0 0 0 0 0 0 0 0 0.822

**** cluster 2 and 5
0 0.904 0 0 0 0 0 0 0 0 0 -0.427

**** cluster 3 and 4
0 0.407 0 0 0 0 0 0 0 0 0 0.913

**** cluster 3 and 5
0 0.797 0 0 0 0 0 0 0 0 0 0.603

**** cluster 4 and 5
0 0.075 0 0 0 0 0 0 0 0 0 -0.997

 empirical Separation index matrix (alpha= 0.05 )>>

-1 0.045 0.368 0.031 0.049
0.045 -1 0.058 0.062 0.022
0.368 0.058 -1 0.454 -0.014
0.031 0.062 0.454 -1 0.289
0.049 0.022 -0.014 0.289 -1

 empirical projection directions >>

**** cluster 1 and 2
0.04 -0.283 0.015 0.042 0.007 0.007 0.014 0.1 0.015 -0.067 -0.041 0.948

**** cluster 1 and 3
0.011 0.439 -0.053 0.017 0.025 -0.007 0.009 0.016 0.016 -0.072 -0.006 0.893

**** cluster 1 and 4
0.017 -0.989 -0.025 -0.026 -0.034 -0.089 -0.07 -0.025 0 0.035 0.027 -0.057

**** cluster 1 and 5
0.044 0.83 0.039 0.036 0.029 0.015 0.078 0.057 -0.031 0.01 -0.061 0.539

**** cluster 2 and 3
0.023 0.525 -0.007 0.03 0.036 0.055 0.065 0.023 0.006 -0.023 -0.054 0.843

**** cluster 2 and 4
-0.034 -0.639 -0.002 -0.025 -0.013 -0.141 -0.084 -0.004 -0.01 -0.041 0.068 -0.746

**** cluster 2 and 5
0.081 0.923 0.059 -0.054 -0.019 0.009 0.049 0.086 -0.033 -0.007 -0.028 -0.35

**** cluster 3 and 4
-0.009 -0.638 0.001 -0.018 -0.092 -0.041 -0.036 0.05 -0.013 0.001 0.03 -0.76

**** cluster 3 and 5
0.046 0.088 0.066 -0.088 0.002 -0.006 -0.049 -0.016 0.014 -0.044 -0.051 -0.985

**** cluster 4 and 5
0.04 0.9 0.083 0.046 0.073 0.053 0.05 0.011 0.009 0.061 -0.007 0.405
