
 Log information for the data set datasetJMG5v10nv1out0_1.dat >>

 alpha = 0.05 sepVal = 0.21

 Number of clusters >> 5

 cluster sizes >>
50 50 50 50 50

 Number of data points >> 250

 Number of dimensions >> 11

 Number of noisy dimensions >> 1

 noisy variables >>
6

 Number of outliers >> 0

 initial eigenvalues for each cluster >> 
 (rows correspond to clusters)
6.028 3.62 4.478 9.942 8.636 5.528 4.403 6.031 8.902 3.517
5.244 7.106 5.521 4.367 4.188 1.294 7.168 2.151 8.824 9.393
8.781 2.559 7.505 3.336 1.099 3.552 3.571 2.821 9.539 3.488
1.438 6.464 1.542 8.364 7.952 7.696 4.855 2.869 2.676 4.589
8.582 6.873 8.341 1.886 9.558 6.764 7.205 5.343 2.602 2.478

 Mean vectors and covariance matrices before rotation --- 1th cluster >>

 mean vector (mu'=Q*mu)>>
-7.538 0 0 0 0 0 0 0 0 0 0.517

 covariance matrix (Sigma'=Q*Sigma*t(Q))>>

6.279 0.239 0.319 -1.04 -1.044 0.277 0.725 0.029 -0.334 0.644 0
0.239 3.649 0.047 -0.023 -0.001 0.079 0.105 0.029 -0.002 0.076 0
0.319 0.047 4.553 -0.075 -0.047 0.114 0.167 0.038 -0.018 0.126 0
-1.04 -0.023 -0.075 9.55 -0.501 -0.249 -0.158 -0.125 -0.151 -0.055 0
-1.044 -0.001 -0.047 -0.501 8.022 -0.229 -0.094 -0.125 -0.187 0.005 0
0.277 0.079 0.114 -0.249 -0.229 5.662 0.256 0.033 -0.075 0.211 0
0.725 0.105 0.167 -0.158 -0.094 0.256 4.774 0.087 -0.036 0.278 0
0.029 0.029 0.038 -0.125 -0.125 0.033 0.087 6.034 -0.04 0.077 0
-0.334 -0.002 -0.018 -0.151 -0.187 -0.075 -0.036 -0.04 8.845 -0.004 0
0.644 0.076 0.126 -0.055 0.005 0.211 0.278 0.077 -0.004 3.716 0
0 0 0 0 0 0 0 0 0 0 21.519

 Mean vectors and covariance matrices before rotation --- 2th cluster >>

 mean vector (mu'=Q*mu)>>
7.538 0 0 0 0 0 0 0 0 0 0.517

 covariance matrix (Sigma'=Q*Sigma*t(Q))>>

6.931 -0.123 0.016 0.553 0.627 1.424 -0.631 1.121 -1.406 -1.721 0
-0.123 8.563 -0.018 -0.014 -0.01 0.039 -0.067 0.025 -0.107 -0.124 0
0.016 -0.018 6.658 0.052 0.061 0.161 -0.09 0.125 -0.185 -0.223 0
0.553 -0.014 0.052 5.522 0.269 0.454 -0.074 0.372 -0.271 -0.351 0
0.627 -0.01 0.061 0.269 5.342 0.465 -0.054 0.384 -0.248 -0.326 0
1.424 0.039 0.161 0.454 0.465 2.096 0.187 0.47 0.062 0.014 0
-0.631 -0.067 -0.09 -0.074 -0.054 0.187 8.317 0.118 -0.533 -0.616 0
1.121 0.025 0.125 0.372 0.384 0.47 0.118 3.004 -0.011 -0.061 0
-1.406 -0.107 -0.185 -0.271 -0.248 0.062 -0.533 -0.011 9.887 -0.861 0
-1.721 -0.124 -0.223 -0.351 -0.326 0.014 -0.616 -0.061 -0.861 10.371 0
0 0 0 0 0 0 0 0 0 0 21.519

 Mean vectors and covariance matrices before rotation --- 3th cluster >>

 mean vector (mu'=Q*mu)>>
0 13.057 0 0 0 0 0 0 0 0 0.517

 covariance matrix (Sigma'=Q*Sigma*t(Q))>>

9.48 2.172 -1.068 0.2 3.095 0.281 0.994 2.832 -2.794 0.143 0
2.172 6.172 0.976 0.176 1.875 0.261 0.93 2.218 0.605 0.131 0
-1.068 0.976 13.322 0.097 1.283 0.139 0.494 1.3 -0.581 0.07 0
0.2 0.176 0.097 5.956 0.206 0.028 0.1 0.241 0.051 0.014 0
3.095 1.875 1.283 0.206 4.092 0.308 1.094 2.58 0.931 0.154 0
0.281 0.261 0.139 0.028 0.308 6.363 0.148 0.357 0.07 0.021 0
0.994 0.93 0.494 0.1 1.094 0.148 6.883 1.271 0.246 0.074 0
2.832 2.218 1.3 0.241 2.58 0.357 1.271 8.058 0.771 0.179 0
-2.794 0.605 -0.581 0.051 0.931 0.07 0.246 0.771 15.769 0.036 0
0.143 0.131 0.07 0.014 0.154 0.021 0.074 0.179 0.036 6.218 0
0 0 0 0 0 0 0 0 0 0 21.519

 Mean vectors and covariance matrices before rotation --- 4th cluster >>

 mean vector (mu'=Q*mu)>>
0 4.352 12.31 0 0 0 0 0 0 0 0.517

 covariance matrix (Sigma'=Q*Sigma*t(Q))>>

4.785 -0.313 1.119 -2.026 -1.799 -0.316 -0.424 0.086 0.106 -0.024 0
-0.313 6.387 -0.114 -0.359 -0.336 -0.061 -0.209 -0.031 -0.03 -0.015 0
1.119 -0.114 1.916 -0.725 -0.645 -0.113 -0.163 0.027 0.034 -0.009 0
-2.026 -0.359 -0.725 6.741 -1.528 -0.279 -1.034 -0.171 -0.17 -0.076 0
-1.799 -0.336 -0.645 -1.528 6.515 -0.262 -0.957 -0.156 -0.154 -0.07 0
-0.316 -0.061 -0.113 -0.279 -0.262 7.648 -0.173 -0.028 -0.027 -0.013 0
-0.424 -0.209 -0.163 -1.034 -0.957 -0.173 4.324 -0.065 -0.061 -0.038 0
0.086 -0.031 0.027 -0.171 -0.156 -0.028 -0.065 2.866 -0.002 -0.004 0
0.106 -0.03 0.034 -0.17 -0.154 -0.027 -0.061 -0.002 2.676 -0.004 0
-0.024 -0.015 -0.009 -0.076 -0.07 -0.013 -0.038 -0.004 -0.004 4.587 0
0 0 0 0 0 0 0 0 0 0 21.519

 Mean vectors and covariance matrices before rotation --- 5th cluster >>

 mean vector (mu'=Q*mu)>>
0 4.352 3.078 11.919 0 0 0 0 0 0 0.517

 covariance matrix (Sigma'=Q*Sigma*t(Q))>>

6.308 0.003 -0.153 1.823 -0.664 0.161 -0.051 0.036 1.538 0.493 0
0.003 6.873 0.001 0.027 -0.002 0.012 0.006 0.001 0.024 0.008 0
-0.153 0.001 8.331 0.153 -0.048 0.024 0.002 0.003 0.13 0.042 0
1.823 0.027 0.153 2.879 0.264 0.926 0.515 0.042 0.914 0.288 0
-0.664 -0.002 -0.048 0.264 9.394 -0.068 -0.067 0.003 0.214 0.069 0
0.161 0.012 0.024 0.926 -0.068 7.206 0.208 0.028 0.814 0.259 0
-0.051 0.006 0.002 0.515 -0.067 0.208 7.296 0.015 0.449 0.143 0
0.036 0.001 0.003 0.042 0.003 0.028 0.015 5.345 0.038 0.012 0
1.538 0.024 0.13 0.914 0.214 0.814 0.449 0.038 3.44 0.264 0
0.493 0.008 0.042 0.288 0.069 0.259 0.143 0.012 0.264 2.561 0
0 0 0 0 0 0 0 0 0 0 21.519

 Final eigenvalues for each cluster >> 
 (rows correspond to clusters)
21.519 9.942 8.902 8.636 6.031 6.028 5.528 4.478 4.403 3.62 3.517
21.519 11.337 10.65 8.651 8.576 6.663 6.329 5.271 5.055 2.596 1.562
21.519 16.977 15.628 13.358 6.356 6.321 6.207 5.937 5.02 4.554 1.955
21.519 8.364 7.952 7.696 6.464 4.855 4.589 2.869 2.676 1.542 1.438
21.519 9.558 8.582 8.341 7.205 6.873 6.764 5.343 2.602 2.478 1.886

 *************************************************

 ********************* rotation ******************

 *************************************************


 The orthogonal matrix Q >>
0.373 0.083 0.54 0.561 0.077 0.007 0.41 0.178 0.136 0.151
0.083 -0.995 0.032 0.034 0.005 0 0.025 0.011 0.008 0.009
0.54 0.032 -0.787 0.221 0.031 0.003 0.162 0.07 0.054 0.06
0.561 0.034 0.221 -0.771 0.032 0.003 0.168 0.073 0.056 0.062
0.077 0.005 0.031 0.032 -0.996 0 0.023 0.01 0.008 0.009
0.007 0 0.003 0.003 0 -1 0.002 0.001 0.001 0.001
0.41 0.025 0.162 0.168 0.023 0.002 -0.877 0.053 0.041 0.045
0.178 0.011 0.07 0.073 0.01 0.001 0.053 -0.977 0.018 0.02
0.136 0.008 0.054 0.056 0.008 0.001 0.041 0.018 -0.987 0.015
0.151 0.009 0.06 0.062 0.009 0.001 0.045 0.02 0.015 -0.983

 Mean vectors and covariance matrices after rotation --- 1th cluster >>

 mean vector (mu'=Q*mu)>>
-1.14 -4.228 -1.025 -1.342 -4.074 0.517 -3.094 -2.809 -0.049 -0.584 -0.622

 covariance matrix (Sigma'=Q*Sigma*t(Q))>>

3.567 -0.358 -0.045 -0.01 -0.095 0 0.025 -0.029 0.161 0.153 0.014
-0.358 9.355 -0.079 -0.152 -0.001 0 -0.417 -1.263 -0.422 0.175 -0.114
-0.045 -0.079 8.891 -0.009 0.116 0 -0.011 -0.096 -0.116 -0.006 -0.007
-0.01 -0.152 -0.009 6.036 0.095 0 0.03 0.043 -0.021 0.094 0.005
-0.095 -0.001 0.116 0.095 4.879 0 0.111 0.749 -0.049 0.641 -0.002
0 0 0 0 0 21.519 0 0 0 0 0
0.025 -0.417 -0.011 0.03 0.111 0 4.501 0.28 0.128 0.385 0.021
-0.029 -1.263 -0.096 0.043 0.749 0 0.28 6.359 -0.143 0.646 0.053
0.161 -0.422 -0.116 -0.021 -0.049 0 0.128 -0.143 5.658 -0.245 0.053
0.153 0.175 -0.006 0.094 0.641 0 0.385 0.646 -0.245 8.213 0.09
0.014 -0.114 -0.007 0.005 -0.002 0 0.021 0.053 0.053 0.09 3.626

 Mean vectors and covariance matrices after rotation --- 2th cluster >>

 mean vector (mu'=Q*mu)>>
1.14 4.228 1.025 1.342 4.074 0.517 3.094 2.809 0.049 0.584 0.622

 covariance matrix (Sigma'=Q*Sigma*t(Q))>>

10.928 0.664 -0.378 0.129 0.769 0 0.183 0.769 -0.247 -0.284 0.037
0.664 5.396 0.577 -0.157 -0.016 0 0.044 0.269 -0.559 -0.112 0.01
-0.378 0.577 10.305 0.139 0.645 0 0.138 0.675 -0.174 -0.219 0.028
0.129 -0.157 0.139 2.68 -0.369 0 -0.203 -0.168 0.142 0.195 -0.04
0.769 -0.016 0.645 -0.369 6.645 0 0.064 -0.126 -0.814 -0.299 0.013
0 0 0 0 0 21.519 0 0 0 0 0
0.183 0.044 0.138 -0.203 0.064 0 8.558 -0.324 -0.552 -0.304 -0.018
0.769 0.269 0.675 -0.168 -0.126 0 -0.324 6.295 -1.055 -0.304 -0.062
-0.247 -0.559 -0.174 0.142 -0.814 0 -0.552 -1.055 2.072 0.321 -0.11
-0.284 -0.112 -0.219 0.195 -0.299 0 -0.304 -0.304 0.321 5.239 -0.06
0.037 0.01 0.028 -0.04 0.013 0 -0.018 -0.062 -0.11 -0.06 8.573

 Mean vectors and covariance matrices after rotation --- 3th cluster >>

 mean vector (mu'=Q*mu)>>
0.119 0.44 0.107 0.14 0.424 0.517 0.322 1.077 0.005 0.061 -12.992

 covariance matrix (Sigma'=Q*Sigma*t(Q))>>

6.282 0.352 0.397 -0.375 0.101 0 0.082 0.503 -0.048 -0.468 -0.325
0.352 7.59 1.481 -1.691 0.574 0 0.408 2.463 -0.221 -2.047 -1.457
0.397 1.481 16.366 0.631 0.53 0 1.077 0.283 0.021 0.527 0.361
-0.375 -1.691 0.631 6.667 -0.909 0 -0.424 -2.445 0.25 1.526 1.339
0.101 0.574 0.53 -0.909 12.727 0 -0.011 -1.57 -0.114 -1.04 -0.759
0 0 0 0 0 21.519 0 0 0 0 0
0.082 0.408 1.077 -0.424 -0.011 0 6.459 0.478 -0.044 -0.677 -0.396
0.503 2.463 0.283 -2.445 -1.57 0 0.478 10.773 -0.349 -2.658 -2.08
-0.048 -0.221 0.021 0.25 -0.114 0 -0.044 -0.349 6.357 0.244 0.203
-0.468 -2.047 0.527 1.526 -1.04 0 -0.677 -2.658 0.244 3.438 1.285
-0.325 -1.457 0.361 1.339 -0.759 0 -0.396 -2.08 0.203 1.285 5.656

 Mean vectors and covariance matrices after rotation --- 4th cluster >>

 mean vector (mu'=Q*mu)>>
0.773 2.865 0.695 0.91 -9.549 0.517 2.097 7.012 0.033 0.396 -3.931

 covariance matrix (Sigma'=Q*Sigma*t(Q))>>

4.566 0.093 -0.007 -0.007 -0.075 0 0.039 -0.249 0.067 0.355 0.041
0.093 8.274 0.039 0.106 -0.096 0 -0.088 -0.643 0.028 0.175 -0.017
-0.007 0.039 2.687 0.014 0.029 0 0.049 0.042 0.045 0.236 0.029
-0.007 0.106 0.014 2.887 0.024 0 0.082 0.011 0.067 0.356 0.047
-0.075 -0.096 0.029 0.024 1.704 0 0.128 0.376 0.173 0.878 0.091
0 0 0 0 0 21.519 0 0 0 0 0
0.039 -0.088 0.049 0.082 0.128 0 4.888 0.159 0.05 0.264 0.016
-0.249 -0.643 0.042 0.011 0.376 0 0.159 2.372 0.408 2.039 0.176
0.067 0.028 0.045 0.067 0.173 0 0.05 0.408 7.655 -0.202 -0.015
0.355 0.175 0.236 0.356 0.878 0 0.264 2.039 -0.202 6.956 -0.069
0.041 -0.017 0.029 0.047 0.091 0 0.016 0.176 -0.015 -0.069 6.455

 Mean vectors and covariance matrices after rotation --- 5th cluster >>

 mean vector (mu'=Q*mu)>>
0.96 -8.361 0.863 1.13 0.351 0.517 2.604 8.708 0.042 0.492 -3.829

 covariance matrix (Sigma'=Q*Sigma*t(Q))>>

2.514 0.159 -0.02 0.018 -0.078 0 0.057 0.34 0.149 0.127 -0.002
0.159 2.564 -0.101 0.116 -0.132 0 0.317 1.655 0.521 0.501 0.016
-0.02 -0.101 2.966 -0.242 -0.844 0 -0.286 -0.8 0.704 0.142 -0.117
0.018 0.116 -0.242 5.423 0.08 0 0.079 0.408 -0.099 0.102 0.023
-0.078 -0.132 -0.844 0.08 8.076 0 -0.174 -0.267 -0.366 0.183 -0.008
0 0 0 0 0 21.519 0 0 0 0 0
0.057 0.317 -0.286 0.079 -0.174 0 7.175 -0.093 -0.088 0.111 0.002
0.34 1.655 -0.8 0.408 -0.267 0 -0.093 7.376 -0.823 0 0.064
0.149 0.521 0.704 -0.099 -0.366 0 -0.088 -0.823 7.197 -0.121 -0.047
0.127 0.501 0.142 0.102 0.183 0 0.111 0 -0.121 9.466 0.037
-0.002 0.016 -0.117 0.023 -0.008 0 0.002 0.064 -0.047 0.037 6.877

 Final eigenvalues for each cluster >> 
 (rows correspond to clusters)
21.519 9.942 8.902 8.636 6.031 6.028 5.528 4.478 4.403 3.62 3.517
21.519 11.337 10.65 8.651 8.576 6.663 6.329 5.271 5.055 2.596 1.562
21.519 16.977 15.628 13.358 6.356 6.321 6.207 5.937 5.02 4.554 1.955
21.519 8.364 7.952 7.696 6.464 4.855 4.589 2.869 2.676 1.542 1.438
21.519 9.558 8.582 8.341 7.205 6.873 6.764 5.343 2.602 2.478 1.886

 theoretical Separation index matrix >>

-1 0.214 0.241 0.328 0.21
0.214 -1 0.21 0.322 0.327
0.241 0.21 -1 0.21 0.274
0.328 0.322 0.21 -1 0.261
0.21 0.327 0.274 0.261 -1

 theoretical projection directions >>

**** cluster 1 and 2
0.059 0.509 0.037 0.29 0.546 0 0.388 0.382 0.221 0.036 0.085

**** cluster 1 and 3
0.069 0.135 0.017 0.2 0.153 0 0.189 0.089 0.03 0.147 -0.921

**** cluster 1 and 4
0.133 0.264 0.086 0.129 -0.525 0 0.248 0.721 -0.012 -0.086 -0.153

**** cluster 1 and 5
0.238 -0.331 0.218 0.145 0.266 0 0.384 0.693 0.059 0.013 -0.251

**** cluster 2 and 3
-0.029 -0.319 0.041 -0.118 -0.211 0 -0.182 -0.207 -0.066 -0.11 -0.863

**** cluster 2 and 4
0.016 -0.039 0.017 -0.065 -0.938 0 -0.022 0.305 -0.024 0.006 -0.139

**** cluster 2 and 5
0.024 -0.916 0.023 -0.027 -0.111 0 0.02 0.35 0.065 0.034 -0.135

**** cluster 3 and 4
0.052 0.144 0.007 0.069 -0.615 0 0.126 0.446 -0.007 -0.021 0.615

**** cluster 3 and 5
0.066 -0.74 0.083 -0.003 0.068 0 0.136 0.478 0.062 0.005 0.432

**** cluster 4 and 5
0.056 -0.715 0.139 0.022 0.647 0 0.048 0.206 0.036 -0.036 -0.002

 empirical Separation index matrix (alpha= 0.05 )>>

-1 0.363 0.399 0.26 0.239
0.363 -1 0.257 0.254 0.215
0.399 0.257 -1 0.191 0.33
0.26 0.254 0.191 -1 0.359
0.239 0.215 0.33 0.359 -1

 empirical projection directions >>

**** cluster 1 and 2
-0.26 -0.326 -0.264 -0.065 0.452 0.089 -0.179 -0.699 0.038 0.087 0.1

**** cluster 1 and 3
0.108 0.105 -0.055 0.073 0.896 0.024 -0.038 -0.397 0.042 0.063 0.004

**** cluster 1 and 4
-0.219 -0.013 -0.006 -0.136 0.578 0.013 0.006 -0.404 -0.039 0.114 -0.649

**** cluster 1 and 5
0.03 -0.764 0.149 0.086 0.592 0.021 -0.057 0.161 -0.033 0.069 -0.009

**** cluster 2 and 3
0.203 0.559 0.006 0.127 0.536 -0.038 0.189 0.461 0.28 0.06 -0.105

**** cluster 2 and 4
-0.017 0.045 -0.038 0.127 0.176 -0.071 0.162 0.003 0.142 0.031 -0.947

**** cluster 2 and 5
0.555 -0.079 0.137 0.162 0.181 0.003 0.11 0.706 0.015 -0.174 -0.26

**** cluster 3 and 4
-0.027 -0.262 0.049 -0.035 -0.187 -0.014 -0.068 -0.219 0.061 -0.243 -0.881

**** cluster 3 and 5
-0.035 -0.904 0.131 -0.024 -0.184 -0.024 -0.007 0.349 0.046 -0.062 0.043

**** cluster 4 and 5
0.307 -0.763 0.158 0.058 -0.022 -0.029 0.058 0.445 -0.043 -0.064 0.294
