
 Log information for the data set datasetJLG3v10nv10out0_1.dat >>

 alpha = 0.05 sepVal = 0.01

 Number of clusters >> 3

 cluster sizes >>
50 50 50

 Number of data points >> 150

 Number of dimensions >> 20

 Number of noisy dimensions >> 10

 noisy variables >>
4 6 7 8 11 13 14 17 18 19

 Number of outliers >> 0

 initial eigenvalues for each cluster >> 
 (rows correspond to clusters)
1.105 4.559 1.835 7.519 8.768 8.685 3.428 9.44 9.482 5.153
1.655 7.059 6.399 2.415 7.693 7.522 4.544 7.945 9.271 4.152
8.196 8.81 4.434 7.537 8.969 5.543 9.639 8.555 9.838 6.422

 Mean vectors and covariance matrices before rotation --- 1th cluster >>

 mean vector (mu'=Q*mu)>>
-5.543 0 0 0 0 0 0 0 0 0 0.771 1.146 1.553 1.734 2.467 0.36 3.05 1.016 3.082 0.323

 covariance matrix (Sigma'=Q*Sigma*t(Q))>>

12.196 0.557 3.671 -0.367 -0.712 -3.207 1.431 -0.871 -4.273 -0.044 0 0 0 0 0 0 0 0 0 0
0.557 8.966 -0.135 -0.416 -0.649 -2.955 -0.774 -0.735 -3.593 -0.646 0 0 0 0 0 0 0 0 0 0
3.671 -0.135 5.593 -0.223 -0.399 -1.802 0.366 -0.475 -2.329 -0.151 0 0 0 0 0 0 0 0 0 0
-0.367 -0.416 -0.223 17.395 -0.117 -0.536 -0.258 -0.129 -0.632 -0.151 0 0 0 0 0 0 0 0 0 0
-0.712 -0.649 -0.399 -0.117 20.208 -0.776 -0.419 -0.186 -0.908 -0.232 0 0 0 0 0 0 0 0 0 0
-3.207 -2.955 -1.802 -0.536 -0.776 16.635 -1.906 -0.852 -4.156 -1.059 0 0 0 0 0 0 0 0 0 0
1.431 -0.774 0.366 -0.258 -0.419 -1.906 7.738 -0.483 -2.362 -0.339 0 0 0 0 0 0 0 0 0 0
-0.871 -0.735 -0.475 -0.129 -0.186 -0.852 -0.483 21.735 -0.993 -0.261 0 0 0 0 0 0 0 0 0 0
-4.273 -3.593 -2.329 -0.632 -0.908 -4.156 -2.362 -0.993 17.193 -1.277 0 0 0 0 0 0 0 0 0 0
-0.044 -0.646 -0.151 -0.151 -0.232 -1.059 -0.339 -0.261 -1.277 11.727 0 0 0 0 0 0 0 0 0 0
0 0 0 0 0 0 0 0 0 0 19.848 1.659 -1.88 0.18 -2.687 1.606 0.547 2.618 -3.056 0.501
0 0 0 0 0 0 0 0 0 0 1.659 17.82 -1.056 0.101 -1.51 0.9 0.307 1.466 -1.718 0.281
0 0 0 0 0 0 0 0 0 0 -1.88 -1.056 28.458 -0.02 -1.233 -0.121 -0.095 -0.563 -1.691 -0.023
0 0 0 0 0 0 0 0 0 0 0.18 0.101 -0.02 12.021 -0.025 0.055 0.021 0.107 -0.014 0.017
0 0 0 0 0 0 0 0 0 0 -2.687 -1.51 -1.233 -0.025 26.085 -0.129 -0.123 -0.751 -2.595 -0.018
0 0 0 0 0 0 0 0 0 0 1.606 0.9 -0.121 0.055 -0.129 11.345 0.182 0.922 -0.016 0.138
0 0 0 0 0 0 0 0 0 0 0.547 0.307 -0.095 0.021 -0.123 0.182 13.35 0.344 -0.103 0.055
0 0 0 0 0 0 0 0 0 0 2.618 1.466 -0.563 0.107 -0.751 0.922 0.344 15.664 -0.695 0.279
0 0 0 0 0 0 0 0 0 0 -3.056 -1.718 -1.691 -0.014 -2.595 -0.016 -0.103 -0.695 22.386 0.022
0 0 0 0 0 0 0 0 0 0 0.501 0.281 -0.023 0.017 -0.018 0.138 0.055 0.279 0.022 9.802

 Mean vectors and covariance matrices before rotation --- 2th cluster >>

 mean vector (mu'=Q*mu)>>
5.543 0 0 0 0 0 0 0 0 0 0.771 1.146 1.553 1.734 2.467 0.36 3.05 1.016 3.082 0.323

 covariance matrix (Sigma'=Q*Sigma*t(Q))>>

5.914 -0.076 -0.455 1.021 -0.901 -0.891 0.114 -0.236 -0.477 0.625 0 0 0 0 0 0 0 0 0 0
-0.076 7.044 -0.142 -0.034 -0.139 -0.145 -0.023 -0.034 -0.051 -0.082 0 0 0 0 0 0 0 0 0 0
-0.455 -0.142 5.071 -0.252 -1.32 -1.382 -0.206 -0.322 -0.498 -0.72 0 0 0 0 0 0 0 0 0 0
1.021 -0.034 -0.252 2.645 -0.363 -0.367 0.007 -0.093 -0.171 0.082 0 0 0 0 0 0 0 0 0 0
-0.901 -0.139 -1.32 -0.363 6.428 -1.33 -0.223 -0.307 -0.464 -0.804 0 0 0 0 0 0 0 0 0 0
-0.891 -0.145 -1.382 -0.367 -1.33 6.125 -0.232 -0.322 -0.489 -0.832 0 0 0 0 0 0 0 0 0 0
0.114 -0.023 -0.206 0.007 -0.223 -0.232 4.52 -0.055 -0.09 -0.075 0 0 0 0 0 0 0 0 0 0
-0.236 -0.034 -0.322 -0.093 -0.307 -0.322 -0.055 7.87 -0.112 -0.199 0 0 0 0 0 0 0 0 0 0
-0.477 -0.051 -0.498 -0.171 -0.464 -0.489 -0.09 -0.112 9.105 -0.331 0 0 0 0 0 0 0 0 0 0
0.625 -0.082 -0.72 0.082 -0.804 -0.832 -0.075 -0.199 -0.331 3.933 0 0 0 0 0 0 0 0 0 0
0 0 0 0 0 0 0 0 0 0 19.848 1.659 -1.88 0.18 -2.687 1.606 0.547 2.618 -3.056 0.501
0 0 0 0 0 0 0 0 0 0 1.659 17.82 -1.056 0.101 -1.51 0.9 0.307 1.466 -1.718 0.281
0 0 0 0 0 0 0 0 0 0 -1.88 -1.056 28.458 -0.02 -1.233 -0.121 -0.095 -0.563 -1.691 -0.023
0 0 0 0 0 0 0 0 0 0 0.18 0.101 -0.02 12.021 -0.025 0.055 0.021 0.107 -0.014 0.017
0 0 0 0 0 0 0 0 0 0 -2.687 -1.51 -1.233 -0.025 26.085 -0.129 -0.123 -0.751 -2.595 -0.018
0 0 0 0 0 0 0 0 0 0 1.606 0.9 -0.121 0.055 -0.129 11.345 0.182 0.922 -0.016 0.138
0 0 0 0 0 0 0 0 0 0 0.547 0.307 -0.095 0.021 -0.123 0.182 13.35 0.344 -0.103 0.055
0 0 0 0 0 0 0 0 0 0 2.618 1.466 -0.563 0.107 -0.751 0.922 0.344 15.664 -0.695 0.279
0 0 0 0 0 0 0 0 0 0 -3.056 -1.718 -1.691 -0.014 -2.595 -0.016 -0.103 -0.695 22.386 0.022
0 0 0 0 0 0 0 0 0 0 0.501 0.281 -0.023 0.017 -0.018 0.138 0.055 0.279 0.022 9.802

 Mean vectors and covariance matrices before rotation --- 3th cluster >>

 mean vector (mu'=Q*mu)>>
0 9.6 0 0 0 0 0 0 0 0 0.771 1.146 1.553 1.734 2.467 0.36 3.05 1.016 3.082 0.323

 covariance matrix (Sigma'=Q*Sigma*t(Q))>>

7.792 -0.418 1.269 0.139 -0.45 0.137 -0.62 -0.051 -0.035 0.504 0 0 0 0 0 0 0 0 0 0
-0.418 8.565 0.368 -0.039 -0.248 0.036 -0.295 -0.034 -0.016 0.103 0 0 0 0 0 0 0 0 0 0
1.269 0.368 5.202 0.482 0.319 0.104 0.204 0.067 0.009 0.522 0 0 0 0 0 0 0 0 0 0
0.139 -0.039 0.482 7.667 -0.057 0.056 -0.124 0 -0.007 0.233 0 0 0 0 0 0 0 0 0 0
-0.45 -0.248 0.319 -0.057 8.72 0.03 -0.289 -0.035 -0.016 0.077 0 0 0 0 0 0 0 0 0 0
0.137 0.036 0.104 0.056 0.03 5.557 0.015 0.007 0.001 0.066 0 0 0 0 0 0 0 0 0 0
-0.62 -0.295 0.204 -0.124 -0.289 0.015 9.327 -0.044 -0.017 0.001 0 0 0 0 0 0 0 0 0 0
-0.051 -0.034 0.067 0 -0.035 0.007 -0.044 8.551 -0.002 0.022 0 0 0 0 0 0 0 0 0 0
-0.035 -0.016 0.009 -0.007 -0.016 0.001 -0.017 -0.002 9.837 -0.001 0 0 0 0 0 0 0 0 0 0
0.504 0.103 0.522 0.233 0.077 0.066 0.001 0.022 -0.001 6.726 0 0 0 0 0 0 0 0 0 0
0 0 0 0 0 0 0 0 0 0 19.848 1.659 -1.88 0.18 -2.687 1.606 0.547 2.618 -3.056 0.501
0 0 0 0 0 0 0 0 0 0 1.659 17.82 -1.056 0.101 -1.51 0.9 0.307 1.466 -1.718 0.281
0 0 0 0 0 0 0 0 0 0 -1.88 -1.056 28.458 -0.02 -1.233 -0.121 -0.095 -0.563 -1.691 -0.023
0 0 0 0 0 0 0 0 0 0 0.18 0.101 -0.02 12.021 -0.025 0.055 0.021 0.107 -0.014 0.017
0 0 0 0 0 0 0 0 0 0 -2.687 -1.51 -1.233 -0.025 26.085 -0.129 -0.123 -0.751 -2.595 -0.018
0 0 0 0 0 0 0 0 0 0 1.606 0.9 -0.121 0.055 -0.129 11.345 0.182 0.922 -0.016 0.138
0 0 0 0 0 0 0 0 0 0 0.547 0.307 -0.095 0.021 -0.123 0.182 13.35 0.344 -0.103 0.055
0 0 0 0 0 0 0 0 0 0 2.618 1.466 -0.563 0.107 -0.751 0.922 0.344 15.664 -0.695 0.279
0 0 0 0 0 0 0 0 0 0 -3.056 -1.718 -1.691 -0.014 -2.595 -0.016 -0.103 -0.695 22.386 0.022
0 0 0 0 0 0 0 0 0 0 0.501 0.281 -0.023 0.017 -0.018 0.138 0.055 0.279 0.022 9.802

 Final eigenvalues for each cluster >> 
 (rows correspond to clusters)
29.253 27.992 25.864 22.038 21.938 20.377 20.184 17.475 16.892 16.881 13.958 13.281 12.014 11.977 10.881 10.594 9.762 7.967 4.265 2.569
29.253 27.992 25.864 16.892 16.881 13.958 13.281 12.014 10.881 9.762 9.271 7.945 7.693 7.522 7.059 6.399 4.544 4.152 2.415 1.655
29.253 27.992 25.864 16.892 16.881 13.958 13.281 12.014 10.881 9.838 9.762 9.639 8.969 8.81 8.555 8.196 7.537 6.422 5.543 4.434

 *************************************************

 ********************* rotation ******************

 *************************************************


 The orthogonal matrix Q >>
0.15 0.133 0.529 0.225 0.247 0.198 0.586 0.174 0.23 0.32
0.133 -0.985 0.061 0.026 0.029 0.023 0.068 0.02 0.027 0.037
0.529 0.061 -0.756 0.104 0.114 0.091 0.269 0.08 0.106 0.147
0.225 0.026 0.104 -0.956 0.048 0.039 0.115 0.034 0.045 0.063
0.247 0.029 0.114 0.048 -0.947 0.043 0.126 0.037 0.049 0.069
0.198 0.023 0.091 0.039 0.043 -0.966 0.101 0.03 0.04 0.055
0.586 0.068 0.269 0.115 0.126 0.101 -0.702 0.089 0.117 0.163
0.174 0.02 0.08 0.034 0.037 0.03 0.089 -0.974 0.035 0.048
0.23 0.027 0.106 0.045 0.049 0.04 0.117 0.035 -0.954 0.064
0.32 0.037 0.147 0.063 0.069 0.055 0.163 0.048 0.064 -0.911

 Mean vectors and covariance matrices after rotation --- 1th cluster >>

 mean vector (mu'=Q*mu)>>
-1.248 -0.965 -1.369 0.36 -0.736 1.734 2.467 0.323 -1.276 -1.097 3.082 -1.775 1.553 1.016 -2.933 -3.246 1.146 0.771 3.05 -0.832

 covariance matrix (Sigma'=Q*Sigma*t(Q))>>

17.192 -0.172 -0.349 0 -0.074 0 0 0 0.863 0.674 0 -0.185 0 0 -0.619 -0.33 0 0 0 -1.493
-0.172 21.79 -0.24 0 -0.404 0 0 0 0.28 0.184 0 -0.124 0 0 -0.513 -0.241 0 0 0 -1.157
-0.349 -0.24 19.944 0 -0.279 0 0 0 0.724 0.544 0 -0.281 0 0 -0.853 -0.52 0 0 0 -1.991
0 0 0 11.345 0 0.055 -0.129 0.138 0 0 -0.016 0 -0.121 0.922 0 0 0.9 1.606 0.182 0
-0.074 -0.404 -0.279 0 9.439 0 0 0 -2.239 -1.836 0 -0.009 0 0 0.716 0.384 0 0 0 2.25
0 0 0 0.055 0 12.021 -0.025 0.017 0 0 -0.014 0 -0.02 0.107 0 0 0.101 0.18 0.021 0
0 0 0 -0.129 0 -0.025 26.085 -0.018 0 0 -2.595 0 -1.233 -0.751 0 0 -1.51 -2.687 -0.123 0
0 0 0 0.138 0 0.017 -0.018 9.802 0 0 0.022 0 -0.023 0.279 0 0 0.281 0.501 0.055 0
0.863 0.28 0.724 0 -2.239 0 0 0 20.465 -1.421 0 1.112 0 0 1.269 1.995 0 0 0 3.277
0.674 0.184 0.544 0 -1.836 0 0 0 -1.421 18.918 0 0.887 0 0 1.113 1.642 0 0 0 2.895
0 0 0 -0.016 0 -0.014 -2.595 0.022 0 0 22.386 0 -1.691 -0.695 0 0 -1.718 -3.056 -0.103 0
-0.185 -0.124 -0.281 0 -0.009 0 0 0 1.112 0.887 0 12.044 0 0 -0.113 0.225 0 0 0 -0.338
0 0 0 -0.121 0 -0.02 -1.233 -0.023 0 0 -1.691 0 28.458 -0.563 0 0 -1.056 -1.88 -0.095 0
0 0 0 0.922 0 0.107 -0.751 0.279 0 0 -0.695 0 -0.563 15.664 0 0 1.466 2.618 0.344 0
-0.619 -0.513 -0.853 0 0.716 0 0 0 1.269 1.113 0 -0.113 0 0 4.853 0.41 0 0 0 1.442
-0.33 -0.241 -0.52 0 0.384 0 0 0 1.995 1.642 0 0.225 0 0 0.41 8.741 0 0 0 0.838
0 0 0 0.9 0 0.101 -1.51 0.281 0 0 -1.718 0 -1.056 1.466 0 0 17.82 1.659 0.307 0
0 0 0 1.606 0 0.18 -2.687 0.501 0 0 -3.056 0 -1.88 2.618 0 0 1.659 19.848 0.547 0
0 0 0 0.182 0 0.021 -0.123 0.055 0 0 -0.103 0 -0.095 0.344 0 0 0.307 0.547 13.35 0
-1.493 -1.157 -1.991 0 2.25 0 0 0 3.277 2.895 0 -0.338 0 0 1.442 0.838 0 0 0 5.999

 Mean vectors and covariance matrices after rotation --- 2th cluster >>

 mean vector (mu'=Q*mu)>>
1.248 0.965 1.369 0.36 0.736 1.734 2.467 0.323 1.276 1.097 3.082 1.775 1.553 1.016 2.933 3.246 1.146 0.771 3.05 0.832

 covariance matrix (Sigma'=Q*Sigma*t(Q))>>

2.461 -0.142 -0.047 0 -0.102 0 0 0 -0.237 0.022 0 0.01 0 0 -0.209 -0.228 0 0 0 0.252
-0.142 7.904 0.039 0 -0.031 0 0 0 -0.067 0.06 0 -0.123 0 0 -0.069 0.005 0 0 0 -0.355
-0.047 0.039 7.342 0 0.092 0 0 0 -0.006 -0.448 0 -0.147 0 0 -0.056 0.865 0 0 0 0.9
0 0 0 11.345 0 0.055 -0.129 0.138 0 0 -0.016 0 -0.121 0.922 0 0 0.9 1.606 0.182 0
-0.102 -0.031 0.092 0 7.028 0 0 0 -0.049 0.12 0 -0.067 0 0 -0.021 -0.056 0 0 0 -0.321
0 0 0 0.055 0 12.021 -0.025 0.017 0 0 -0.014 0 -0.02 0.107 0 0 0.101 0.18 0.021 0
0 0 0 -0.129 0 -0.025 26.085 -0.018 0 0 -2.595 0 -1.233 -0.751 0 0 -1.51 -2.687 -0.123 0
0 0 0 0.138 0 0.017 -0.018 9.802 0 0 0.022 0 -0.023 0.279 0 0 0.281 0.501 0.055 0
-0.237 -0.067 -0.006 0 -0.049 0 0 0 9.164 0.017 0 -0.23 0 0 -0.165 -0.011 0 0 0 -0.635
0.022 0.06 -0.448 0 0.12 0 0 0 0.017 6.951 0 -0.111 0 0 -0.048 0.995 0 0 0 1.249
0 0 0 -0.016 0 -0.014 -2.595 0.022 0 0 22.386 0 -1.691 -0.695 0 0 -1.718 -3.056 -0.103 0
0.01 -0.123 -0.147 0 -0.067 0 0 0 -0.23 -0.111 0 4.1 0 0 -0.213 0.083 0 0 0 0.5
0 0 0 -0.121 0 -0.02 -1.233 -0.023 0 0 -1.691 0 28.458 -0.563 0 0 -1.056 -1.88 -0.095 0
0 0 0 0.922 0 0.107 -0.751 0.279 0 0 -0.695 0 -0.563 15.664 0 0 1.466 2.618 0.344 0
-0.209 -0.069 -0.056 0 -0.021 0 0 0 -0.165 -0.048 0 -0.213 0 0 6.291 0.479 0 0 0 0.172
-0.228 0.005 0.865 0 -0.056 0 0 0 -0.011 0.995 0 0.083 0 0 0.479 4.542 0 0 0 -0.639
0 0 0 0.9 0 0.101 -1.51 0.281 0 0 -1.718 0 -1.056 1.466 0 0 17.82 1.659 0.307 0
0 0 0 1.606 0 0.18 -2.687 0.501 0 0 -3.056 0 -1.88 2.618 0 0 1.659 19.848 0.547 0
0 0 0 0.182 0 0.021 -0.123 0.055 0 0 -0.103 0 -0.095 0.344 0 0 0.307 0.547 13.35 0
0.252 -0.355 0.9 0 -0.321 0 0 0 -0.635 1.249 0 0.5 0 0 0.172 -0.639 0 0 0 2.872

 Mean vectors and covariance matrices after rotation --- 3th cluster >>

 mean vector (mu'=Q*mu)>>
0.249 0.193 0.274 0.36 -9.453 1.734 2.467 0.323 0.255 0.219 3.082 0.355 1.553 1.016 0.587 0.649 1.146 0.771 3.05 1.275

 covariance matrix (Sigma'=Q*Sigma*t(Q))>>

7.559 -0.042 -0.033 0 0.019 0 0 0 -0.124 0.06 0 0.064 0 0 0.276 -0.24 0 0 0 -0.102
-0.042 8.551 0.03 0 0.035 0 0 0 -0.049 0.047 0 -0.048 0 0 0.007 -0.025 0 0 0 -0.022
-0.033 0.03 8.904 0 -0.101 0 0 0 0.003 0.16 0 0.094 0 0 0.428 -0.046 0 0 0 0.016
0 0 0 11.345 0 0.055 -0.129 0.138 0 0 -0.016 0 -0.121 0.922 0 0 0.9 1.606 0.182 0
0.019 0.035 -0.101 0 8.671 0 0 0 0.039 0.145 0 0.176 0 0 0.532 -0.048 0 0 0 0.06
0 0 0 0.055 0 12.021 -0.025 0.017 0 0 -0.014 0 -0.02 0.107 0 0 0.101 0.18 0.021 0
0 0 0 -0.129 0 -0.025 26.085 -0.018 0 0 -2.595 0 -1.233 -0.751 0 0 -1.51 -2.687 -0.123 0
0 0 0 0.138 0 0.017 -0.018 9.802 0 0 0.022 0 -0.023 0.279 0 0 0.281 0.501 0.055 0
-0.124 -0.049 0.003 0 0.039 0 0 0 9.712 0 0 -0.182 0 0 -0.215 -0.152 0 0 0 -0.311
0.06 0.047 0.16 0 0.145 0 0 0 0 5.648 0 0.058 0 0 0.156 0.17 0 0 0 0.433
0 0 0 -0.016 0 -0.014 -2.595 0.022 0 0 22.386 0 -1.691 -0.695 0 0 -1.718 -3.056 -0.103 0
0.064 -0.048 0.094 0 0.176 0 0 0 -0.182 0.058 0 6.464 0 0 0.194 -0.205 0 0 0 0.084
0 0 0 -0.121 0 -0.02 -1.233 -0.023 0 0 -1.691 0 28.458 -0.563 0 0 -1.056 -1.88 -0.095 0
0 0 0 0.922 0 0.107 -0.751 0.279 0 0 -0.695 0 -0.563 15.664 0 0 1.466 2.618 0.344 0
0.276 0.007 0.428 0 0.532 0 0 0 -0.215 0.156 0 0.194 0 0 4.83 0.054 0 0 0 0.949
-0.24 -0.025 -0.046 0 -0.048 0 0 0 -0.152 0.17 0 -0.205 0 0 0.054 9.45 0 0 0 -0.407
0 0 0 0.9 0 0.101 -1.51 0.281 0 0 -1.718 0 -1.056 1.466 0 0 17.82 1.659 0.307 0
0 0 0 1.606 0 0.18 -2.687 0.501 0 0 -3.056 0 -1.88 2.618 0 0 1.659 19.848 0.547 0
0 0 0 0.182 0 0.021 -0.123 0.055 0 0 -0.103 0 -0.095 0.344 0 0 0.307 0.547 13.35 0
-0.102 -0.022 0.016 0 0.06 0 0 0 -0.311 0.433 0 0.084 0 0 0.949 -0.407 0 0 0 8.155

 Final eigenvalues for each cluster >> 
 (rows correspond to clusters)
29.253 27.992 25.864 22.038 21.938 20.377 20.184 17.475 16.892 16.881 13.958 13.281 12.014 11.977 10.881 10.594 9.762 7.967 4.265 2.569
29.253 27.992 25.864 16.892 16.881 13.958 13.281 12.014 10.881 9.762 9.271 7.945 7.693 7.522 7.059 6.399 4.544 4.152 2.415 1.655
29.253 27.992 25.864 16.892 16.881 13.958 13.281 12.014 10.881 9.838 9.762 9.639 8.969 8.81 8.555 8.196 7.537 6.422 5.543 4.434

 theoretical Separation index matrix >>

-1 0.011 0.01
0.011 -1 0.01
0.01 0.01 -1

 theoretical projection directions >>

**** cluster 1 and 2
0.243 0.121 0.159 0 0.077 0 0 0 0.032 -0.01 0 0.308 0 0 0.636 0.603 0 0 0 0.176

**** cluster 1 and 3
0.116 0.065 0.105 0 -0.71 0 0 0 -0.076 -0.092 0 0.163 0 0 0.501 0.292 0 0 0 0.299

**** cluster 2 and 3
-0.166 -0.068 -0.08 0 -0.889 0 0 0 -0.087 -0.059 0 -0.19 0 0 -0.242 -0.251 0 0 0 0.052

 empirical Separation index matrix (alpha= 0.05 )>>

-1 0.076 0.155
0.076 -1 0.135
0.155 0.135 -1

 empirical projection directions >>

**** cluster 1 and 2
-0.182 -0.212 -0.015 -0.218 0.746 0.024 0.018 -0.067 0.143 0.066 0.064 -0.076 -0.026 0.129 -0.332 -0.343 0.026 0.053 0.001 -0.172

**** cluster 1 and 3
0.131 -0.046 0.097 -0.097 0.774 -0.041 -0.058 -0.271 0.22 0.069 0.035 0.165 -0.049 0.063 0.371 0.094 0.028 0.051 -0.038 -0.214

**** cluster 2 and 3
0.239 0.323 0.253 0 0.106 0.019 0.022 0.053 -0.054 -0.111 -0.127 0.265 0.02 -0.044 0.464 0.615 -0.027 0.059 -0.112 0.212
