
 Log information for the data set datasetJHG3v5nv3out0_2.dat >>

 alpha = 0.05 sepVal = 0.34

 Number of clusters >> 3

 cluster sizes >>
50 50 50

 Number of data points >> 150

 Number of dimensions >> 8

 Number of noisy dimensions >> 3

 noisy variables >>
5 6 8

 Number of outliers >> 0

 initial eigenvalues for each cluster >> 
 (rows correspond to clusters)
9.751 7.247 5.42 7.707 8.025
5.625 8.059 7.336 5.628 2.695
7.194 5.33 3.293 9.721 1.662

 Mean vectors and covariance matrices before rotation --- 1th cluster >>

 mean vector (mu'=Q*mu)>>
-10.648 0 0 0 0 2.848 2.694 1.604

 covariance matrix (Sigma'=Q*Sigma*t(Q))>>

8.286 0.08 0.956 0.627 0.414 0 0 0
0.08 7.253 0.053 0.066 0.055 0 0 0
0.956 0.053 5.808 0.547 0.476 0 0 0
0.627 0.066 0.547 8.343 0.529 0 0 0
0.414 0.055 0.476 0.529 8.459 0 0 0
0 0 0 0 0 23.872 -0.687 -7.649
0 0 0 0 0 -0.687 21.991 -3.624
0 0 0 0 0 -7.649 -3.624 47.023

 Mean vectors and covariance matrices before rotation --- 2th cluster >>

 mean vector (mu'=Q*mu)>>
10.648 0 0 0 0 2.848 2.694 1.604

 covariance matrix (Sigma'=Q*Sigma*t(Q))>>

6.425 -1.17 -0.231 0.085 1.029 0 0 0
-1.17 7.987 -0.172 -0.281 0.065 0 0 0
-0.231 -0.172 7.866 -0.055 0.039 0 0 0
0.085 -0.281 -0.055 6.086 0.246 0 0 0
1.029 0.065 0.039 0.246 3.263 0 0 0
0 0 0 0 0 23.872 -0.687 -7.649
0 0 0 0 0 -0.687 21.991 -3.624
0 0 0 0 0 -7.649 -3.624 47.023

 Mean vectors and covariance matrices before rotation --- 3th cluster >>

 mean vector (mu'=Q*mu)>>
0 18.442 0 0 0 2.848 2.694 1.604

 covariance matrix (Sigma'=Q*Sigma*t(Q))>>

6.328 0.888 0.141 -0.517 0.796 0 0 0
0.888 6.13 0.083 -0.075 0.414 0 0 0
0.141 0.083 3.301 0.004 0.034 0 0 0
-0.517 -0.075 0.004 9.627 0.039 0 0 0
0.796 0.414 0.034 0.039 1.815 0 0 0
0 0 0 0 0 23.872 -0.687 -7.649
0 0 0 0 0 -0.687 21.991 -3.624
0 0 0 0 0 -7.649 -3.624 47.023

 Final eigenvalues for each cluster >> 
 (rows correspond to clusters)
49.711 23.277 19.898 9.751 8.025 7.707 7.247 5.42
49.711 23.277 19.898 8.686 7.907 6.066 6.063 2.904
49.711 23.277 19.898 9.721 7.194 5.33 3.293 1.662

 *************************************************

 ********************* rotation ******************

 *************************************************


 The orthogonal matrix Q >>
0.571 0.451 0.449 0.407 0.322
0.451 -0.871 0.129 0.117 0.092
0.449 0.129 -0.872 0.116 0.092
0.407 0.117 0.116 -0.894 0.083
0.322 0.092 0.092 0.083 -0.934

 Mean vectors and covariance matrices after rotation --- 1th cluster >>

 mean vector (mu'=Q*mu)>>
-6.077 -4.8 -4.782 -3.425 1.604 2.848 -4.337 2.694

 covariance matrix (Sigma'=Q*Sigma*t(Q))>>

9.116 0.835 0.649 -0.401 0 0 -0.39 0
0.835 7.618 0.113 -0.073 0 0 -0.092 0
0.649 0.113 5.564 0.132 0 0 0.115 0
-0.401 -0.073 0.132 8.09 0 0 0.065 0
0 0 0 0 47.023 -7.649 0 -3.624
0 0 0 0 -7.649 23.872 0 -0.687
-0.39 -0.092 0.115 0.065 0 0 7.76 0
0 0 0 0 -3.624 -0.687 0 21.991

 Mean vectors and covariance matrices after rotation --- 2th cluster >>

 mean vector (mu'=Q*mu)>>
6.077 4.8 4.782 3.425 1.604 2.848 4.337 2.694

 covariance matrix (Sigma'=Q*Sigma*t(Q))>>

6.248 0.007 -0.554 0.192 0 0 0.047 0
0.007 8.678 0.086 0.077 0 0 0.026 0
-0.554 0.086 7.695 -0.256 0 0 -0.137 0
0.192 0.077 -0.256 2.927 0 0 0.031 0
0 0 0 0 47.023 -7.649 0 -3.624
0 0 0 0 -7.649 23.872 0 -0.687
0.047 0.026 -0.137 0.031 0 0 6.078 0
0 0 0 0 -3.624 -0.687 0 21.991

 Mean vectors and covariance matrices after rotation --- 3th cluster >>

 mean vector (mu'=Q*mu)>>
8.313 -16.056 2.377 1.702 1.604 2.848 2.156 2.694

 covariance matrix (Sigma'=Q*Sigma*t(Q))>>

6.486 -0.366 1.42 0.916 0 0 -0.856 0
-0.366 5.397 0.079 0.183 0 0 -0.51 0
1.42 0.079 4.019 0.321 0 0 0.226 0
0.916 0.183 0.321 1.858 0 0 -0.007 0
0 0 0 0 47.023 -7.649 0 -3.624
0 0 0 0 -7.649 23.872 0 -0.687
-0.856 -0.51 0.226 -0.007 0 0 9.44 0
0 0 0 0 -3.624 -0.687 0 21.991

 Final eigenvalues for each cluster >> 
 (rows correspond to clusters)
49.711 23.277 19.898 9.751 8.025 7.707 7.247 5.42
49.711 23.277 19.898 8.686 7.907 6.066 6.063 2.904
49.711 23.277 19.898 9.721 7.194 5.33 3.293 1.662

 theoretical Separation index matrix >>

-1 0.34 0.34
0.34 -1 0.349
0.34 0.349 -1

 theoretical projection directions >>

**** cluster 1 and 2
0.525 0.357 0.471 0.436 0 0 0.429 0

**** cluster 1 and 3
0.597 -0.595 0.357 0.305 0 0 0.265 0

**** cluster 2 and 3
0.102 -0.96 -0.127 -0.2 0 0 -0.113 0

 empirical Separation index matrix (alpha= 0.05 )>>

-1 0.328 0.341
0.328 -1 0.349
0.341 0.349 -1

 empirical projection directions >>

**** cluster 1 and 2
-0.61 0.609 -0.375 -0.274 -0.013 -0.048 -0.198 -0.007

**** cluster 1 and 3
-0.192 0.852 0.144 0.436 -0.039 -0.054 0.144 0.007

**** cluster 2 and 3
0.609 0.289 0.527 0.354 -0.021 -0.026 0.375 0.017
