
 Log information for the data set datasetJLG5v10nv1out0_1.dat >>

 alpha = 0.05 sepVal = 0.01

 Number of clusters >> 5

 cluster sizes >>
50 50 50 50 50

 Number of data points >> 250

 Number of dimensions >> 11

 Number of noisy dimensions >> 1

 noisy variables >>
11

 Number of outliers >> 0

 initial eigenvalues for each cluster >> 
 (rows correspond to clusters)
6.575 9.469 6.639 9.581 2.576 4.679 1.119 1.729 6.073 8.181
7.161 3.042 5.647 9.884 8.839 9.939 7.262 2.401 3.746 2.919
5.338 6.038 8.297 1.028 9.807 6.846 4.764 1.45 6.225 6.314
1.578 3.266 6.398 5.203 8.045 9.026 7.665 5.645 9.55 5.626
9.64 8.569 2.036 1.965 6.175 1.706 9.846 8.434 1.851 9.149

 Mean vectors and covariance matrices before rotation --- 1th cluster >>

 mean vector (mu'=Q*mu)>>
-5.044 0 0 0 0 0 0 0 0 0 2.744

 covariance matrix (Sigma'=Q*Sigma*t(Q))>>

6.981 -1.057 0.036 -1.142 0.909 0.875 0.709 0.277 0.34 -0.286 0
-1.057 8.833 -0.124 -0.672 0.084 -0.082 0.1 0.034 -0.259 -0.261 0
0.036 -0.124 6.642 -0.134 0.103 0.097 0.08 0.031 0.036 -0.034 0
-1.142 -0.672 -0.134 8.87 0.08 -0.098 0.1 0.034 -0.283 -0.277 0
0.909 0.084 0.103 0.08 2.839 0.37 0.18 0.074 0.309 0.087 0
0.875 -0.082 0.097 -0.098 0.37 5.141 0.266 0.107 0.327 0.035 0
0.709 0.1 0.08 0.1 0.18 0.266 1.239 0.05 0.234 0.078 0
0.277 0.034 0.031 0.034 0.074 0.107 0.05 1.749 0.092 0.029 0
0.34 -0.259 0.036 -0.283 0.309 0.327 0.234 0.092 6.242 -0.054 0
-0.286 -0.261 -0.034 -0.277 0.087 0.035 0.078 0.029 -0.054 8.084 0
0 0 0 0 0 0 0 0 0 0 9.762

 Mean vectors and covariance matrices before rotation --- 2th cluster >>

 mean vector (mu'=Q*mu)>>
5.044 0 0 0 0 0 0 0 0 0 2.744

 covariance matrix (Sigma'=Q*Sigma*t(Q))>>

6.448 0.804 0.217 -1.672 -1.003 -0.073 -0.048 0.645 1.236 1.463 0
0.804 3.693 0.336 0.031 0.093 0.001 0.023 0.233 0.577 0.574 0
0.217 0.336 6.497 -0.279 -0.123 -0.012 0.005 0.254 0.565 0.604 0
-1.672 0.031 -0.279 10.08 -0.61 -0.038 -0.05 0.054 -0.047 0.071 0
-1.003 0.093 -0.123 -0.61 9.385 -0.026 -0.03 0.09 0.095 0.177 0
-0.073 0.001 -0.012 -0.038 -0.026 11.012 -0.002 0.002 -0.002 0.003 0
-0.048 0.023 0.005 -0.05 -0.03 -0.002 8.045 0.018 0.034 0.041 0
0.645 0.233 0.254 0.054 0.09 0.002 0.018 2.828 0.421 0.415 0
1.236 0.577 0.565 -0.047 0.095 -0.002 0.034 0.421 5.173 1.03 0
1.463 0.574 0.604 0.071 0.177 0.003 0.041 0.415 1.03 4.256 0
0 0 0 0 0 0 0 0 0 0 9.762

 Mean vectors and covariance matrices before rotation --- 3th cluster >>

 mean vector (mu'=Q*mu)>>
0 8.737 0 0 0 0 0 0 0 0 2.744

 covariance matrix (Sigma'=Q*Sigma*t(Q))>>

6.165 -0.049 -0.584 1.642 -1.939 -0.341 0.529 1.399 -0.049 -0.123 0
-0.049 6.202 -0.226 0.42 -0.684 -0.177 0.06 0.352 -0.045 -0.098 0
-0.584 -0.226 8.35 0.141 -0.749 -0.307 -0.19 0.103 -0.105 -0.216 0
1.642 0.42 0.141 2.018 0.06 0.366 0.783 0.844 0.177 0.346 0
-1.939 -0.684 -0.749 0.06 8.345 -0.868 -0.705 -0.004 -0.313 -0.638 0
-0.341 -0.177 -0.307 0.366 -0.868 6.842 -0.058 0.299 -0.087 -0.181 0
0.529 0.06 -0.19 0.783 -0.705 -0.058 5.3 0.674 0.015 0.019 0
1.399 0.352 0.103 0.844 -0.004 0.299 0.674 2.26 0.147 0.287 0
-0.049 -0.045 -0.105 0.177 -0.313 -0.087 0.015 0.147 6.456 -0.05 0
-0.123 -0.098 -0.216 0.346 -0.638 -0.181 0.019 0.287 -0.05 6.465 0
0 0 0 0 0 0 0 0 0 0 9.762

 Mean vectors and covariance matrices before rotation --- 4th cluster >>

 mean vector (mu'=Q*mu)>>
0 2.912 8.237 0 0 0 0 0 0 0 2.744

 covariance matrix (Sigma'=Q*Sigma*t(Q))>>

6.523 0.881 -0.042 0.255 -0.6 -0.957 -0.693 0.067 -1.299 0.114 0
0.881 3.358 -0.054 -0.11 -0.313 -0.431 -0.396 -0.118 -0.556 -0.185 0
-0.042 -0.054 6.366 -0.112 -0.14 -0.175 -0.186 -0.092 -0.218 -0.145 0
0.255 -0.11 -0.112 4.846 -0.522 -0.67 -0.684 -0.306 -0.84 -0.482 0
-0.6 -0.313 -0.14 -0.522 7.465 -0.708 -0.777 -0.419 -0.869 -0.662 0
-0.957 -0.431 -0.175 -0.67 -0.708 8.17 -0.953 -0.532 -1.046 -0.841 0
-0.693 -0.396 -0.186 -0.684 -0.777 -0.953 6.627 -0.551 -1.173 -0.872 0
0.067 -0.118 -0.092 -0.306 -0.419 -0.532 -0.551 5.388 -0.664 -0.407 0
-1.299 -0.556 -0.218 -0.84 -0.869 -1.046 -1.173 -0.664 8.275 -1.051 0
0.114 -0.185 -0.145 -0.482 -0.662 -0.841 -0.872 -0.407 -1.051 4.984 0
0 0 0 0 0 0 0 0 0 0 9.762

 Mean vectors and covariance matrices before rotation --- 5th cluster >>

 mean vector (mu'=Q*mu)>>
0 2.912 2.059 7.976 0 0 0 0 0 0 2.744

 covariance matrix (Sigma'=Q*Sigma*t(Q))>>

9.343 -0.139 1.594 2.048 0.162 4.98 -0.923 -0.147 0.328 -0.917 0
-0.139 12.94 0.1 0.129 0.016 0.31 -0.027 0.001 0.021 -0.017 0
1.594 0.1 3.541 0.594 0.135 1.408 0.248 0.123 0.094 0.395 0
2.048 0.129 0.594 3.725 0.173 1.795 0.319 0.158 0.12 0.507 0
0.162 0.016 0.135 0.173 9.356 0.413 0.022 0.02 0.027 0.051 0
4.98 0.31 1.408 1.795 0.413 6.825 0.777 0.382 0.284 1.229 0
-0.923 -0.027 0.248 0.319 0.022 0.777 14.706 -0.029 0.051 -0.166 0
-0.147 0.001 0.123 0.158 0.02 0.382 -0.029 12.738 0.025 -0.016 0
0.328 0.021 0.094 0.12 0.027 0.284 0.051 0.025 2.814 0.081 0
-0.917 -0.017 0.395 0.507 0.051 1.229 -0.166 -0.016 0.081 13.668 0
0 0 0 0 0 0 0 0 0 0 9.762

 Final eigenvalues for each cluster >> 
 (rows correspond to clusters)
9.762 9.581 9.469 8.181 6.639 6.575 6.073 4.679 2.576 1.729 1.119
11.014 10.953 9.795 9.762 8.047 7.935 6.257 4.151 3.371 3.235 2.66
10.208 9.762 8.637 7.126 6.572 6.48 6.285 5.556 4.959 1.51 1.07
9.762 9.55 9.026 8.045 7.665 6.398 5.645 5.626 5.203 3.266 1.578
14.868 14.558 13.815 12.94 12.736 9.762 9.325 3.075 2.967 2.795 2.576

 *************************************************

 ********************* rotation ******************

 *************************************************


 The orthogonal matrix Q >>
0.399 0.388 0.065 0.287 0.431 0.264 0.103 0.368 0.337 0.297
0.388 -0.893 0.018 0.08 0.119 0.073 0.029 0.102 0.093 0.082
0.065 0.018 -0.997 0.013 0.02 0.012 0.005 0.017 0.016 0.014
0.287 0.08 0.013 -0.941 0.089 0.054 0.021 0.076 0.069 0.061
0.431 0.119 0.02 0.089 -0.867 0.082 0.032 0.113 0.104 0.091
0.264 0.073 0.012 0.054 0.082 -0.95 0.02 0.069 0.064 0.056
0.103 0.029 0.005 0.021 0.032 0.02 -0.992 0.027 0.025 0.022
0.368 0.102 0.017 0.076 0.113 0.069 0.027 -0.903 0.089 0.078
0.337 0.093 0.016 0.069 0.104 0.064 0.025 0.089 -0.919 0.071
0.297 0.082 0.014 0.061 0.091 0.056 0.022 0.078 0.071 -0.937

 Mean vectors and covariance matrices after rotation --- 1th cluster >>

 mean vector (mu'=Q*mu)>>
-0.521 -2.015 -1.855 -1.7 -2.176 -0.327 -1.334 -1.45 -1.955 -1.496 2.744

 covariance matrix (Sigma'=Q*Sigma*t(Q))>>

1.125 -0.106 -0.059 0.017 -0.056 0.04 0.038 0.042 -0.043 -0.078 0
-0.106 5.88 1.418 -0.212 0.777 -0.044 -0.347 0.121 -0.246 -0.291 0
-0.059 1.418 2.425 0.292 0.48 0.076 0.056 0.66 0.644 0.331 0
0.017 -0.212 0.292 6.04 0.189 0.003 -0.021 -0.038 -0.144 -0.116 0
-0.056 0.777 0.48 0.189 2.863 0.087 0.033 0.512 0.392 0.129 0
0.04 -0.044 0.076 0.003 0.087 6.637 0.035 -0.081 -0.095 -0.041 0
0.038 -0.347 0.056 -0.021 0.033 0.035 4.719 -0.067 -0.209 -0.181 0
0.042 0.121 0.66 -0.038 0.512 -0.081 -0.067 9.435 -0.094 0.037 0
-0.043 -0.246 0.644 -0.144 0.392 -0.095 -0.209 -0.094 9.366 -0.026 0
-0.078 -0.291 0.331 -0.116 0.129 -0.041 -0.181 0.037 -0.026 8.132 0
0 0 0 0 0 0 0 0 0 0 9.762

 Mean vectors and covariance matrices after rotation --- 2th cluster >>

 mean vector (mu'=Q*mu)>>
0.521 2.015 1.855 1.7 2.176 0.327 1.334 1.45 1.955 1.496 2.744

 covariance matrix (Sigma'=Q*Sigma*t(Q))>>

8.04 -0.039 0.03 -0.106 -0.004 -0.049 -0.074 0.074 -0.008 -0.116 0
-0.039 7.574 1.066 -0.429 -0.333 -0.473 -0.853 0.212 0.665 -0.458 0
0.03 1.066 2.972 0.014 0.304 0.079 -0.179 0.575 0.232 -0.064 0
-0.106 -0.429 0.014 4.306 -0.341 0.309 -0.556 0.009 0.008 0.156 0
-0.004 -0.333 0.304 -0.341 9.691 -0.32 -0.206 0.037 0.14 -0.346 0
-0.049 -0.473 0.079 0.309 -0.32 6.431 -0.189 -0.344 0.124 0.357 0
-0.074 -0.853 -0.179 -0.556 -0.206 -0.189 10.677 0.114 -0.3 -0.571 0
0.074 0.212 0.575 0.009 0.037 -0.344 0.114 10.806 0.46 0.027 0
-0.008 0.665 0.232 0.008 0.14 0.124 -0.3 0.46 3.53 -0.054 0
-0.116 -0.458 -0.064 0.156 -0.346 0.357 -0.571 0.027 -0.054 3.391 0
0 0 0 0 0 0 0 0 0 0 9.762

 Mean vectors and covariance matrices after rotation --- 3th cluster >>

 mean vector (mu'=Q*mu)>>
0.25 3.386 0.89 0.816 1.044 0.157 0.64 0.695 -7.8 0.718 2.744

 covariance matrix (Sigma'=Q*Sigma*t(Q))>>

5.175 -0.332 0.36 -0.188 -0.774 -0.14 -0.174 0.462 -0.164 -0.144 0
-0.332 5.673 0.082 -0.106 0.578 0.602 0.202 -0.412 0.014 0.042 0
0.36 0.082 1.601 -0.154 0.291 0.359 0.217 0.061 0.04 0.079 0
-0.188 -0.106 -0.154 6.457 0.312 0.183 0.056 -0.305 -0.013 0.003 0
-0.774 0.578 0.291 0.312 9.944 -0.26 -0.197 -0.026 0.075 -0.021 0
-0.14 0.602 0.359 0.183 -0.26 8.461 -0.054 0.294 0.112 0.048 0
-0.174 0.202 0.217 0.056 -0.197 -0.054 7.064 0.109 0.011 -0.015 0
0.462 -0.412 0.061 -0.305 -0.026 0.294 0.109 1.195 -0.108 -0.035 0
-0.164 0.014 0.04 -0.013 0.075 0.112 0.011 -0.108 6.274 -0.01 0
-0.144 0.042 0.079 0.003 -0.021 0.048 -0.015 -0.035 -0.01 6.557 0
0 0 0 0 0 0 0 0 0 0 9.762

 Mean vectors and covariance matrices after rotation --- 4th cluster >>

 mean vector (mu'=Q*mu)>>
0.123 1.663 0.437 0.4 0.513 -8.16 0.314 0.341 -2.452 0.352 2.744

 covariance matrix (Sigma'=Q*Sigma*t(Q))>>

7.008 1.747 0.167 -0.372 0.083 -0.045 -0.318 -0.103 0.313 -0.244 0
1.747 2.676 0.097 0.668 -0.331 0.153 0.689 0.538 0.267 0.8 0
0.167 0.097 5.669 0.104 -0.027 0.007 0.097 -0.017 0.009 -0.006 0
-0.372 0.668 0.104 9.447 0.088 -0.036 -0.103 -0.177 0.097 -0.272 0
0.083 -0.331 -0.027 0.088 7.996 -0.013 0.074 -0.136 -0.1 -0.143 0
-0.045 0.153 0.007 -0.036 -0.013 6.392 -0.029 -0.022 0.021 -0.035 0
-0.318 0.689 0.097 -0.103 0.074 -0.029 8.928 -0.129 0.11 -0.209 0
-0.103 0.538 -0.017 -0.177 -0.136 -0.022 -0.129 5.125 0.061 -0.114 0
0.313 0.267 0.009 0.097 -0.1 0.021 0.11 0.061 3.313 0.101 0
-0.244 0.8 -0.006 -0.272 -0.143 -0.035 -0.209 -0.114 0.101 5.448 0
0 0 0 0 0 0 0 0 0 0 9.762

 Mean vectors and covariance matrices after rotation --- 5th cluster >>

 mean vector (mu'=Q*mu)>>
0.262 3.554 0.934 0.856 1.096 -1.895 0.671 -7.246 -1.928 0.753 2.744

 covariance matrix (Sigma'=Q*Sigma*t(Q))>>

14.807 -0.137 0.122 0.386 0.271 0.09 0.367 0.346 0.128 -0.011 0
-0.137 11.925 -0.225 2.93 1.047 -0.921 -2.098 0.759 -0.28 -0.522 0
0.122 -0.225 12.519 0.527 0.019 -0.573 -1.622 -0.336 -0.246 -0.073 0
0.386 2.93 0.527 3.917 0.851 -0.42 -1.047 0.216 0.535 0.596 0
0.271 1.047 0.019 0.851 9.656 -0.636 -1.752 -0.206 -0.004 0.191 0
0.09 -0.921 -0.573 -0.42 -0.636 3.302 0.582 -0.006 -0.636 -0.145 0
0.367 -2.098 -1.622 -1.047 -1.752 0.582 4.058 -0.002 -1.812 -0.3 0
0.346 0.759 -0.336 0.216 -0.206 -0.006 -0.002 3.086 -0.404 0.203 0
0.128 -0.28 -0.246 0.535 -0.004 -0.636 -1.812 -0.404 12.663 -0.089 0
-0.011 -0.522 -0.073 0.596 0.191 -0.145 -0.3 0.203 -0.089 13.719 0
0 0 0 0 0 0 0 0 0 0 9.762

 Final eigenvalues for each cluster >> 
 (rows correspond to clusters)
9.762 9.581 9.469 8.181 6.639 6.575 6.073 4.679 2.576 1.729 1.119
11.014 10.953 9.795 9.762 8.047 7.935 6.257 4.151 3.371 3.235 2.66
10.208 9.762 8.637 7.126 6.572 6.48 6.285 5.556 4.959 1.51 1.07
9.762 9.55 9.026 8.045 7.665 6.398 5.645 5.626 5.203 3.266 1.578
14.868 14.558 13.815 12.94 12.736 9.762 9.325 3.075 2.967 2.795 2.576

 theoretical Separation index matrix >>

-1 0.015 0.01 0.01 0.01
0.015 -1 0.081 0.041 0.01
0.01 0.081 -1 0.014 0.199
0.01 0.041 0.014 -1 0.116
0.01 0.01 0.199 0.116 -1

 theoretical projection directions >>

**** cluster 1 and 2
0.151 0.304 0.509 0.421 0.361 0.06 0.278 0.117 0.32 0.349 0

**** cluster 1 and 3
0.151 0.463 0.592 0.235 0.211 -0.001 0.181 0.206 -0.456 0.172 0

**** cluster 1 and 4
0.019 0.459 0.24 0.149 0.276 -0.756 0.14 0.116 -0.073 0.153 0

**** cluster 1 and 5
0.051 0.383 0.218 0.191 0.285 -0.143 0.529 -0.604 0.032 0.137 0

**** cluster 2 and 3
-0.027 0.155 -0.163 -0.075 -0.042 0.012 -0.052 -0.01 -0.965 -0.08 0

**** cluster 2 and 4
-0.028 0.026 -0.145 -0.09 -0.114 -0.699 -0.079 -0.068 -0.664 -0.127 0

**** cluster 2 and 5
0.015 0.122 -0.085 -0.135 -0.105 -0.331 -0.114 -0.866 -0.276 -0.026 0

**** cluster 3 and 4
-0.007 -0.213 -0.038 -0.022 -0.041 -0.672 -0.021 -0.031 0.705 -0.028 0

**** cluster 3 and 5
0.048 0.02 -0.011 -0.024 -0.007 -0.047 0.029 -0.987 0.139 0.009 0

**** cluster 4 and 5
0.001 0.199 0.029 -0.008 0.027 0.566 0.03 -0.797 0.034 0.027 0

 empirical Separation index matrix (alpha= 0.05 )>>

-1 0.076 -0.034 0.11 0.105
0.076 -1 0.073 0.076 0.095
-0.034 0.073 -1 0.07 0.023
0.11 0.076 0.07 -1 0.222
0.105 0.095 0.023 0.222 -1

 empirical projection directions >>

**** cluster 1 and 2
0.331 0.386 0.172 -0.006 0.165 -0.651 0.105 -0.057 -0.156 0.414 0.226

**** cluster 1 and 3
0.402 0.215 0.425 0.357 0.379 0.018 0.251 0.195 0.292 0.391 -0.017

**** cluster 1 and 4
0.017 0.464 0.498 0.221 0.336 0.031 0.073 0.479 -0.356 0.109 0.029

**** cluster 1 and 5
0.184 0.411 0.051 0.036 0.29 -0.258 0.259 -0.704 -0.118 0.171 0.19

**** cluster 2 and 3
-0.108 -0.123 0.116 0.015 0.172 0.65 0.167 0.027 0.691 -0.045 -0.009

**** cluster 2 and 4
-0.234 0.128 0.006 0.344 0.155 0.562 -0.069 0.22 -0.611 -0.209 0.01

**** cluster 2 and 5
0.055 0.38 -0.069 -0.006 0.058 0.395 0.135 -0.81 -0.03 0.041 0.108

**** cluster 3 and 4
-0.035 0.172 -0.016 0.114 -0.067 0.053 -0.104 0.009 -0.96 -0.127 -0.003

**** cluster 3 and 5
0.016 0.145 -0.065 -0.199 0.052 -0.423 -0.197 -0.726 -0.43 -0.031 -0.02

**** cluster 4 and 5
0.067 0.046 -0.105 -0.055 -0.02 -0.03 0.042 -0.978 0.126 0.058 -0.025
