
 Log information for the data set datasetJMG2v10nv3out0_3.dat >>

 alpha = 0.05 sepVal = 0.21

 Number of clusters >> 2

 cluster sizes >>
50 50

 Number of data points >> 100

 Number of dimensions >> 13

 Number of noisy dimensions >> 3

 noisy variables >>
4 8 12

 Number of outliers >> 0

 initial eigenvalues for each cluster >> 
 (rows correspond to clusters)
6.252 7.03 5.951 8.767 5.788 9.811 9.359 8.511 7.446 4.624
1.075 2.704 3.4 1.221 3.23 6.045 9.698 2.075 5.308 6.855

 Mean vectors and covariance matrices before rotation --- 1th cluster >>

 mean vector (mu'=Q*mu)>>
-6.52 0 0 0 0 0 0 0 0 0 0 0 0

 covariance matrix (Sigma'=Q*Sigma*t(Q))>>

7.4 0.071 0.465 -0.194 0.46 -1.15 -0.831 -0.035 -0.056 0.793 0 0 0
0.071 6.928 0.063 -0.106 0.075 -0.547 -0.414 -0.02 -0.084 0.203 0 0 0
0.465 0.063 6.128 -0.048 0.171 -0.312 -0.22 -0.008 0.003 0.272 0 0 0
-0.194 -0.106 -0.048 8.717 -0.037 -0.226 -0.18 -0.01 -0.061 0.002 0 0 0
0.46 0.075 0.171 -0.037 5.953 -0.254 -0.175 -0.006 0.012 0.251 0 0 0
-1.15 -0.547 -0.312 -0.226 -0.254 8.839 -0.787 -0.046 -0.301 -0.11 0 0 0
-0.831 -0.414 -0.22 -0.18 -0.175 -0.787 8.726 -0.037 -0.232 -0.052 0 0 0
-0.035 -0.02 -0.008 -0.01 -0.006 -0.046 -0.037 8.509 -0.012 0.002 0 0 0
-0.056 -0.084 0.003 -0.061 0.012 -0.301 -0.232 -0.012 7.388 0.076 0 0 0
0.793 0.203 0.272 0.002 0.251 -0.11 -0.052 0.002 0.076 4.951 0 0 0
0 0 0 0 0 0 0 0 0 0 27.072 -0.609 -1.024
0 0 0 0 0 0 0 0 0 0 -0.609 20.479 -2.267
0 0 0 0 0 0 0 0 0 0 -1.024 -2.267 30.215

 Mean vectors and covariance matrices before rotation --- 2th cluster >>

 mean vector (mu'=Q*mu)>>
6.52 0 0 0 0 0 0 0 0 0 0 0 0

 covariance matrix (Sigma'=Q*Sigma*t(Q))>>

3.36 -0.01 -0.386 0.093 -0.323 -1.082 -1.466 0.115 -0.499 -0.059 0 0 0
-0.01 2.685 -0.103 -0.001 -0.103 -0.138 -0.156 -0.019 -0.069 -0.007 0 0 0
-0.386 -0.103 2.876 -0.021 -0.532 -0.617 -0.661 -0.124 -0.316 -0.031 0 0 0
0.093 -0.001 -0.021 1.225 -0.018 -0.05 -0.067 0.004 -0.024 -0.003 0 0 0
-0.323 -0.103 -0.532 -0.018 2.692 -0.642 -0.697 -0.121 -0.328 -0.032 0 0 0
-1.082 -0.138 -0.617 -0.05 -0.642 5.474 -0.537 -0.197 -0.306 -0.027 0 0 0
-1.466 -0.156 -0.661 -0.067 -0.697 -0.537 9.239 -0.235 -0.296 -0.025 0 0 0
0.115 -0.019 -0.124 0.004 -0.121 -0.197 -0.235 2.062 -0.096 -0.01 0 0 0
-0.499 -0.069 -0.316 -0.024 -0.328 -0.306 -0.296 -0.096 5.145 -0.015 0 0 0
-0.059 -0.007 -0.031 -0.003 -0.032 -0.027 -0.025 -0.01 -0.015 6.853 0 0 0
0 0 0 0 0 0 0 0 0 0 27.072 -0.609 -1.024
0 0 0 0 0 0 0 0 0 0 -0.609 20.479 -2.267
0 0 0 0 0 0 0 0 0 0 -1.024 -2.267 30.215

 Final eigenvalues for each cluster >> 
 (rows correspond to clusters)
30.916 26.966 19.884 9.811 9.359 8.767 8.511 7.446 7.03 6.252 5.951 5.788 4.624
30.916 26.966 19.884 9.698 6.855 6.045 5.308 3.4 3.23 2.704 2.075 1.221 1.075

 *************************************************

 ********************* rotation ******************

 *************************************************


 The orthogonal matrix Q >>
0.053 0.318 0.02 0.607 0.596 0.147 0.135 0.268 0.114 0.219
0.318 -0.904 0.006 0.183 0.18 0.045 0.041 0.081 0.034 0.066
0.02 0.006 -1 0.012 0.012 0.003 0.003 0.005 0.002 0.004
0.607 0.183 0.012 -0.65 0.343 0.085 0.078 0.154 0.066 0.126
0.596 0.18 0.012 0.343 -0.663 0.083 0.076 0.152 0.065 0.124
0.147 0.045 0.003 0.085 0.083 -0.979 0.019 0.037 0.016 0.031
0.135 0.041 0.003 0.078 0.076 0.019 -0.983 0.034 0.015 0.028
0.268 0.081 0.005 0.154 0.152 0.037 0.034 -0.932 0.029 0.056
0.114 0.034 0.002 0.066 0.065 0.016 0.015 0.029 -0.988 0.024
0.219 0.066 0.004 0.126 0.124 0.031 0.028 0.056 0.024 -0.955

 Mean vectors and covariance matrices after rotation --- 1th cluster >>

 mean vector (mu'=Q*mu)>>
-3.883 -2.075 -1.747 0 -0.961 -1.425 -0.879 0 -0.744 -3.957 -0.133 0 -0.346

 covariance matrix (Sigma'=Q*Sigma*t(Q))>>

6.324 0.272 -0.066 0 0.715 0.022 0.545 0 0.144 -0.143 -0.128 0 0.702
0.272 7.033 -0.053 0 -0.029 0.08 -0.03 0 -0.013 -0.164 -0.097 0 0.199
-0.066 -0.053 8.38 0 0.334 -0.184 0.236 0 0.004 -0.29 -0.151 0 -0.328
0 0 0 30.215 0 0 0 -1.024 0 0 0 -2.267 0
0.715 -0.029 0.334 0 9.296 0.155 -0.41 0 -0.101 0.642 -0.356 0 0.461
0.022 0.08 -0.184 0 0.155 4.734 0.129 0 0.055 -0.41 0.149 0 0.236
0.545 -0.03 0.236 0 -0.41 0.129 9.033 0 -0.08 0.444 -0.265 0 0.348
0 0 0 -1.024 0 0 0 27.072 0 0 0 -0.609 0
0.144 -0.013 0.004 0 -0.101 0.055 -0.08 0 7.425 -0.02 -0.052 0 0.097
-0.143 -0.164 -0.29 0 0.642 -0.41 0.444 0 -0.02 8.114 -0.369 0 -0.805
-0.128 -0.097 -0.151 0 -0.356 0.149 -0.265 0 -0.052 -0.369 6.107 0 -0.078
0 0 0 -2.267 0 0 0 -0.609 0 0 0 20.479 0
0.702 0.199 -0.328 0 0.461 0.236 0.348 0 0.097 -0.805 -0.078 0 7.093

 Mean vectors and covariance matrices after rotation --- 2th cluster >>

 mean vector (mu'=Q*mu)>>
3.883 2.075 1.747 0 0.961 1.425 0.879 0 0.744 3.957 0.133 0 0.346

 covariance matrix (Sigma'=Q*Sigma*t(Q))>>

3.082 -0.02 0 0 0.133 -0.486 0.077 0 0.013 0.464 0.046 0 -0.385
-0.02 2.663 -0.011 0 0.246 -0.295 0.23 0 0.089 0.13 0.201 0 -0.263
0 -0.011 2.091 0 0.139 -0.234 0.1 0 0.047 0.165 0.134 0 -0.01
0 0 0 30.215 0 0 0 -1.024 0 0 0 -2.267 0
0.133 0.246 0.139 0 5.834 0.11 -0.192 0 -0.092 0.761 -0.45 0 0.104
-0.486 -0.295 -0.234 0 0.11 6.468 0.124 0 -0.004 -0.433 0.161 0 -1.136
0.077 0.23 0.1 0 -0.192 0.124 9.57 0 -0.088 0.741 -0.507 0 -0.268
0 0 0 -1.024 0 0 0 27.072 0 0 0 -0.609 0
0.013 0.089 0.047 0 -0.092 -0.004 -0.088 0 5.262 0.34 -0.196 0 -0.04
0.464 0.13 0.165 0 0.761 -0.433 0.741 0 0.34 1.803 0.571 0 0.18
0.046 0.201 0.134 0 -0.45 0.161 -0.507 0 -0.196 0.571 2.915 0 0.611
0 0 0 -2.267 0 0 0 -0.609 0 0 0 20.479 0
-0.385 -0.263 -0.01 0 0.104 -1.136 -0.268 0 -0.04 0.18 0.611 0 1.923

 Final eigenvalues for each cluster >> 
 (rows correspond to clusters)
30.916 26.966 19.884 9.811 9.359 8.767 8.511 7.446 7.03 6.252 5.951 5.788 4.624
30.916 26.966 19.884 9.698 6.855 6.045 5.308 3.4 3.23 2.704 2.075 1.221 1.075

 theoretical Separation index matrix >>

-1 0.21
0.21 -1

 theoretical projection directions >>

**** cluster 1 and 2
0.571 0.316 0.281 0 -0.03 0.272 -0.011 0 0.046 0.627 -0.043 0 0.151

 empirical Separation index matrix (alpha= 0.05 )>>

-1 0.217
0.217 -1

 empirical projection directions >>

**** cluster 1 and 2
0.643 0.395 0.221 0.03 0.056 -0.003 0.058 0.048 -0.138 0.586 -0.015 -0.045 0.082
