
 Log information for the data set datasetJLG3v10nv0out0_2.dat >>

 alpha = 0.05 sepVal = 0.01

 Number of clusters >> 3

 cluster sizes >>
50 50 50

 Number of data points >> 150

 Number of dimensions >> 10

 Number of noisy dimensions >> 0

 noisy variables >>
0

 Number of outliers >> 0

 initial eigenvalues for each cluster >> 
 (rows correspond to clusters)
7.729 5.765 5.056 5.424 4.512 5.968 7.622 8.322 4.064 7.39
8.753 7.31 6.656 6.371 6.628 3.183 7.556 7.232 8.804 7.644
6.204 9.064 7.318 7.091 7.818 4.327 8.173 2.746 7.771 4.375

 Mean vectors and covariance matrices before rotation --- 1th cluster >>

 mean vector (mu'=Q*mu)>>
-5.633 0 0 0 0 0 0 0 0 0

 covariance matrix (Sigma'=Q*Sigma*t(Q))>>

8.529 0.175 0.018 0.165 1.345 0.398 -0.342 -0.652 1.209 -0.276
0.175 7.646 0.003 0.034 0.212 0.11 0.045 0.019 0.177 0.062
0.018 0.003 6.669 0.003 0.015 0.009 0.004 0.003 0.013 0.006
0.165 0.034 0.003 7.18 0.164 0.088 0.041 0.022 0.135 0.055
1.345 0.212 0.015 0.164 6.926 0.566 0.329 0.235 0.795 0.416
0.398 0.11 0.009 0.088 0.566 8.158 0.104 0.03 0.473 0.149
-0.342 0.045 0.004 0.041 0.329 0.104 9.984 -0.141 0.294 -0.052
-0.652 0.019 0.003 0.022 0.235 0.03 -0.141 10.762 0.223 -0.136
1.209 0.177 0.013 0.135 0.795 0.473 0.294 0.223 6.005 0.366
-0.276 0.062 0.006 0.055 0.416 0.149 -0.052 -0.136 0.366 9.718

 Mean vectors and covariance matrices before rotation --- 2th cluster >>

 mean vector (mu'=Q*mu)>>
5.633 0 0 0 0 0 0 0 0 0

 covariance matrix (Sigma'=Q*Sigma*t(Q))>>

7.235 0.18 0.272 0.597 0.036 1.267 0.045 0.081 -0.382 0.001
0.18 7.577 0.206 0.395 0.027 0.531 0.155 0.105 0.037 0.007
0.272 0.206 6.804 0.277 0.019 0.335 0.124 0.08 0.062 0.005
0.597 0.395 0.277 6.888 0.036 0.601 0.241 0.154 0.137 0.011
0.036 0.027 0.019 0.036 6.63 0.044 0.016 0.011 0.008 0.001
1.267 0.531 0.335 0.601 0.044 3.732 0.341 0.204 0.3 0.015
0.045 0.155 0.124 0.241 0.016 0.341 7.643 0.062 0.007 0.004
0.081 0.105 0.08 0.154 0.011 0.204 0.062 7.274 0.017 0.003
-0.382 0.037 0.062 0.137 0.008 0.3 0.007 0.017 8.708 0
0.001 0.007 0.005 0.011 0.001 0.015 0.004 0.003 0 7.644

 Mean vectors and covariance matrices before rotation --- 3th cluster >>

 mean vector (mu'=Q*mu)>>
0 9.757 0 0 0 0 0 0 0 0

 covariance matrix (Sigma'=Q*Sigma*t(Q))>>

6.568 -0.422 -0.023 -0.187 -0.579 0.221 -0.708 0.066 -0.408 1.213
-0.422 8.946 -0.014 -0.142 -0.24 -0.009 -0.251 0.002 -0.173 -0.056
-0.023 -0.014 7.317 -0.012 -0.024 0.002 -0.027 0.001 -0.017 0.013
-0.187 -0.142 -0.012 6.974 -0.242 0.033 -0.271 0.013 -0.173 0.177
-0.579 -0.24 -0.024 -0.242 7.369 0.02 -0.484 0.013 -0.322 0.101
0.221 -0.009 0.002 0.033 0.02 4.361 0.007 0.008 0.016 0.187
-0.708 -0.251 -0.027 -0.271 -0.484 0.007 7.656 0.011 -0.348 0.029
0.066 0.002 0.001 0.013 0.013 0.008 0.011 2.747 0.01 0.045
-0.408 -0.173 -0.017 -0.173 -0.322 0.016 -0.348 0.01 7.54 0.081
1.213 -0.056 0.013 0.177 0.101 0.187 0.029 0.045 0.081 5.408

 Final eigenvalues for each cluster >> 
 (rows correspond to clusters)
10.976 10.194 10.052 9.746 7.871 7.603 7.153 6.669 5.95 5.361
8.804 8.753 7.644 7.556 7.31 7.232 6.656 6.628 6.371 3.183
9.064 8.173 7.818 7.771 7.318 7.091 6.204 4.375 4.327 2.746

 *************************************************

 ********************* rotation ******************

 *************************************************


 The orthogonal matrix Q >>
0.037 0.5 0.505 0.196 0.051 0.382 0.111 0.521 0.153 0.015
0.5 -0.759 0.243 0.094 0.025 0.184 0.053 0.251 0.074 0.007
0.505 0.243 -0.754 0.095 0.025 0.186 0.054 0.254 0.075 0.007
0.196 0.094 0.095 -0.963 0.01 0.072 0.021 0.098 0.029 0.003
0.051 0.025 0.025 0.01 -0.997 0.019 0.005 0.026 0.008 0.001
0.382 0.184 0.186 0.072 0.019 -0.86 0.041 0.192 0.056 0.005
0.111 0.053 0.054 0.021 0.005 0.041 -0.988 0.056 0.016 0.002
0.521 0.251 0.254 0.098 0.026 0.192 0.056 -0.738 0.077 0.007
0.153 0.074 0.075 0.029 0.008 0.056 0.016 0.077 -0.977 0.002
0.015 0.007 0.007 0.003 0.001 0.005 0.002 0.007 0.002 -1

 Mean vectors and covariance matrices after rotation --- 1th cluster >>

 mean vector (mu'=Q*mu)>>
-0.084 -0.624 -2.815 -0.21 -2.844 -0.863 -1.104 -0.288 -2.936 -2.149

 covariance matrix (Sigma'=Q*Sigma*t(Q))>>

9.723 -0.032 0.147 -0.107 0.102 0.372 0.087 0.396 -0.057 0.205
-0.032 10.016 0.146 -0.184 0.186 0.174 0.074 0.128 -0.112 0.117
0.147 0.146 7.884 0.44 0.607 -0.43 0.096 -0.716 -0.073 0.004
-0.107 -0.184 0.44 8.603 1.039 -0.121 0.203 -0.605 -1.081 0.003
0.102 0.186 0.607 1.039 7.645 -0.489 0.208 -0.885 0.289 0.178
0.372 0.174 -0.43 -0.121 -0.489 5.61 -0.112 0.441 -0.514 -0.078
0.087 0.074 0.096 0.203 0.208 -0.112 7.192 -0.204 -0.046 0.023
0.396 0.128 -0.716 -0.605 -0.885 0.441 -0.204 6.733 -0.768 -0.173
-0.057 -0.112 -0.073 -1.081 0.289 -0.514 -0.046 -0.768 10.313 -0.34
0.205 0.117 0.004 0.003 0.178 -0.078 0.023 -0.173 -0.34 7.857

 Mean vectors and covariance matrices after rotation --- 2th cluster >>

 mean vector (mu'=Q*mu)>>
0.084 0.624 2.815 0.21 2.844 0.863 1.104 0.288 2.936 2.149

 covariance matrix (Sigma'=Q*Sigma*t(Q))>>

7.644 -0.002 -0.001 -0.002 0.004 0.001 -0.006 0 0.003 0.008
-0.002 7.574 -0.032 -0.25 -0.021 -0.027 0.069 -0.001 -0.076 0.188
-0.001 -0.032 7.299 0.03 0.124 0.058 -0.16 0.009 0.076 0.273
-0.002 -0.25 0.03 7.809 0.534 -0.208 -0.388 0.043 0.465 1.057
0.004 -0.021 0.124 0.534 6.923 0.144 -0.205 0.022 0.258 0.226
0.001 -0.027 0.058 -0.208 0.144 8.747 0.009 0.014 0.119 0.302
-0.006 0.069 -0.16 -0.388 -0.205 0.009 6.495 -0.016 -0.323 0.159
0 -0.001 0.009 0.043 0.022 0.014 -0.016 6.629 0.019 0.025
0.003 -0.076 0.076 0.465 0.258 0.119 -0.323 0.019 7.514 0.133
0.008 0.188 0.273 1.057 0.226 0.302 0.159 0.025 0.133 3.5

 Mean vectors and covariance matrices after rotation --- 3th cluster >>

 mean vector (mu'=Q*mu)>>
0.07 0.52 -7.409 4.875 2.373 0.72 0.921 0.241 2.45 1.793

 covariance matrix (Sigma'=Q*Sigma*t(Q))>>

5.368 -0.107 -0.734 -0.171 -0.668 -0.118 -0.082 0.044 -0.625 -0.315
-0.107 7.828 0.037 0.063 0.297 -0.192 -0.106 -0.36 0.586 0.343
-0.734 0.037 8.03 -1.538 -0.789 -0.144 -0.265 0.096 0.291 -0.183
-0.171 0.063 -1.538 5.886 -0.838 -0.106 -0.132 0.199 1.488 0.461
-0.668 0.297 -0.789 -0.838 6.686 0.058 -0.077 0.331 0.45 -0.058
-0.118 -0.192 -0.144 -0.106 0.058 7.644 -0.089 -0.187 0.422 0.199
-0.082 -0.106 -0.265 -0.132 -0.077 -0.089 7.019 -0.086 0.374 0.146
0.044 -0.36 0.096 0.199 0.331 -0.187 -0.086 7.448 0.491 0.33
-0.625 0.586 0.291 1.488 0.45 0.422 0.374 0.491 4.348 0.777
-0.315 0.343 -0.183 0.461 -0.058 0.199 0.146 0.33 0.777 4.629

 Final eigenvalues for each cluster >> 
 (rows correspond to clusters)
10.976 10.194 10.052 9.746 7.871 7.603 7.153 6.669 5.95 5.361
8.804 8.753 7.644 7.556 7.31 7.232 6.656 6.628 6.371 3.183
9.064 8.173 7.818 7.771 7.318 7.091 6.204 4.375 4.327 2.746

 theoretical Separation index matrix >>

-1 0.02 0.01
0.02 -1 0.01
0.01 0.01 -1

 theoretical projection directions >>

**** cluster 1 and 2
-0.006 0.079 0.474 -0.029 0.482 0.18 0.226 0.136 0.446 0.485

**** cluster 1 and 3
0.046 0.063 -0.359 0.438 0.479 0.175 0.178 0.072 0.471 0.394

**** cluster 2 and 3
-0.055 0.003 -0.9 0.4 -0.08 -0.002 -0.03 0.003 -0.083 -0.116

 empirical Separation index matrix (alpha= 0.05 )>>

-1 0.09 0.121
0.09 -1 0.052
0.121 0.052 -1

 empirical projection directions >>

**** cluster 1 and 2
-0.078 0.024 0.905 -0.111 -0.2 -0.059 0.097 -0.037 -0.221 0.244

**** cluster 1 and 3
-0.141 -0.026 0.037 -0.462 -0.482 -0.329 -0.077 0.072 -0.605 -0.215

**** cluster 2 and 3
-0.071 -0.136 -0.457 -0.288 -0.414 -0.37 -0.112 -0.07 -0.449 -0.397
