
 Log information for the data set datasetJLG3v10nv1out0_2.dat >>

 alpha = 0.05 sepVal = 0.01

 Number of clusters >> 3

 cluster sizes >>
50 50 50

 Number of data points >> 150

 Number of dimensions >> 11

 Number of noisy dimensions >> 1

 noisy variables >>
9

 Number of outliers >> 0

 initial eigenvalues for each cluster >> 
 (rows correspond to clusters)
6.544 6.094 1.379 8.736 3.681 9.62 5.696 5.119 2.77 6.614
9.983 8.319 7.012 3.371 6.467 8.737 9.152 3.609 7.47 6.019
3.867 3.955 8.182 4.544 1.14 9.403 6.165 4.353 7.78 8.433

 Mean vectors and covariance matrices before rotation --- 1th cluster >>

 mean vector (mu'=Q*mu)>>
-5.132 0 0 0 0 0 0 0 0 0 2.446

 covariance matrix (Sigma'=Q*Sigma*t(Q))>>

6.122 0.059 0.084 -0.276 1.114 -1.376 0.015 0.536 0.447 -0.056 0
0.059 6.146 0.022 -0.054 0.31 -0.283 0.007 0.177 0.12 0.004 0
0.084 0.022 1.381 0.003 0.038 0.009 0.002 0.034 0.013 0.009 0
-0.276 -0.054 0.003 8.697 0.013 -0.17 -0.003 -0.037 0.012 -0.03 0
1.114 0.31 0.038 0.013 4.36 -0.059 0.027 0.543 0.235 0.116 0
-1.376 -0.283 0.009 -0.17 -0.059 8.898 -0.019 -0.248 0.015 -0.15 0
0.015 0.007 0.002 -0.003 0.027 -0.019 5.697 0.017 0.01 0.001 0
0.536 0.177 0.034 -0.037 0.543 -0.248 0.017 5.497 0.198 0.054 0
0.447 0.12 0.013 0.012 0.235 0.015 0.01 0.198 2.85 0.047 0
-0.056 0.004 0.009 -0.03 0.116 -0.15 0.001 0.054 0.047 6.607 0
0 0 0 0 0 0 0 0 0 0 17.016

 Mean vectors and covariance matrices before rotation --- 2th cluster >>

 mean vector (mu'=Q*mu)>>
5.132 0 0 0 0 0 0 0 0 0 2.446

 covariance matrix (Sigma'=Q*Sigma*t(Q))>>

7.694 -0.004 0.355 0.424 0.757 -0.072 -0.301 0.263 0.234 1.003 0
-0.004 8.542 0.254 0.178 0.452 0.066 0.092 0.112 0.219 0.544 0
0.355 0.254 7.245 0.136 0.395 0.086 0.152 0.086 0.212 0.46 0
0.424 0.178 0.136 3.433 0.218 0.066 0.129 0.04 0.13 0.245 0
0.757 0.452 0.395 0.218 7.128 0.157 0.287 0.138 0.365 0.764 0
-0.072 0.066 0.086 0.066 0.157 8.754 0.018 0.041 0.072 0.192 0
-0.301 0.092 0.152 0.129 0.287 0.018 9.151 0.081 0.122 0.358 0
0.263 0.112 0.086 0.04 0.138 0.041 0.081 3.634 0.082 0.155 0
0.234 0.219 0.212 0.13 0.365 0.072 0.122 0.082 7.66 0.429 0
1.003 0.544 0.46 0.245 0.764 0.192 0.358 0.155 0.429 6.896 0
0 0 0 0 0 0 0 0 0 0 17.016

 Mean vectors and covariance matrices before rotation --- 3th cluster >>

 mean vector (mu'=Q*mu)>>
0 8.888 0 0 0 0 0 0 0 0 2.446

 covariance matrix (Sigma'=Q*Sigma*t(Q))>>

6.675 0.124 -1.028 0.157 1.222 -2.12 -0.301 0.265 -1.05 -0.56 0
0.124 4.851 -0.074 0.008 0.083 -0.151 -0.022 0.016 -0.075 -0.04 0
-1.028 -0.074 9.622 -0.29 -0.03 -0.695 -0.222 -0.304 -0.439 -0.208 0
0.157 0.008 -0.29 5.532 0.234 -0.57 -0.108 -0.014 -0.303 -0.156 0
1.222 0.083 -0.03 0.234 1.762 -0.145 0.061 0.274 -0.009 -0.022 0
-2.12 -0.151 -0.695 -0.57 -0.145 10.325 -0.408 -0.605 -0.773 -0.362 0
-0.301 -0.022 -0.222 -0.108 0.061 -0.408 7.442 -0.107 -0.24 -0.118 0
0.265 0.016 -0.304 -0.014 0.274 -0.605 -0.107 5.338 -0.316 -0.164 0
-1.05 -0.075 -0.439 -0.303 -0.009 -0.773 -0.24 -0.316 9.045 -0.23 0
-0.56 -0.04 -0.208 -0.156 -0.022 -0.362 -0.118 -0.164 -0.23 10.219 0
0 0 0 0 0 0 0 0 0 0 17.016

 Final eigenvalues for each cluster >> 
 (rows correspond to clusters)
17.016 9.62 8.736 6.614 6.544 6.094 5.696 5.119 3.681 2.77 1.379
17.016 9.983 9.152 8.737 8.319 7.47 7.012 6.467 6.019 3.609 3.371
17.016 11.515 10.327 10.02 9.528 7.55 5.565 5.33 4.843 4.736 1.396

 *************************************************

 ********************* rotation ******************

 *************************************************


 The orthogonal matrix Q >>
0.297 0.108 0.066 0.518 0.273 0.191 0.377 0.196 0.335 0.472
0.108 -0.991 0.006 0.043 0.023 0.016 0.032 0.016 0.028 0.039
0.066 0.006 -0.997 0.026 0.014 0.01 0.019 0.01 0.017 0.024
0.518 0.043 0.026 -0.793 0.109 0.076 0.151 0.078 0.134 0.189
0.273 0.023 0.014 0.109 -0.942 0.04 0.079 0.041 0.071 0.099
0.191 0.016 0.01 0.076 0.04 -0.972 0.056 0.029 0.049 0.07
0.377 0.032 0.019 0.151 0.079 0.056 -0.89 0.057 0.098 0.137
0.196 0.016 0.01 0.078 0.041 0.029 0.057 -0.97 0.051 0.071
0.335 0.028 0.017 0.134 0.071 0.049 0.098 0.051 -0.913 0.122
0.472 0.039 0.024 0.189 0.099 0.07 0.137 0.071 0.122 -0.828

 Mean vectors and covariance matrices after rotation --- 1th cluster >>

 mean vector (mu'=Q*mu)>>
-2.424 -1.936 -0.556 -1.525 -0.98 -1.72 -1.402 -0.339 2.446 -2.657 -1.006

 covariance matrix (Sigma'=Q*Sigma*t(Q))>>

6.586 0.082 -0.046 0.005 0.417 0.209 -0.313 0.077 0 -0.32 -0.211
0.082 5.839 -0.011 0.332 0.473 0.209 -0.26 0.07 0 -0.129 -0.154
-0.046 -0.011 6.124 -0.051 -0.171 0.125 0.186 0.031 0 -0.17 0.098
0.005 0.332 -0.051 6.617 0.229 0.977 0.004 0.289 0 -0.943 -0.141
0.417 0.473 -0.171 0.229 9.36 0.489 0.101 0.117 0 0.344 -0.117
0.209 0.209 0.125 0.977 0.489 3.091 0.033 0.086 0 0.001 0.083
-0.313 -0.26 0.186 0.004 0.101 0.033 3.87 0.02 0 -0.613 0.216
0.077 0.07 0.031 0.289 0.117 0.086 0.02 1.401 0 0.041 0.027
0 0 0 0 0 0 0 0 17.016 0 0
-0.32 -0.129 -0.17 -0.943 0.344 0.001 -0.613 0.041 0 8.086 -0.438
-0.211 -0.154 0.098 -0.141 -0.117 0.083 0.216 0.027 0 -0.438 5.281

 Mean vectors and covariance matrices after rotation --- 2th cluster >>

 mean vector (mu'=Q*mu)>>
2.424 1.936 0.556 1.525 0.98 1.72 1.402 0.339 2.446 2.657 1.006

 covariance matrix (Sigma'=Q*Sigma*t(Q))>>

5.979 -0.084 0.213 -0.158 -0.049 -0.067 -0.016 0.049 0 0.404 0.118
-0.084 9.031 -0.105 -0.428 -0.057 -0.067 -0.167 -0.136 0 0.576 0.172
0.213 -0.105 8.438 -0.6 -0.038 0.02 0.204 0.143 0 0.082 0.053
-0.158 -0.428 -0.6 8.235 -0.184 -0.162 -0.598 -0.586 0 2.349 0.724
-0.049 -0.057 -0.038 -0.184 8.71 -0.036 -0.083 -0.062 0 0.273 0.08
-0.067 -0.067 0.02 -0.162 -0.036 7.419 -0.099 -0.058 0 0.414 0.12
-0.016 -0.167 0.204 -0.598 -0.083 -0.099 6.533 0.122 0 0.037 0.013
0.049 -0.136 0.143 -0.586 -0.062 -0.058 0.122 7.148 0 -0.153 -0.037
0 0 0 0 0 0 0 0 17.016 0 0
0.404 0.576 0.082 2.349 0.273 0.414 0.037 -0.153 0 4.884 0.482
0.118 0.172 0.053 0.724 0.08 0.12 0.013 -0.037 0 0.482 3.761

 Mean vectors and covariance matrices after rotation --- 3th cluster >>

 mean vector (mu'=Q*mu)>>
0.351 0.28 -8.808 0.963 0.142 0.249 0.203 0.049 2.446 0.384 0.145

 covariance matrix (Sigma'=Q*Sigma*t(Q))>>

9.476 -0.388 -0.125 -1.716 0.577 -0.17 -0.469 0.384 0 -0.478 -0.303
-0.388 7.484 -0.016 -0.337 0.473 0.037 -0.11 0.296 0 -0.011 -0.084
-0.125 -0.016 4.851 0.094 0.099 -0.001 0.03 0.074 0 0.028 0.019
-1.716 -0.337 0.094 5.925 0.815 -0.257 0.506 0.724 0 0.239 0.251
0.577 0.473 0.099 0.815 11.206 0.131 0.391 -0.282 0 0.658 -0.146
-0.17 0.037 -0.001 -0.257 0.131 9.504 0.013 0.063 0 0.112 -0.17
-0.469 -0.11 0.03 0.506 0.391 0.013 1.493 0.31 0 0.028 0.187
0.384 0.296 0.074 0.724 -0.282 0.063 0.31 9.802 0 0.429 -0.034
0 0 0 0 0 0 0 0 17.016 0 0
-0.478 -0.011 0.028 0.239 0.658 0.112 0.028 0.429 0 5.718 0.038
-0.303 -0.084 0.019 0.251 -0.146 -0.17 0.187 -0.034 0 0.038 5.351

 Final eigenvalues for each cluster >> 
 (rows correspond to clusters)
17.016 9.62 8.736 6.614 6.544 6.094 5.696 5.119 3.681 2.77 1.379
17.016 9.983 9.152 8.737 8.319 7.47 7.012 6.467 6.019 3.609 3.371
17.016 11.515 10.327 10.02 9.528 7.55 5.565 5.33 4.843 4.736 1.396

 theoretical Separation index matrix >>

-1 0.01 0.057
0.01 -1 0.01
0.057 0.01 -1

 theoretical projection directions >>

**** cluster 1 and 2
0.485 0.324 0.089 0.215 0.09 0.363 0.405 0.1 0 0.479 0.25

**** cluster 1 and 3
0.232 0.187 -0.776 0.23 -0.004 0.145 0.386 -0.019 0 0.265 0.127

**** cluster 2 and 3
-0.186 -0.138 -0.913 -0.071 -0.022 -0.106 -0.192 0.007 0 -0.227 -0.091

 empirical Separation index matrix (alpha= 0.05 )>>

-1 0.009 0.109
0.009 -1 -0.069
0.109 -0.069 -1

 empirical projection directions >>

**** cluster 1 and 2
-0.014 0.179 0.913 -0.005 0.018 0.117 -0.027 -0.068 0.045 0.334 -0.037

**** cluster 1 and 3
-0.266 0.111 0.855 -0.296 0.038 -0.061 -0.036 -0.073 0.012 -0.245 -0.164

**** cluster 2 and 3
-0.535 -0.157 -0.043 -0.348 -0.062 -0.209 -0.29 -0.192 0.04 -0.456 -0.434
