
 Log information for the data set datasetJMG3v5nv10out0_2.dat >>

 alpha = 0.05 sepVal = 0.21

 Number of clusters >> 3

 cluster sizes >>
50 50 50

 Number of data points >> 150

 Number of dimensions >> 15

 Number of noisy dimensions >> 10

 noisy variables >>
1 3 5 9 10 11 12 13 14 15

 Number of outliers >> 0

 initial eigenvalues for each cluster >> 
 (rows correspond to clusters)
9.605 1.131 7.135 7.265 1.437
2.727 8.693 1.347 5.591 4.188
7.406 6.123 5.835 4.16 3.362

 Mean vectors and covariance matrices before rotation --- 1th cluster >>

 mean vector (mu'=Q*mu)>>
-7.787 0 0 0 0 2.093 4.216 3.918 3.834 2.995 3.56 3.266 2.613 0.797 2.322

 covariance matrix (Sigma'=Q*Sigma*t(Q))>>

6.874 4.153 -0.526 -1.647 3.038 0 0 0 0 0 0 0 0 0 0
4.153 7.284 0.96 2.736 4.169 0 0 0 0 0 0 0 0 0 0
-0.526 0.96 11.746 0.093 0.721 0 0 0 0 0 0 0 0 0 0
-1.647 2.736 0.093 12.14 2.054 0 0 0 0 0 0 0 0 0 0
3.038 4.169 0.721 2.054 5.557 0 0 0 0 0 0 0 0 0 0
0 0 0 0 0 24.91 0.128 -3.816 -1.414 -2.523 6.813 -0.544 0.212 -4.603 0.199
0 0 0 0 0 0.128 19.036 -0.127 -0.118 -0.126 0.113 -0.053 -0.03 -0.185 -0.076
0 0 0 0 0 -3.816 -0.127 44.135 -2.644 -2.223 -0.772 -1.23 -1.007 -2.712 -2.363
0 0 0 0 0 -1.414 -0.118 -2.644 22.999 -3.223 0.75 -1.576 -1.13 -4.302 -2.725
0 0 0 0 0 -2.523 -0.126 -2.223 -3.223 27.57 0.109 -1.482 -1.118 -3.763 -2.667
0 0 0 0 0 6.813 0.113 -0.772 0.75 0.109 7.408 0.393 0.579 -0.464 1.243
0 0 0 0 0 -0.544 -0.053 -1.23 -1.576 -1.482 0.393 25.177 -0.511 -1.989 -1.235
0 0 0 0 0 0.212 -0.03 -1.007 -1.13 -1.118 0.579 -0.511 22.105 -1.556 -0.826
0 0 0 0 0 -4.603 -0.185 -2.712 -4.302 -3.763 -0.464 -1.989 -1.556 30.398 -3.684
0 0 0 0 0 0.199 -0.076 -2.363 -2.725 -2.667 1.243 -1.235 -0.826 -3.684 21.036

 Mean vectors and covariance matrices before rotation --- 2th cluster >>

 mean vector (mu'=Q*mu)>>
7.787 0 0 0 0 2.093 4.216 3.918 3.834 2.995 3.56 3.266 2.613 0.797 2.322

 covariance matrix (Sigma'=Q*Sigma*t(Q))>>

5.947 -2.788 0.903 -0.038 0.234 0 0 0 0 0 0 0 0 0 0
-2.788 5.335 -0.304 -0.161 -0.908 0 0 0 0 0 0 0 0 0 0
0.903 -0.304 1.561 0.005 0.124 0 0 0 0 0 0 0 0 0 0
-0.038 -0.161 0.005 5.585 -0.026 0 0 0 0 0 0 0 0 0 0
0.234 -0.908 0.124 -0.026 4.118 0 0 0 0 0 0 0 0 0 0
0 0 0 0 0 24.91 0.128 -3.816 -1.414 -2.523 6.813 -0.544 0.212 -4.603 0.199
0 0 0 0 0 0.128 19.036 -0.127 -0.118 -0.126 0.113 -0.053 -0.03 -0.185 -0.076
0 0 0 0 0 -3.816 -0.127 44.135 -2.644 -2.223 -0.772 -1.23 -1.007 -2.712 -2.363
0 0 0 0 0 -1.414 -0.118 -2.644 22.999 -3.223 0.75 -1.576 -1.13 -4.302 -2.725
0 0 0 0 0 -2.523 -0.126 -2.223 -3.223 27.57 0.109 -1.482 -1.118 -3.763 -2.667
0 0 0 0 0 6.813 0.113 -0.772 0.75 0.109 7.408 0.393 0.579 -0.464 1.243
0 0 0 0 0 -0.544 -0.053 -1.23 -1.576 -1.482 0.393 25.177 -0.511 -1.989 -1.235
0 0 0 0 0 0.212 -0.03 -1.007 -1.13 -1.118 0.579 -0.511 22.105 -1.556 -0.826
0 0 0 0 0 -4.603 -0.185 -2.712 -4.302 -3.763 -0.464 -1.989 -1.556 30.398 -3.684
0 0 0 0 0 0.199 -0.076 -2.363 -2.725 -2.667 1.243 -1.235 -0.826 -3.684 21.036

 Mean vectors and covariance matrices before rotation --- 3th cluster >>

 mean vector (mu'=Q*mu)>>
0 13.488 0 0 0 2.093 4.216 3.918 3.834 2.995 3.56 3.266 2.613 0.797 2.322

 covariance matrix (Sigma'=Q*Sigma*t(Q))>>

5.76 0.015 0.287 1.326 0.162 0 0 0 0 0 0 0 0 0 0
0.015 6.127 0.038 0.082 0.009 0 0 0 0 0 0 0 0 0 0
0.287 0.038 6.221 0.773 0.084 0 0 0 0 0 0 0 0 0 0
1.326 0.082 0.773 5.403 0.128 0 0 0 0 0 0 0 0 0 0
0.162 0.009 0.084 0.128 3.375 0 0 0 0 0 0 0 0 0 0
0 0 0 0 0 24.91 0.128 -3.816 -1.414 -2.523 6.813 -0.544 0.212 -4.603 0.199
0 0 0 0 0 0.128 19.036 -0.127 -0.118 -0.126 0.113 -0.053 -0.03 -0.185 -0.076
0 0 0 0 0 -3.816 -0.127 44.135 -2.644 -2.223 -0.772 -1.23 -1.007 -2.712 -2.363
0 0 0 0 0 -1.414 -0.118 -2.644 22.999 -3.223 0.75 -1.576 -1.13 -4.302 -2.725
0 0 0 0 0 -2.523 -0.126 -2.223 -3.223 27.57 0.109 -1.482 -1.118 -3.763 -2.667
0 0 0 0 0 6.813 0.113 -0.772 0.75 0.109 7.408 0.393 0.579 -0.464 1.243
0 0 0 0 0 -0.544 -0.053 -1.23 -1.576 -1.482 0.393 25.177 -0.511 -1.989 -1.235
0 0 0 0 0 0.212 -0.03 -1.007 -1.13 -1.118 0.579 -0.511 22.105 -1.556 -0.826
0 0 0 0 0 -4.603 -0.185 -2.712 -4.302 -3.763 -0.464 -1.989 -1.556 30.398 -3.684
0 0 0 0 0 0.199 -0.076 -2.363 -2.725 -2.667 1.243 -1.235 -0.826 -3.684 21.036

 Final eigenvalues for each cluster >> 
 (rows correspond to clusters)
45.597 35.156 30.474 26.446 25.897 23.057 22.441 19.038 15.759 12.307 11.92 11.708 4.36 2.358 1.856
45.597 35.156 30.474 26.446 25.897 23.057 22.441 19.038 12.307 8.693 5.591 4.36 4.188 2.727 1.347
45.597 35.156 30.474 26.446 25.897 23.057 22.441 19.038 12.307 7.406 6.123 5.835 4.36 4.16 3.362

 *************************************************

 ********************* rotation ******************

 *************************************************


 The orthogonal matrix Q >>
0.461 0.444 0.615 0.137 0.44
0.444 -0.865 0.187 0.042 0.134
0.615 0.187 -0.741 0.058 0.185
0.137 0.042 0.058 -0.987 0.041
0.44 0.134 0.185 0.041 -0.868

 Mean vectors and covariance matrices after rotation --- 1th cluster >>

 mean vector (mu'=Q*mu)>>
4.216 -1.068 2.322 -3.456 0.797 -3.423 -4.792 -3.588 2.613 3.56 2.093 2.995 3.918 3.834 3.266

 covariance matrix (Sigma'=Q*Sigma*t(Q))>>

19.036 0 -0.076 0 -0.185 0 0 0 -0.03 0.113 0.128 -0.126 -0.127 -0.118 -0.053
0 12.158 0 2.096 0 1.658 0.104 -1.203 0 0 0 0 0 0 0
-0.076 0 21.036 0 -3.684 0 0 0 -0.826 1.243 0.199 -2.667 -2.363 -2.725 -1.235
0 2.096 0 2.948 0 0.642 -2.148 -1.868 0 0 0 0 0 0 0
-0.185 0 -3.684 0 30.398 0 0 0 -1.556 -0.464 -4.603 -3.763 -2.712 -4.302 -1.989
0 1.658 0 0.642 0 2.825 -1.292 -0.4 0 0 0 0 0 0 0
0 0.104 0 -2.148 0 -1.292 11.464 0.684 0 0 0 0 0 0 0
0 -1.203 0 -1.868 0 -0.4 0.684 14.205 0 0 0 0 0 0 0
-0.03 0 -0.826 0 -1.556 0 0 0 22.105 0.579 0.212 -1.118 -1.007 -1.13 -0.511
0.113 0 1.243 0 -0.464 0 0 0 0.579 7.408 6.813 0.109 -0.772 0.75 0.393
0.128 0 0.199 0 -4.603 0 0 0 0.212 6.813 24.91 -2.523 -3.816 -1.414 -0.544
-0.126 0 -2.667 0 -3.763 0 0 0 -1.118 0.109 -2.523 27.57 -2.223 -3.223 -1.482
-0.127 0 -2.363 0 -2.712 0 0 0 -1.007 -0.772 -3.816 -2.223 44.135 -2.644 -1.23
-0.118 0 -2.725 0 -4.302 0 0 0 -1.13 0.75 -1.414 -3.223 -2.644 22.999 -1.576
-0.053 0 -1.235 0 -1.989 0 0 0 -0.511 0.393 -0.544 -1.482 -1.23 -1.576 25.177

 Mean vectors and covariance matrices after rotation --- 2th cluster >>

 mean vector (mu'=Q*mu)>>
4.216 1.068 2.322 3.456 0.797 3.423 4.792 3.588 2.613 3.56 2.093 2.995 3.918 3.834 3.266

 covariance matrix (Sigma'=Q*Sigma*t(Q))>>

19.036 0 -0.076 0 -0.185 0 0 0 -0.03 0.113 0.128 -0.126 -0.127 -0.118 -0.053
0 5.582 0 0.237 0 -0.018 0.049 -0.204 0 0 0 0 0 0 0
-0.076 0 21.036 0 -3.684 0 0 0 -0.826 1.243 0.199 -2.667 -2.363 -2.725 -1.235
0 0.237 0 7.945 0 0.427 1.673 1.028 0 0 0 0 0 0 0
-0.185 0 -3.684 0 30.398 0 0 0 -1.556 -0.464 -4.603 -3.763 -2.712 -4.302 -1.989
0 -0.018 0 0.427 0 4.204 0.349 -0.099 0 0 0 0 0 0 0
0 0.049 0 1.673 0 0.349 2.023 0.787 0 0 0 0 0 0 0
0 -0.204 0 1.028 0 -0.099 0.787 2.792 0 0 0 0 0 0 0
-0.03 0 -0.826 0 -1.556 0 0 0 22.105 0.579 0.212 -1.118 -1.007 -1.13 -0.511
0.113 0 1.243 0 -0.464 0 0 0 0.579 7.408 6.813 0.109 -0.772 0.75 0.393
0.128 0 0.199 0 -4.603 0 0 0 0.212 6.813 24.91 -2.523 -3.816 -1.414 -0.544
-0.126 0 -2.667 0 -3.763 0 0 0 -1.118 0.109 -2.523 27.57 -2.223 -3.223 -1.482
-0.127 0 -2.363 0 -2.712 0 0 0 -1.007 -0.772 -3.816 -2.223 44.135 -2.644 -1.23
-0.118 0 -2.725 0 -4.302 0 0 0 -1.13 0.75 -1.414 -3.223 -2.644 22.999 -1.576
-0.053 0 -1.235 0 -1.989 0 0 0 -0.511 0.393 -0.544 -1.482 -1.23 -1.576 25.177

 Mean vectors and covariance matrices after rotation --- 3th cluster >>

 mean vector (mu'=Q*mu)>>
4.216 0.562 2.322 -11.669 0.797 1.801 2.522 5.986 2.613 3.56 2.093 2.995 3.918 3.834 3.266

 covariance matrix (Sigma'=Q*Sigma*t(Q))>>

19.036 0 -0.076 0 -0.185 0 0 0 -0.03 0.113 0.128 -0.126 -0.127 -0.118 -0.053
0 4.953 0 -0.649 0 -0.506 -0.292 -1.051 0 0 0 0 0 0 0
-0.076 0 21.036 0 -3.684 0 0 0 -0.826 1.243 0.199 -2.667 -2.363 -2.725 -1.235
0 -0.649 0 6.109 0 0.283 -0.154 0.048 0 0 0 0 0 0 0
-0.185 0 -3.684 0 30.398 0 0 0 -1.556 -0.464 -4.603 -3.763 -2.712 -4.302 -1.989
0 -0.506 0 0.283 0 3.935 0.298 1.154 0 0 0 0 0 0 0
0 -0.292 0 -0.154 0 0.298 5.721 -0.221 0 0 0 0 0 0 0
0 -1.051 0 0.048 0 1.154 -0.221 6.168 0 0 0 0 0 0 0
-0.03 0 -0.826 0 -1.556 0 0 0 22.105 0.579 0.212 -1.118 -1.007 -1.13 -0.511
0.113 0 1.243 0 -0.464 0 0 0 0.579 7.408 6.813 0.109 -0.772 0.75 0.393
0.128 0 0.199 0 -4.603 0 0 0 0.212 6.813 24.91 -2.523 -3.816 -1.414 -0.544
-0.126 0 -2.667 0 -3.763 0 0 0 -1.118 0.109 -2.523 27.57 -2.223 -3.223 -1.482
-0.127 0 -2.363 0 -2.712 0 0 0 -1.007 -0.772 -3.816 -2.223 44.135 -2.644 -1.23
-0.118 0 -2.725 0 -4.302 0 0 0 -1.13 0.75 -1.414 -3.223 -2.644 22.999 -1.576
-0.053 0 -1.235 0 -1.989 0 0 0 -0.511 0.393 -0.544 -1.482 -1.23 -1.576 25.177

 Final eigenvalues for each cluster >> 
 (rows correspond to clusters)
45.597 35.156 30.474 26.446 25.897 23.057 22.441 19.038 15.759 12.307 11.92 11.708 4.36 2.358 1.856
45.597 35.156 30.474 26.446 25.897 23.057 22.441 19.038 12.307 8.693 5.591 4.36 4.188 2.727 1.347
45.597 35.156 30.474 26.446 25.897 23.057 22.441 19.038 12.307 7.406 6.123 5.835 4.36 4.16 3.362

 theoretical Separation index matrix >>

-1 0.252 0.21
0.252 -1 0.21
0.21 0.21 -1

 theoretical projection directions >>

**** cluster 1 and 2
0 -0.038 0 0.451 0 0.696 0.489 0.265 0 0 0 0 0 0 0

**** cluster 1 and 3
0 0.118 0 -0.645 0 0.657 0.257 0.269 0 0 0 0 0 0 0

**** cluster 2 and 3
0 -0.047 0 -0.925 0 -0.131 -0.087 0.343 0 0 0 0 0 0 0

 empirical Separation index matrix (alpha= 0.05 )>>

-1 0.194 0.228
0.194 -1 0.249
0.228 0.249 -1

 empirical projection directions >>

**** cluster 1 and 2
-0.002 -0.015 -0.043 0.664 -0.061 -0.505 -0.242 -0.465 0.062 -0.073 0.06 -0.083 -0.021 0.003 -0.07

**** cluster 1 and 3
0.092 0.224 -0.11 0.859 -0.053 0.226 0.189 -0.256 0.026 -0.163 0.022 -0.055 -0.053 -0.006 -0.046

**** cluster 2 and 3
0.052 -0.15 0.057 0.48 0.029 0.608 0.522 0.285 0.01 -0.092 -0.003 0.049 -0.034 0.038 0.058
