
 Log information for the data set datasetJLG2v10nv0out0_1.dat >>

 alpha = 0.05 sepVal = 0.01

 Number of clusters >> 2

 cluster sizes >>
50 50

 Number of data points >> 100

 Number of dimensions >> 10

 Number of noisy dimensions >> 0

 noisy variables >>
0

 Number of outliers >> 0

 initial eigenvalues for each cluster >> 
 (rows correspond to clusters)
8.572 3.321 1.505 3.865 5.118 9.494 7.227 5.56 6.028 5.203
5.41 9.704 5.562 4.817 3.888 5.678 1.912 6.79 7.383 7.983

 Mean vectors and covariance matrices before rotation --- 1th cluster >>

 mean vector (mu'=Q*mu)>>
-4.747 0 0 0 0 0 0 0 0 0

 covariance matrix (Sigma'=Q*Sigma*t(Q))>>

6.902 1.395 1.231 0.54 0.363 -0.817 0.061 0.458 0.182 0.918
1.395 3.968 0.476 0.271 0.238 0.282 0.232 0.346 0.169 0.617
1.231 0.476 1.845 0.201 0.181 0.27 0.19 0.267 0.132 0.471
0.54 0.271 0.201 3.978 0.098 0.105 0.093 0.142 0.069 0.254
0.363 0.238 0.181 0.098 5.2 0.058 0.071 0.118 0.056 0.213
-0.817 0.282 0.27 0.105 0.058 9.183 -0.032 0.063 0.018 0.144
0.061 0.232 0.19 0.093 0.071 -0.032 7.269 0.097 0.043 0.182
0.458 0.346 0.267 0.142 0.118 0.063 0.097 5.727 0.079 0.305
0.182 0.169 0.132 0.069 0.056 0.018 0.043 0.079 6.065 0.145
0.918 0.617 0.471 0.254 0.213 0.144 0.182 0.305 0.145 5.754

 Mean vectors and covariance matrices before rotation --- 2th cluster >>

 mean vector (mu'=Q*mu)>>
4.747 0 0 0 0 0 0 0 0 0

 covariance matrix (Sigma'=Q*Sigma*t(Q))>>

5.004 -0.484 -0.178 0.102 0.354 -0.147 1.51 -0.636 -0.181 -1.023
-0.484 9.625 -0.149 -0.131 -0.077 -0.102 -0.045 -0.189 -0.044 -0.214
-0.178 -0.149 5.493 0.013 0.092 -0.055 0.429 -0.207 -0.057 -0.321
0.102 -0.131 0.013 4.92 0.164 0 0.556 -0.129 -0.042 -0.253
0.354 -0.077 0.092 0.164 4.08 0.054 0.533 -0.016 -0.015 -0.116
-0.147 -0.102 -0.055 0 0.054 5.636 0.275 -0.146 -0.04 -0.222
1.51 -0.045 0.429 0.556 0.533 0.275 3.13 0.256 0.036 0.081
-0.636 -0.189 -0.207 -0.129 -0.016 -0.146 0.256 6.445 -0.087 -0.453
-0.181 -0.044 -0.057 -0.042 -0.015 -0.04 0.036 -0.087 7.362 -0.109
-1.023 -0.214 -0.321 -0.253 -0.116 -0.222 0.081 -0.453 -0.109 7.434

 Final eigenvalues for each cluster >> 
 (rows correspond to clusters)
9.494 8.572 7.227 6.028 5.56 5.203 5.118 3.865 3.321 1.505
9.704 7.983 7.383 6.79 5.678 5.562 5.41 4.817 3.888 1.912

 *************************************************

 ********************* rotation ******************

 *************************************************


 The orthogonal matrix Q >>
0.277 0.135 0.441 0.47 0.412 0.327 0.115 0.401 0.15 0.131
0.135 -0.986 0.047 0.05 0.044 0.035 0.012 0.042 0.016 0.014
0.441 0.047 -0.848 0.162 0.142 0.113 0.04 0.138 0.052 0.045
0.47 0.05 0.162 -0.827 0.151 0.12 0.042 0.147 0.055 0.048
0.412 0.044 0.142 0.151 -0.867 0.105 0.037 0.129 0.049 0.042
0.327 0.035 0.113 0.12 0.105 -0.916 0.03 0.103 0.039 0.034
0.115 0.012 0.04 0.042 0.037 0.03 -0.99 0.036 0.014 0.012
0.401 0.042 0.138 0.147 0.129 0.103 0.036 -0.874 0.047 0.041
0.15 0.016 0.052 0.055 0.049 0.039 0.014 0.047 -0.982 0.015
0.131 0.014 0.045 0.048 0.042 0.034 0.012 0.041 0.015 -0.987

 Mean vectors and covariance matrices after rotation --- 1th cluster >>

 mean vector (mu'=Q*mu)>>
-2.229 -1.955 -2.091 -1.552 -0.641 -0.622 -0.714 -1.315 -0.548 -1.903

 covariance matrix (Sigma'=Q*Sigma*t(Q))>>

4.538 0.458 0.643 0.408 -0.41 -0.264 0.093 1.247 0.062 0.328
0.458 5.4 0.446 0.233 -0.398 -0.278 0.035 0.626 0.012 0.168
0.643 0.446 2.182 0.497 -0.188 -0.039 0.128 1.669 0.14 0.37
0.408 0.233 0.497 9.333 -0.217 -0.242 0.007 -0.56 -0.075 0.118
-0.41 -0.398 -0.188 -0.217 3.53 0.232 -0.094 -0.693 0.016 -0.319
-0.264 -0.278 -0.039 -0.242 0.232 5.421 -0.065 -0.721 0.008 -0.22
0.093 0.035 0.128 0.007 -0.094 -0.065 6.023 -0.015 -0.005 0.005
1.247 0.626 1.669 -0.56 -0.693 -0.721 -0.015 6.609 -0.224 0.266
0.062 0.012 0.14 -0.075 0.016 0.008 -0.005 -0.224 7.22 -0.001
0.328 0.168 0.37 0.118 -0.319 -0.22 0.005 0.266 -0.001 5.636

 Mean vectors and covariance matrices after rotation --- 2th cluster >>

 mean vector (mu'=Q*mu)>>
2.229 1.955 2.091 1.552 0.641 0.622 0.714 1.315 0.548 1.903

 covariance matrix (Sigma'=Q*Sigma*t(Q))>>

4.782 -0.004 -0.042 -0.044 -0.046 0.305 -0.075 -0.064 -0.417 -0.022
-0.004 3.891 0 -0.017 -0.017 0.36 -0.059 0.08 -0.333 0.037
-0.042 0 5.511 -0.044 -0.049 0.222 -0.065 -0.131 -0.466 -0.043
-0.044 -0.017 -0.044 5.642 -0.028 0.18 -0.047 -0.12 -0.39 -0.027
-0.046 -0.017 -0.049 -0.028 9.685 -0.02 -0.014 -0.195 -0.294 -0.052
0.305 0.36 0.222 0.18 -0.02 7.756 0.073 0.55 -0.044 0.085
-0.075 -0.059 -0.065 -0.047 -0.014 0.073 7.354 -0.205 -0.273 -0.043
-0.064 0.08 -0.131 -0.12 -0.195 0.55 -0.205 5.118 -1.085 -0.167
-0.417 -0.333 -0.466 -0.39 -0.294 -0.044 -0.273 -1.085 2.66 -0.52
-0.022 0.037 -0.043 -0.027 -0.052 0.085 -0.043 -0.167 -0.52 6.729

 Final eigenvalues for each cluster >> 
 (rows correspond to clusters)
9.494 8.572 7.227 6.028 5.56 5.203 5.118 3.865 3.321 1.505
9.704 7.983 7.383 6.79 5.678 5.562 5.41 4.817 3.888 1.912

 theoretical Separation index matrix >>

-1 0.01
0.01 -1

 theoretical projection directions >>

**** cluster 1 and 2
0.478 0.437 0.505 0.231 0.172 0.094 0.133 0.189 0.259 0.337

 empirical Separation index matrix (alpha= 0.05 )>>

-1 0.035
0.035 -1

 empirical projection directions >>

**** cluster 1 and 2
-0.414 -0.454 -0.568 -0.036 -0.203 -0.139 0.016 -0.051 -0.274 -0.401
