
 Log information for the data set datasetJHG3v2nv10out0_3.dat >>

 alpha = 0.05 sepVal = 0.34

 Number of clusters >> 3

 cluster sizes >>
50 50 50

 Number of data points >> 150

 Number of dimensions >> 12

 Number of noisy dimensions >> 10

 noisy variables >>
1 2 3 4 5 7 9 10 11 12

 Number of outliers >> 0

 initial eigenvalues for each cluster >> 
 (rows correspond to clusters)
1.784 1.259
2.629 3.672
7.558 2.718

 Mean vectors and covariance matrices before rotation --- 1th cluster >>

 mean vector (mu'=Q*mu)>>
-7.269 0 1.855 3.305 1.311 0.772 1.401 3.572 1.57 0.715 2.231 4.012

 covariance matrix (Sigma'=Q*Sigma*t(Q))>>

2.915 0.505 0 0 0 0 0 0 0 0 0 0
0.505 2.93 0 0 0 0 0 0 0 0 0 0
0 0 38.643 -0.034 -0.079 0.019 -0.195 0.164 -0.069 0.151 0 0.079
0 0 -0.034 38.676 -0.061 -0.001 -0.146 -0.019 -0.056 0.001 0 -0.011
0 0 -0.079 -0.061 38.871 -0.004 -0.146 -0.039 -0.057 -0.015 0 -0.021
0 0 0.019 -0.001 -0.004 38.256 -0.009 0.009 -0.003 0.008 0 0.004
0 0 -0.195 -0.146 -0.146 -0.009 38.601 -0.097 -0.135 -0.039 -0.001 -0.051
0 0 0.164 -0.019 -0.039 0.009 -0.097 38.364 -0.035 0.067 0 0.034
0 0 -0.069 -0.056 -0.057 -0.003 -0.135 -0.035 38.857 -0.013 0 -0.018
0 0 0.151 0.001 -0.015 0.008 -0.039 0.067 -0.013 38.215 0 0.033
0 0 0 0 0 0 -0.001 0 0 0 38.785 0
0 0 0.079 -0.011 -0.021 0.004 -0.051 0.034 -0.018 0.033 0 38.325

 Mean vectors and covariance matrices before rotation --- 2th cluster >>

 mean vector (mu'=Q*mu)>>
7.269 0 1.855 3.305 1.311 0.772 1.401 3.572 1.57 0.715 2.231 4.012

 covariance matrix (Sigma'=Q*Sigma*t(Q))>>

3.376 -0.47 0 0 0 0 0 0 0 0 0 0
-0.47 2.925 0 0 0 0 0 0 0 0 0 0
0 0 38.643 -0.034 -0.079 0.019 -0.195 0.164 -0.069 0.151 0 0.079
0 0 -0.034 38.676 -0.061 -0.001 -0.146 -0.019 -0.056 0.001 0 -0.011
0 0 -0.079 -0.061 38.871 -0.004 -0.146 -0.039 -0.057 -0.015 0 -0.021
0 0 0.019 -0.001 -0.004 38.256 -0.009 0.009 -0.003 0.008 0 0.004
0 0 -0.195 -0.146 -0.146 -0.009 38.601 -0.097 -0.135 -0.039 -0.001 -0.051
0 0 0.164 -0.019 -0.039 0.009 -0.097 38.364 -0.035 0.067 0 0.034
0 0 -0.069 -0.056 -0.057 -0.003 -0.135 -0.035 38.857 -0.013 0 -0.018
0 0 0.151 0.001 -0.015 0.008 -0.039 0.067 -0.013 38.215 0 0.033
0 0 0 0 0 0 -0.001 0 0 0 38.785 0
0 0 0.079 -0.011 -0.021 0.004 -0.051 0.034 -0.018 0.033 0 38.325

 Mean vectors and covariance matrices before rotation --- 3th cluster >>

 mean vector (mu'=Q*mu)>>
0 12.59 1.855 3.305 1.311 0.772 1.401 3.572 1.57 0.715 2.231 4.012

 covariance matrix (Sigma'=Q*Sigma*t(Q))>>

7.558 0.008 0 0 0 0 0 0 0 0 0 0
0.008 2.718 0 0 0 0 0 0 0 0 0 0
0 0 38.643 -0.034 -0.079 0.019 -0.195 0.164 -0.069 0.151 0 0.079
0 0 -0.034 38.676 -0.061 -0.001 -0.146 -0.019 -0.056 0.001 0 -0.011
0 0 -0.079 -0.061 38.871 -0.004 -0.146 -0.039 -0.057 -0.015 0 -0.021
0 0 0.019 -0.001 -0.004 38.256 -0.009 0.009 -0.003 0.008 0 0.004
0 0 -0.195 -0.146 -0.146 -0.009 38.601 -0.097 -0.135 -0.039 -0.001 -0.051
0 0 0.164 -0.019 -0.039 0.009 -0.097 38.364 -0.035 0.067 0 0.034
0 0 -0.069 -0.056 -0.057 -0.003 -0.135 -0.035 38.857 -0.013 0 -0.018
0 0 0.151 0.001 -0.015 0.008 -0.039 0.067 -0.013 38.215 0 0.033
0 0 0 0 0 0 -0.001 0 0 0 38.785 0
0 0 0.079 -0.011 -0.021 0.004 -0.051 0.034 -0.018 0.033 0 38.325

 Final eigenvalues for each cluster >> 
 (rows correspond to clusters)
38.951 38.932 38.909 38.785 38.732 38.309 38.292 38.271 38.255 38.157 3.427 2.418
38.951 38.932 38.909 38.785 38.732 38.309 38.292 38.271 38.255 38.157 3.672 2.629
38.951 38.932 38.909 38.785 38.732 38.309 38.292 38.271 38.255 38.157 7.558 2.718

 *************************************************

 ********************* rotation ******************

 *************************************************


 The orthogonal matrix Q >>
0.882 0.471
0.471 -0.882

 Mean vectors and covariance matrices after rotation --- 1th cluster >>

 mean vector (mu'=Q*mu)>>
1.855 0.715 1.401 2.231 1.311 -3.423 4.012 -6.413 1.57 3.572 3.305 0.772

 covariance matrix (Sigma'=Q*Sigma*t(Q))>>

38.643 0.151 -0.195 0 -0.079 0 0.079 0 -0.069 0.164 -0.034 0.019
0.151 38.215 -0.039 0 -0.015 0 0.033 0 -0.013 0.067 0.001 0.008
-0.195 -0.039 38.601 -0.001 -0.146 0 -0.051 0 -0.135 -0.097 -0.146 -0.009
0 0 -0.001 38.785 0 0 0 0 0 0 0 0
-0.079 -0.015 -0.146 0 38.871 0 -0.021 0 -0.057 -0.039 -0.061 -0.004
0 0 0 0 0 2.507 0 -0.287 0 0 0 0
0.079 0.033 -0.051 0 -0.021 0 38.325 0 -0.018 0.034 -0.011 0.004
0 0 0 0 0 -0.287 0 3.338 0 0 0 0
-0.069 -0.013 -0.135 0 -0.057 0 -0.018 0 38.857 -0.035 -0.056 -0.003
0.164 0.067 -0.097 0 -0.039 0 0.034 0 -0.035 38.364 -0.019 0.009
-0.034 0.001 -0.146 0 -0.061 0 -0.011 0 -0.056 -0.019 38.676 -0.001
0.019 0.008 -0.009 0 -0.004 0 0.004 0 -0.003 0.009 -0.001 38.256

 Mean vectors and covariance matrices after rotation --- 2th cluster >>

 mean vector (mu'=Q*mu)>>
1.855 0.715 1.401 2.231 1.311 3.423 4.012 6.413 1.57 3.572 3.305 0.772

 covariance matrix (Sigma'=Q*Sigma*t(Q))>>

38.643 0.151 -0.195 0 -0.079 0 0.079 0 -0.069 0.164 -0.034 0.019
0.151 38.215 -0.039 0 -0.015 0 0.033 0 -0.013 0.067 0.001 0.008
-0.195 -0.039 38.601 -0.001 -0.146 0 -0.051 0 -0.135 -0.097 -0.146 -0.009
0 0 -0.001 38.785 0 0 0 0 0 0 0 0
-0.079 -0.015 -0.146 0 38.871 0 -0.021 0 -0.057 -0.039 -0.061 -0.004
0 0 0 0 0 3.415 0 0.449 0 0 0 0
0.079 0.033 -0.051 0 -0.021 0 38.325 0 -0.018 0.034 -0.011 0.004
0 0 0 0 0 0.449 0 2.886 0 0 0 0
-0.069 -0.013 -0.135 0 -0.057 0 -0.018 0 38.857 -0.035 -0.056 -0.003
0.164 0.067 -0.097 0 -0.039 0 0.034 0 -0.035 38.364 -0.019 0.009
-0.034 0.001 -0.146 0 -0.061 0 -0.011 0 -0.056 -0.019 38.676 -0.001
0.019 0.008 -0.009 0 -0.004 0 0.004 0 -0.003 0.009 -0.001 38.256

 Mean vectors and covariance matrices after rotation --- 3th cluster >>

 mean vector (mu'=Q*mu)>>
1.855 0.715 1.401 2.231 1.311 -11.107 4.012 5.928 1.57 3.572 3.305 0.772

 covariance matrix (Sigma'=Q*Sigma*t(Q))>>

38.643 0.151 -0.195 0 -0.079 0 0.079 0 -0.069 0.164 -0.034 0.019
0.151 38.215 -0.039 0 -0.015 0 0.033 0 -0.013 0.067 0.001 0.008
-0.195 -0.039 38.601 -0.001 -0.146 0 -0.051 0 -0.135 -0.097 -0.146 -0.009
0 0 -0.001 38.785 0 0 0 0 0 0 0 0
-0.079 -0.015 -0.146 0 38.871 0 -0.021 0 -0.057 -0.039 -0.061 -0.004
0 0 0 0 0 3.784 0 2.006 0 0 0 0
0.079 0.033 -0.051 0 -0.021 0 38.325 0 -0.018 0.034 -0.011 0.004
0 0 0 0 0 2.006 0 6.492 0 0 0 0
-0.069 -0.013 -0.135 0 -0.057 0 -0.018 0 38.857 -0.035 -0.056 -0.003
0.164 0.067 -0.097 0 -0.039 0 0.034 0 -0.035 38.364 -0.019 0.009
-0.034 0.001 -0.146 0 -0.061 0 -0.011 0 -0.056 -0.019 38.676 -0.001
0.019 0.008 -0.009 0 -0.004 0 0.004 0 -0.003 0.009 -0.001 38.256

 Final eigenvalues for each cluster >> 
 (rows correspond to clusters)
38.951 38.932 38.909 38.785 38.732 38.309 38.292 38.271 38.255 38.157 3.427 2.418
38.951 38.932 38.909 38.785 38.732 38.309 38.292 38.271 38.255 38.157 3.672 2.629
38.951 38.932 38.909 38.785 38.732 38.309 38.292 38.271 38.255 38.157 7.558 2.718

 theoretical Separation index matrix >>

-1 0.353 0.34
0.353 -1 0.34
0.34 0.34 -1

 theoretical projection directions >>

**** cluster 1 and 2
0 0 0 0 0 0.482 0 0.876 0 0 0 0

**** cluster 1 and 3
0 0 0 0 0 -0.73 0 0.684 0 0 0 0

**** cluster 2 and 3
0 0 0 0 0 -0.973 0 0.233 0 0 0 0

 empirical Separation index matrix (alpha= 0.05 )>>

-1 0.33 0.374
0.33 -1 0.345
0.374 0.345 -1

 empirical projection directions >>

**** cluster 1 and 2
0.005 0.014 0.032 -0.045 0.023 0.353 0.037 0.932 -0.005 -0.034 0.011 -0.016

**** cluster 1 and 3
0.017 0.052 0.012 0.043 0.037 -0.753 0.055 0.65 0.002 -0.028 0.017 0.011

**** cluster 2 and 3
-0.029 0.025 0.002 0.008 -0.058 -0.985 -0.006 0.133 -0.028 -0.02 0.012 0.073
