
 Log information for the data set datasetJMG5v5nv3out0_3.dat >>

 alpha = 0.05 sepVal = 0.21

 Number of clusters >> 5

 cluster sizes >>
50 50 50 50 50

 Number of data points >> 250

 Number of dimensions >> 8

 Number of noisy dimensions >> 3

 noisy variables >>
4 7 8

 Number of outliers >> 0

 initial eigenvalues for each cluster >> 
 (rows correspond to clusters)
8.645 4.364 1.036 6.894 7.364
7.839 5.614 8.864 6.775 2.984
8.754 3.84 1.904 6.154 6.138
8.299 5.177 6.574 4.508 1.788
3.157 4.049 4.558 1.731 2.55

 Mean vectors and covariance matrices before rotation --- 1th cluster >>

 mean vector (mu'=Q*mu)>>
-7.884 0 0 0 0 1.783 3.93 3.761

 covariance matrix (Sigma'=Q*Sigma*t(Q))>>

3.654 -0.119 2.104 -2.032 -0.624 0 0 0
-0.119 4.667 0.909 0.116 0.018 0 0 0
2.104 0.909 6.948 2.04 0.488 0 0 0
-2.032 0.116 2.04 6.664 -0.19 0 0 0
-0.624 0.018 0.488 -0.19 7.628 0 0 0
0 0 0 0 0 26.205 -0.339 -0.231
0 0 0 0 0 -0.339 26.426 -0.104
0 0 0 0 0 -0.231 -0.104 27.821

 Mean vectors and covariance matrices before rotation --- 2th cluster >>

 mean vector (mu'=Q*mu)>>
7.884 0 0 0 0 1.783 3.93 3.761

 covariance matrix (Sigma'=Q*Sigma*t(Q))>>

6.088 0.249 -1.026 -0.002 2.327 0 0 0
0.249 5.719 0.006 0.01 0.525 0 0 0
-1.026 0.006 8.401 -0.011 0.515 0 0 0
-0.002 0.01 -0.011 6.776 0.064 0 0 0
2.327 0.525 0.515 0.064 5.091 0 0 0
0 0 0 0 0 26.205 -0.339 -0.231
0 0 0 0 0 -0.339 26.426 -0.104
0 0 0 0 0 -0.231 -0.104 27.821

 Mean vectors and covariance matrices before rotation --- 3th cluster >>

 mean vector (mu'=Q*mu)>>
0 13.655 0 0 0 1.783 3.93 3.761

 covariance matrix (Sigma'=Q*Sigma*t(Q))>>

6.18 0.442 1.103 0.391 0.479 0 0 0
0.442 3.969 0.243 0.357 0.429 0 0 0
1.103 0.243 2.345 0.728 0.875 0 0 0
0.391 0.357 0.728 6.972 0.985 0 0 0
0.479 0.429 0.875 0.985 7.325 0 0 0
0 0 0 0 0 26.205 -0.339 -0.231
0 0 0 0 0 -0.339 26.426 -0.104
0 0 0 0 0 -0.231 -0.104 27.821

 Mean vectors and covariance matrices before rotation --- 4th cluster >>

 mean vector (mu'=Q*mu)>>
0 4.552 12.874 0 0 1.783 3.93 3.761

 covariance matrix (Sigma'=Q*Sigma*t(Q))>>

5.183 0.628 -0.035 0.602 2.247 0 0 0
0.628 6.073 0.125 0.618 1.414 0 0 0
-0.035 0.125 6.587 0.092 0.24 0 0 0
0.602 0.618 0.092 4.926 0.916 0 0 0
2.247 1.414 0.24 0.916 3.577 0 0 0
0 0 0 0 0 26.205 -0.339 -0.231
0 0 0 0 0 -0.339 26.426 -0.104
0 0 0 0 0 -0.231 -0.104 27.821

 Mean vectors and covariance matrices before rotation --- 5th cluster >>

 mean vector (mu'=Q*mu)>>
0 4.552 3.218 12.465 0 1.783 3.93 3.761

 covariance matrix (Sigma'=Q*Sigma*t(Q))>>

10.19 -0.391 -2.433 1.549 1.336 0 0 0
-0.391 12.674 -0.441 0.067 -0.05 0 0 0
-2.433 -0.441 12.269 0.036 -0.627 0 0 0
1.549 0.067 0.036 6.197 1.025 0 0 0
1.336 -0.05 -0.627 1.025 9.238 0 0 0
0 0 0 0 0 26.205 -0.339 -0.231
0 0 0 0 0 -0.339 26.426 -0.104
0 0 0 0 0 -0.231 -0.104 27.821

 Final eigenvalues for each cluster >> 
 (rows correspond to clusters)
27.856 26.67 25.927 9.029 7.691 7.2 4.558 1.082
27.856 26.67 25.927 8.864 7.839 6.775 5.614 2.984
27.856 26.67 25.927 8.754 6.154 6.138 3.84 1.904
27.856 26.67 25.927 8.299 6.574 5.177 4.508 1.788
27.856 26.67 25.927 14.364 12.762 9.949 8.036 5.457

 *************************************************

 ********************* rotation ******************

 *************************************************


 The orthogonal matrix Q >>
0.674 0.236 0.579 0.393 0.014
0.236 -0.967 0.082 0.055 0.002
0.579 0.082 -0.799 0.136 0.005
0.393 0.055 0.136 -0.908 0.003
0.014 0.002 0.005 0.003 -1

 Mean vectors and covariance matrices after rotation --- 1th cluster >>

 mean vector (mu'=Q*mu)>>
-0.114 -3.096 -1.857 1.783 -5.314 -4.568 3.761 3.93

 covariance matrix (Sigma'=Q*Sigma*t(Q))>>

7.641 0.008 0.126 0 0.183 0.712 0 0
0.008 7.366 0.25 0 -0.143 1.211 0 0
0.126 0.25 4.576 0 -0.206 -0.01 0 0
0 0 0 26.205 0 0 -0.231 -0.339
0.183 -0.143 -0.206 0 7.004 -3.057 0 0
0.712 1.211 -0.01 0 -3.057 2.974 0 0
0 0 0 -0.231 0 0 27.821 -0.104
0 0 0 -0.339 0 0 -0.104 26.426

 Mean vectors and covariance matrices after rotation --- 2th cluster >>

 mean vector (mu'=Q*mu)>>
0.114 3.096 1.857 1.783 5.314 4.568 3.761 3.93

 covariance matrix (Sigma'=Q*Sigma*t(Q))>>

5.016 -0.956 -0.088 0 -2.004 -0.982 0 0
-0.956 6.607 -0.134 0 -0.338 -0.081 0 0
-0.088 -0.134 5.606 0 -0.139 -0.1 0 0
0 0 0 26.205 0 0 -0.231 -0.339
-2.004 -0.338 -0.139 0 6.284 -0.76 0 0
-0.982 -0.081 -0.1 0 -0.76 8.562 0 0
0 0 0 -0.231 0 0 27.821 -0.104
0 0 0 -0.339 0 0 -0.104 26.426

 Mean vectors and covariance matrices after rotation --- 3th cluster >>

 mean vector (mu'=Q*mu)>>
0.028 0.754 -13.202 1.783 3.216 1.113 3.761 3.93

 covariance matrix (Sigma'=Q*Sigma*t(Q))>>

7.294 0.551 0.172 0 -1.323 0.254 0 0
0.551 6.398 0.103 0 -0.783 0.4 0 0
0.172 0.103 3.871 0 0.122 0.179 0 0
0 0 0 26.205 0 0 -0.231 -0.339
-1.323 -0.783 0.122 0 6.603 1.582 0 0
0.254 0.4 0.179 0 1.582 2.626 0 0
0 0 0 -0.231 0 0 27.821 -0.104
0 0 0 -0.339 0 0 -0.104 26.426

 Mean vectors and covariance matrices after rotation --- 4th cluster >>

 mean vector (mu'=Q*mu)>>
0.074 2.001 -3.351 1.783 8.532 -9.921 3.761 3.93

 covariance matrix (Sigma'=Q*Sigma*t(Q))>>

3.499 -0.162 0.759 0 -2.309 -1.342 0 0
-0.162 4.512 0.152 0 -0.135 -0.324 0 0
0.759 0.152 5.664 0 -0.74 -0.445 0 0
0 0 0 26.205 0 0 -0.231 -0.339
-2.309 -0.135 -0.74 0 6.412 -0.296 0 0
-1.342 -0.324 -0.445 0 -0.296 6.26 0 0
0 0 0 -0.231 0 0 27.821 -0.104
0 0 0 -0.339 0 0 -0.104 26.426

 Mean vectors and covariance matrices after rotation --- 5th cluster >>

 mean vector (mu'=Q*mu)>>
0.068 -10.628 -3.45 1.783 7.832 -0.507 3.761 3.93

 covariance matrix (Sigma'=Q*Sigma*t(Q))>>

9.199 0.483 -0.368 0 -0.931 -1.388 0 0
0.483 5.539 -0.106 0 0.021 0.132 0 0
-0.368 -0.106 12.703 0 -0.362 -0.057 0 0
0 0 0 26.205 0 0 -0.231 -0.339
-0.931 0.021 -0.362 0 9.14 -0.132 0 0
-1.388 0.132 -0.057 0 -0.132 13.987 0 0
0 0 0 -0.231 0 0 27.821 -0.104
0 0 0 -0.339 0 0 -0.104 26.426

 Final eigenvalues for each cluster >> 
 (rows correspond to clusters)
27.856 26.67 25.927 9.029 7.691 7.2 4.558 1.082
27.856 26.67 25.927 8.864 7.839 6.775 5.614 2.984
27.856 26.67 25.927 8.754 6.154 6.138 3.84 1.904
27.856 26.67 25.927 8.299 6.574 5.177 4.508 1.788
27.856 26.67 25.927 14.364 12.762 9.949 8.036 5.457

 theoretical Separation index matrix >>

-1 0.315 0.327 0.21 0.225
0.315 -1 0.295 0.21 0.218
0.327 0.295 -1 0.323 0.21
0.21 0.21 0.323 -1 0.239
0.225 0.218 0.21 0.239 -1

 theoretical projection directions >>

**** cluster 1 and 2
0.075 0.172 0.216 0 0.648 0.706 0 0

**** cluster 1 and 3
-0.001 0.105 -0.671 0 0.396 0.618 0 0

**** cluster 1 and 4
0.2 0.409 -0.083 0 0.861 -0.212 0 0

**** cluster 1 and 5
0.048 -0.478 -0.044 0 0.746 0.459 0 0

**** cluster 2 and 3
-0.035 -0.115 -0.972 0 -0.104 -0.174 0 0

**** cluster 2 and 4
-0.213 -0.135 -0.411 0 0.033 -0.875 0 0

**** cluster 2 and 5
-0.055 -0.943 -0.253 0 0.087 -0.189 0 0

**** cluster 3 and 4
0.011 0.091 0.549 0 0.334 -0.761 0 0

**** cluster 3 and 5
0.087 -0.803 0.532 0 0.241 -0.083 0 0

**** cluster 4 and 5
0.096 -0.93 0.007 0 -0.01 0.355 0 0

 empirical Separation index matrix (alpha= 0.05 )>>

-1 0.304 0.265 0.379 0.232
0.304 -1 0.25 0.246 0.25
0.265 0.25 -1 0.348 0.238
0.379 0.246 0.348 -1 0.265
0.232 0.25 0.238 0.265 -1

 empirical projection directions >>

**** cluster 1 and 2
-0.077 -0.224 -0.347 0.084 -0.626 -0.649 0.004 0.053

**** cluster 1 and 3
-0.192 -0.218 -0.447 0.082 0.27 -0.784 -0.115 0.088

**** cluster 1 and 4
-0.252 -0.128 -0.931 0.031 -0.19 -0.126 0.002 0.004

**** cluster 1 and 5
-0.018 -0.887 -0.291 0.061 0.27 -0.222 -0.039 0.021

**** cluster 2 and 3
-0.083 0.421 -0.057 -0.014 0.836 -0.315 -0.113 -0.044

**** cluster 2 and 4
-0.048 0.198 -0.844 -0.034 0.31 0.381 -0.035 -0.045

**** cluster 2 and 5
0.075 -0.447 -0.029 -0.005 0.768 0.446 -0.006 -0.069

**** cluster 3 and 4
-0.047 -0.089 -0.589 0.028 -0.421 0.679 0.005 -0.062

**** cluster 3 and 5
0.192 -0.879 -0.003 0.012 -0.084 0.426 0.037 0.012

**** cluster 4 and 5
0.068 -0.762 0.611 0.02 0.184 -0.08 -0.029 -0.007
