
 Log information for the data set datasetJLG3v5nv0out0_2.dat >>

 alpha = 0.05 sepVal = 0.01

 Number of clusters >> 3

 cluster sizes >>
50 50 50

 Number of data points >> 150

 Number of dimensions >> 5

 Number of noisy dimensions >> 0

 noisy variables >>
0

 Number of outliers >> 0

 initial eigenvalues for each cluster >> 
 (rows correspond to clusters)
8.337 2.815 3.234 8.055 2.349
8.493 2.079 7.568 7.248 1.095
8.424 2.278 6.013 6.39 8.475

 Mean vectors and covariance matrices before rotation --- 1th cluster >>

 mean vector (mu'=Q*mu)>>
-3.933 0 0 0 0

 covariance matrix (Sigma'=Q*Sigma*t(Q))>>

4.831 1.528 1.771 -0.634 0.471
1.528 4.159 1.709 0.342 0.381
1.771 1.709 5.4 0.401 0.485
-0.634 0.342 0.401 7.943 0.104
0.471 0.381 0.485 0.104 2.456

 Mean vectors and covariance matrices before rotation --- 2th cluster >>

 mean vector (mu'=Q*mu)>>
3.933 0 0 0 0

 covariance matrix (Sigma'=Q*Sigma*t(Q))>>

6.157 1.134 -0.145 -0.018 3.542
1.134 2.547 0.167 0.045 0.92
-0.145 0.167 8.095 0.005 0.506
-0.018 0.045 0.005 7.745 0.135
3.542 0.92 0.506 0.135 3.751

 Mean vectors and covariance matrices before rotation --- 3th cluster >>

 mean vector (mu'=Q*mu)>>
0 6.812 0 0 0

 covariance matrix (Sigma'=Q*Sigma*t(Q))>>

6.669 0.544 0.521 0.405 -0.619
0.544 2.398 0.368 0.446 0.184
0.521 0.368 6.829 0.927 0.168
0.405 0.446 0.927 7.426 0.126
-0.619 0.184 0.168 0.126 8.257

 Final eigenvalues for each cluster >> 
 (rows correspond to clusters)
8.337 8.055 3.234 2.815 2.349
9.074 8.086 7.744 2.221 1.17
8.475 8.424 6.39 6.013 2.278

 *************************************************

 ********************* rotation ******************

 *************************************************


 The orthogonal matrix Q >>
0.17 0.521 0.531 0.645 0.035
0.521 -0.768 0.236 0.287 0.016
0.531 0.236 -0.759 0.293 0.016
0.645 0.287 0.293 -0.644 0.019
0.035 0.016 0.016 0.019 -0.999

 Mean vectors and covariance matrices after rotation --- 1th cluster >>

 mean vector (mu'=Q*mu)>>
-2.538 -0.137 -0.669 -2.089 -2.048

 covariance matrix (Sigma'=Q*Sigma*t(Q))>>

7.906 -0.395 0.22 -0.827 -0.371
-0.395 2.403 -0.385 0.009 -0.059
0.22 -0.385 8.047 0.301 0.977
-0.827 0.009 0.301 3.402 0.155
-0.371 -0.059 0.977 0.155 3.032

 Mean vectors and covariance matrices after rotation --- 2th cluster >>

 mean vector (mu'=Q*mu)>>
2.538 0.137 0.669 2.089 2.048

 covariance matrix (Sigma'=Q*Sigma*t(Q))>>

7.174 -2.565 -0.364 -0.529 0.267
-2.565 3.461 -1.316 -1.72 -1.222
-0.364 -1.316 6.78 -0.545 2.093
-0.529 -1.72 -0.545 7.603 0.298
0.267 -1.222 2.093 0.298 3.277

 Mean vectors and covariance matrices after rotation --- 3th cluster >>

 mean vector (mu'=Q*mu)>>
1.956 0.106 3.547 1.61 -5.233

 covariance matrix (Sigma'=Q*Sigma*t(Q))>>

6.24 0.335 -0.495 -0.103 0.847
0.335 8.283 -0.174 0.337 0.425
-0.495 -0.174 7.303 -0.319 2.28
-0.103 0.337 -0.319 5.937 0.654
0.847 0.425 2.28 0.654 3.817

 Final eigenvalues for each cluster >> 
 (rows correspond to clusters)
8.337 8.055 3.234 2.815 2.349
9.074 8.086 7.744 2.221 1.17
8.475 8.424 6.39 6.013 2.278

 theoretical Separation index matrix >>

-1 0.01 0.01
0.01 -1 0.124
0.01 0.124 -1

 theoretical projection directions >>

**** cluster 1 and 2
0.425 0.54 0.024 0.409 0.6

**** cluster 1 and 3
0.357 0.05 0.417 0.444 -0.707

**** cluster 2 and 3
0.08 0.012 0.416 0.073 -0.903

 empirical Separation index matrix (alpha= 0.05 )>>

-1 0.035 0.001
0.035 -1 0.09
0.001 0.09 -1

 empirical projection directions >>

**** cluster 1 and 2
0.566 0.499 0.034 0.353 0.553

**** cluster 1 and 3
0.38 -0.002 0.469 0.335 -0.723

**** cluster 2 and 3
0.072 -0.008 0.468 0.11 -0.874
