
 Log information for the data set datasetJHG3v10nv10out0_1.dat >>

 alpha = 0.05 sepVal = 0.34

 Number of clusters >> 3

 cluster sizes >>
50 50 50

 Number of data points >> 150

 Number of dimensions >> 20

 Number of noisy dimensions >> 10

 noisy variables >>
3 7 10 11 12 14 16 17 18 20

 Number of outliers >> 0

 initial eigenvalues for each cluster >> 
 (rows correspond to clusters)
1.013 8.399 7.085 6.603 8.417 7.91 2.577 7.372 8.467 1.469
6.407 4.015 9.009 9.401 1.156 9.158 2.161 4.578 1.238 3.417
4.339 8.565 9.65 4.766 9.399 6.501 3.339 9.715 8.695 1.559

 Mean vectors and covariance matrices before rotation --- 1th cluster >>

 mean vector (mu'=Q*mu)>>
-9.647 0 0 0 0 0 0 0 0 0 4.001 1.548 0.999 3.223 5.184 3.573 4.194 4.493 3.822 4.451

 covariance matrix (Sigma'=Q*Sigma*t(Q))>>

10.663 -5.774 -3.225 -1.041 -3.831 -2.543 0.206 -0.582 -1.228 2.303 0 0 0 0 0 0 0 0 0 0
-5.774 17.656 -2.606 -0.917 -2.591 -1.826 -0.759 -0.45 -0.826 -2.291 0 0 0 0 0 0 0 0 0 0
-3.225 -2.606 16.481 -0.599 -1.726 -1.21 -0.456 -0.297 -0.551 -1.313 0 0 0 0 0 0 0 0 0 0
-1.041 -0.917 -0.599 16.747 -0.607 -0.425 -0.153 -0.104 -0.194 -0.43 0 0 0 0 0 0 0 0 0 0
-3.831 -2.591 -1.726 -0.607 19.899 -1.209 -0.503 -0.298 -0.547 -1.519 0 0 0 0 0 0 0 0 0 0
-2.543 -1.826 -1.21 -0.425 -1.209 19.462 -0.342 -0.209 -0.386 -1.017 0 0 0 0 0 0 0 0 0 0
0.206 -0.759 -0.456 -0.153 -0.503 -0.342 6.577 -0.081 -0.161 0.01 0 0 0 0 0 0 0 0 0 0
-0.582 -0.45 -0.297 -0.104 -0.298 -0.209 -0.081 18.879 -0.095 -0.235 0 0 0 0 0 0 0 0 0 0
-1.228 -0.826 -0.551 -0.194 -0.547 -0.386 -0.161 -0.095 21.569 -0.487 0 0 0 0 0 0 0 0 0 0
2.303 -2.291 -1.313 -0.43 -1.519 -1.017 0.01 -0.235 -0.487 4.379 0 0 0 0 0 0 0 0 0 0
0 0 0 0 0 0 0 0 0 0 45.881 -2.62 14.002 0.152 -5.207 -5.475 4.331 11.898 7.331 4.003
0 0 0 0 0 0 0 0 0 0 -2.62 60.807 3.139 0.047 -0.676 -0.772 1.071 2.767 1.945 0.94
0 0 0 0 0 0 0 0 0 0 14.002 3.139 13.148 0.24 3.601 3.015 3.389 7.109 7.391 2.501
0 0 0 0 0 0 0 0 0 0 0.152 0.047 0.24 42.628 0.039 0.025 0.1 0.23 0.204 0.08
0 0 0 0 0 0 0 0 0 0 -5.207 -0.676 3.601 0.039 64.763 -1.411 1.113 3.06 1.884 1.029
0 0 0 0 0 0 0 0 0 0 -5.475 -0.772 3.015 0.025 -1.411 67.26 0.873 2.503 1.401 0.837
0 0 0 0 0 0 0 0 0 0 4.331 1.071 3.389 0.1 1.113 0.873 31.09 3.361 3.23 1.173
0 0 0 0 0 0 0 0 0 0 11.898 2.767 7.109 0.23 3.06 2.503 3.361 25.946 7.218 2.522
0 0 0 0 0 0 0 0 0 0 7.331 1.945 7.391 0.204 1.884 1.401 3.23 7.218 42.635 2.51
0 0 0 0 0 0 0 0 0 0 4.003 0.94 2.501 0.08 1.029 0.837 1.173 2.522 2.51 21.832

 Mean vectors and covariance matrices before rotation --- 2th cluster >>

 mean vector (mu'=Q*mu)>>
9.647 0 0 0 0 0 0 0 0 0 4.001 1.548 0.999 3.223 5.184 3.573 4.194 4.493 3.822 4.451

 covariance matrix (Sigma'=Q*Sigma*t(Q))>>

5.721 0.571 -1.321 -0.134 1.3 -1.879 1.218 0.274 1.613 0.441 0 0 0 0 0 0 0 0 0 0
0.571 4.403 -0.098 -0.013 0.57 -0.158 0.584 0.236 0.712 0.256 0 0 0 0 0 0 0 0 0 0
-1.321 -0.098 8.128 -0.085 0.21 -1.229 0.127 -0.116 0.255 -0.016 0 0 0 0 0 0 0 0 0 0
-0.134 -0.013 -0.085 9.393 0.015 -0.118 0.007 -0.013 0.018 -0.004 0 0 0 0 0 0 0 0 0 0
1.3 0.57 0.21 0.015 1.855 0.265 0.751 0.369 0.876 0.357 0 0 0 0 0 0 0 0 0 0
-1.879 -0.158 -1.229 -0.118 0.265 7.446 0.148 -0.175 0.32 -0.035 0 0 0 0 0 0 0 0 0 0
1.218 0.584 0.127 0.007 0.751 0.148 2.958 0.372 0.94 0.371 0 0 0 0 0 0 0 0 0 0
0.274 0.236 -0.116 -0.013 0.369 -0.175 0.372 4.718 0.46 0.159 0 0 0 0 0 0 0 0 0 0
1.613 0.712 0.255 0.018 0.876 0.32 0.94 0.46 2.335 0.447 0 0 0 0 0 0 0 0 0 0
0.441 0.256 -0.016 -0.004 0.357 -0.035 0.371 0.159 0.447 3.583 0 0 0 0 0 0 0 0 0 0
0 0 0 0 0 0 0 0 0 0 45.881 -2.62 14.002 0.152 -5.207 -5.475 4.331 11.898 7.331 4.003
0 0 0 0 0 0 0 0 0 0 -2.62 60.807 3.139 0.047 -0.676 -0.772 1.071 2.767 1.945 0.94
0 0 0 0 0 0 0 0 0 0 14.002 3.139 13.148 0.24 3.601 3.015 3.389 7.109 7.391 2.501
0 0 0 0 0 0 0 0 0 0 0.152 0.047 0.24 42.628 0.039 0.025 0.1 0.23 0.204 0.08
0 0 0 0 0 0 0 0 0 0 -5.207 -0.676 3.601 0.039 64.763 -1.411 1.113 3.06 1.884 1.029
0 0 0 0 0 0 0 0 0 0 -5.475 -0.772 3.015 0.025 -1.411 67.26 0.873 2.503 1.401 0.837
0 0 0 0 0 0 0 0 0 0 4.331 1.071 3.389 0.1 1.113 0.873 31.09 3.361 3.23 1.173
0 0 0 0 0 0 0 0 0 0 11.898 2.767 7.109 0.23 3.06 2.503 3.361 25.946 7.218 2.522
0 0 0 0 0 0 0 0 0 0 7.331 1.945 7.391 0.204 1.884 1.401 3.23 7.218 42.635 2.51
0 0 0 0 0 0 0 0 0 0 4.003 0.94 2.501 0.08 1.029 0.837 1.173 2.522 2.51 21.832

 Mean vectors and covariance matrices before rotation --- 3th cluster >>

 mean vector (mu'=Q*mu)>>
0 16.71 0 0 0 0 0 0 0 0 4.001 1.548 0.999 3.223 5.184 3.573 4.194 4.493 3.822 4.451

 covariance matrix (Sigma'=Q*Sigma*t(Q))>>

5.669 -0.687 -1.298 0.236 -0.041 -0.386 0.619 -0.443 -1.519 2.004 0 0 0 0 0 0 0 0 0 0
-0.687 8.247 -0.509 -0.22 -0.017 -0.39 -0.116 -0.172 -0.685 -0.029 0 0 0 0 0 0 0 0 0 0
-1.298 -0.509 8.847 -0.402 -0.027 -0.657 -0.246 -0.271 -1.096 -0.19 0 0 0 0 0 0 0 0 0 0
0.236 -0.22 -0.402 4.793 -0.013 -0.154 0.14 -0.137 -0.484 0.502 0 0 0 0 0 0 0 0 0 0
-0.041 -0.017 -0.027 -0.013 9.398 -0.021 -0.008 -0.009 -0.036 -0.005 0 0 0 0 0 0 0 0 0 0
-0.386 -0.39 -0.657 -0.154 -0.021 6.097 -0.001 -0.223 -0.848 0.301 0 0 0 0 0 0 0 0 0 0
0.619 -0.116 -0.246 0.14 -0.008 -0.001 3.566 -0.084 -0.261 0.627 0 0 0 0 0 0 0 0 0 0
-0.443 -0.172 -0.271 -0.137 -0.009 -0.223 -0.084 9.624 -0.371 -0.067 0 0 0 0 0 0 0 0 0 0
-1.519 -0.685 -1.096 -0.484 -0.036 -0.848 -0.261 -0.371 7.216 -0.088 0 0 0 0 0 0 0 0 0 0
2.004 -0.029 -0.19 0.502 -0.005 0.301 0.627 -0.067 -0.088 3.072 0 0 0 0 0 0 0 0 0 0
0 0 0 0 0 0 0 0 0 0 45.881 -2.62 14.002 0.152 -5.207 -5.475 4.331 11.898 7.331 4.003
0 0 0 0 0 0 0 0 0 0 -2.62 60.807 3.139 0.047 -0.676 -0.772 1.071 2.767 1.945 0.94
0 0 0 0 0 0 0 0 0 0 14.002 3.139 13.148 0.24 3.601 3.015 3.389 7.109 7.391 2.501
0 0 0 0 0 0 0 0 0 0 0.152 0.047 0.24 42.628 0.039 0.025 0.1 0.23 0.204 0.08
0 0 0 0 0 0 0 0 0 0 -5.207 -0.676 3.601 0.039 64.763 -1.411 1.113 3.06 1.884 1.029
0 0 0 0 0 0 0 0 0 0 -5.475 -0.772 3.015 0.025 -1.411 67.26 0.873 2.503 1.401 0.837
0 0 0 0 0 0 0 0 0 0 4.331 1.071 3.389 0.1 1.113 0.873 31.09 3.361 3.23 1.173
0 0 0 0 0 0 0 0 0 0 11.898 2.767 7.109 0.23 3.06 2.503 3.361 25.946 7.218 2.522
0 0 0 0 0 0 0 0 0 0 7.331 1.945 7.391 0.204 1.884 1.401 3.23 7.218 42.635 2.51
0 0 0 0 0 0 0 0 0 0 4.003 0.94 2.501 0.08 1.029 0.837 1.173 2.522 2.51 21.832

 Final eigenvalues for each cluster >> 
 (rows correspond to clusters)
68.707 66.105 66.08 61.041 42.622 35.926 29.558 21.743 21.615 21.569 20.949 20.312 18.93 18.75 18.194 16.956 6.618 6.251 3.772 2.602
68.707 66.105 66.08 61.041 42.622 35.926 29.558 20.949 18.75 9.401 9.158 9.009 6.407 6.251 4.578 4.015 3.417 2.161 1.238 1.156
68.707 66.105 66.08 61.041 42.622 35.926 29.558 20.949 18.75 9.715 9.65 9.399 8.695 8.565 6.501 6.251 4.766 4.339 3.339 1.559

 *************************************************

 ********************* rotation ******************

 *************************************************


 The orthogonal matrix Q >>
0.237 0.311 0.143 0.129 0.287 0.342 0.504 0.129 0.13 0.569
0.311 -0.922 0.036 0.032 0.072 0.086 0.126 0.032 0.033 0.143
0.143 0.036 -0.983 0.015 0.033 0.04 0.058 0.015 0.015 0.066
0.129 0.032 0.015 -0.987 0.03 0.036 0.053 0.013 0.014 0.059
0.287 0.072 0.033 0.03 -0.933 0.079 0.117 0.03 0.03 0.132
0.342 0.086 0.04 0.036 0.079 -0.905 0.139 0.036 0.036 0.157
0.504 0.126 0.058 0.053 0.117 0.139 -0.795 0.053 0.053 0.231
0.129 0.032 0.015 0.013 0.03 0.036 0.053 -0.987 0.014 0.059
0.13 0.033 0.015 0.014 0.03 0.036 0.053 0.014 -0.986 0.06
0.569 0.143 0.066 0.059 0.132 0.157 0.231 0.059 0.06 -0.739

 Mean vectors and covariance matrices after rotation --- 1th cluster >>

 mean vector (mu'=Q*mu)>>
-3.299 -2.773 3.223 -1.379 -1.246 -4.858 5.184 -2.998 -1.246 3.573 0.999 3.822 -2.29 4.194 -5.485 4.001 4.493 4.451 -1.254 1.548

 covariance matrix (Sigma'=Q*Sigma*t(Q))>>

19.66 -0.19 0 0.299 -0.299 -0.241 0 0.225 -0.141 0 0 0 -3.052 0 -0.95 0 0 0 -0.221 0
-0.19 21.473 0 -0.101 -0.052 0.837 0 -0.093 -0.046 0 0 0 -1.175 0 -0.046 0 0 0 -0.085 0
0 0 42.628 0 0 0 0.039 0 0 0.025 0.24 0.204 0 0.1 0 0.152 0.23 0.08 0 0.047
0.299 -0.101 0 17.709 0.205 1.687 0 -0.453 0.059 0 0 0 1.723 0 1.087 0 0 0 0.06 0
-0.299 -0.052 0 0.205 18.782 -0.286 0 0.175 -0.059 0 0 0 -1.372 0 -0.485 0 0 0 -0.096 0
-0.241 0.837 0 1.687 -0.286 6.444 0 2.086 0.193 0 0 0 -1.237 0 -0.21 0 0 0 0.008 0
0 0 0.039 0 0 0 64.763 0 0 -1.411 3.601 1.884 0 1.113 0 -5.207 3.06 1.029 0 -0.676
0.225 -0.093 0 -0.453 0.175 2.086 0 21.219 0.048 0 0 0 0.53 0 0.88 0 0 0 0.034 0
-0.141 -0.046 0 0.059 -0.059 0.193 0 0.048 16.933 0 0 0 -0.478 0 -0.057 0 0 0 -0.052 0
0 0 0.025 0 0 0 -1.411 0 0 67.26 3.015 1.401 0 0.873 0 -5.475 2.503 0.837 0 -0.772
0 0 0.24 0 0 0 3.601 0 0 3.015 13.148 7.391 0 3.389 0 14.002 7.109 2.501 0 3.139
0 0 0.204 0 0 0 1.884 0 0 1.401 7.391 42.635 0 3.23 0 7.331 7.218 2.51 0 1.945
-3.052 -1.175 0 1.723 -1.372 -1.237 0 0.53 -0.478 0 0 0 4.376 0 0.503 0 0 0 -1.102 0
0 0 0.1 0 0 0 1.113 0 0 0.873 3.389 3.23 0 31.09 0 4.331 3.361 1.173 0 1.071
-0.95 -0.046 0 1.087 -0.485 -0.21 0 0.88 -0.057 0 0 0 0.503 0 4.053 0 0 0 -0.314 0
0 0 0.152 0 0 0 -5.207 0 0 -5.475 14.002 7.331 0 4.331 0 45.881 11.898 4.003 0 -2.62
0 0 0.23 0 0 0 3.06 0 0 2.503 7.109 7.218 0 3.361 0 11.898 25.946 2.522 0 2.767
0 0 0.08 0 0 0 1.029 0 0 0.837 2.501 2.51 0 1.173 0 4.003 2.522 21.832 0 0.94
-0.221 -0.085 0 0.06 -0.096 0.008 0 0.034 -0.052 0 0 0 -1.102 0 -0.314 0 0 0 21.665 0
0 0 0.047 0 0 0 -0.676 0 0 -0.772 3.139 1.945 0 1.071 0 -2.62 2.767 0.94 0 60.807

 Mean vectors and covariance matrices after rotation --- 2th cluster >>

 mean vector (mu'=Q*mu)>>
3.299 2.773 3.223 1.379 1.246 4.858 5.184 2.998 1.246 3.573 0.999 3.822 2.29 4.194 5.485 4.001 4.493 4.451 1.254 1.548

 covariance matrix (Sigma'=Q*Sigma*t(Q))>>

8.588 0.375 0 -0.515 -0.113 0.82 0 0.158 0.051 0 0 0 0.203 0 1.09 0 0 0 -0.257 0
0.375 1.233 0 0.455 0.099 0.065 0 0.063 -0.163 0 0 0 -0.024 0 -0.11 0 0 0 0.068 0
0 0 42.628 0 0 0 0.039 0 0 0.025 0.24 0.204 0 0.1 0 0.152 0.23 0.08 0 0.047
-0.515 0.455 0 8.525 -0.001 0.756 0 0.249 0.075 0 0 0 0.405 0 0.848 0 0 0 0.104 0
-0.113 0.099 0 -0.001 4.602 0.082 0 0.019 -0.089 0 0 0 -0.277 0 -0.031 0 0 0 0.101 0
0.82 0.065 0 0.756 0.082 2.462 0 0.132 -0.125 0 0 0 0.632 0 0.35 0 0 0 -0.293 0
0 0 0.039 0 0 0 64.763 0 0 -1.411 3.601 1.884 0 1.113 0 -5.207 3.06 1.029 0 -0.676
0.158 0.063 0 0.249 0.019 0.132 0 4.034 -0.132 0 0 0 -0.15 0 0.078 0 0 0 -0.087 0
0.051 -0.163 0 0.075 -0.089 -0.125 0 -0.132 9.358 0 0 0 -0.296 0 -0.015 0 0 0 -0.299 0
0 0 0.025 0 0 0 -1.411 0 0 67.26 3.015 1.401 0 0.873 0 -5.475 2.503 0.837 0 -0.772
0 0 0.24 0 0 0 3.601 0 0 3.015 13.148 7.391 0 3.389 0 14.002 7.109 2.501 0 3.139
0 0 0.204 0 0 0 1.884 0 0 1.401 7.391 42.635 0 3.23 0 7.331 7.218 2.51 0 1.945
0.203 -0.024 0 0.405 -0.277 0.632 0 -0.15 -0.296 0 0 0 5.839 0 1.105 0 0 0 -1.253 0
0 0 0.1 0 0 0 1.113 0 0 0.873 3.389 3.23 0 31.09 0 4.331 3.361 1.173 0 1.071
1.09 -0.11 0 0.848 -0.031 0.35 0 0.078 -0.015 0 0 0 1.105 0 4.168 0 0 0 -0.806 0
0 0 0.152 0 0 0 -5.207 0 0 -5.475 14.002 7.331 0 4.331 0 45.881 11.898 4.003 0 -2.62
0 0 0.23 0 0 0 3.06 0 0 2.503 7.109 7.218 0 3.361 0 11.898 25.946 2.522 0 2.767
0 0 0.08 0 0 0 1.029 0 0 0.837 2.501 2.51 0 1.173 0 4.003 2.522 21.832 0 0.94
-0.257 0.068 0 0.104 0.101 -0.293 0 -0.087 -0.299 0 0 0 -1.253 0 -0.806 0 0 0 1.732 0
0 0 0.047 0 0 0 -0.676 0 0 -0.772 3.139 1.945 0 1.071 0 -2.62 2.767 0.94 0 60.807

 Mean vectors and covariance matrices after rotation --- 3th cluster >>

 mean vector (mu'=Q*mu)>>
1.435 1.206 3.223 0.6 0.542 2.113 5.184 -15.406 0.542 3.573 0.999 3.822 5.192 4.194 2.386 4.001 4.493 4.451 0.546 1.548

 covariance matrix (Sigma'=Q*Sigma*t(Q))>>

6.469 -0.108 0 -0.01 -0.041 0.336 0 -0.057 -0.146 0 0 0 0.229 0 0.275 0 0 0 -0.033 0
-0.108 8.99 0 0.35 -0.007 -0.312 0 -0.1 -0.156 0 0 0 -0.969 0 -0.69 0 0 0 0.496 0
0 0 42.628 0 0 0 0.039 0 0 0.025 0.24 0.204 0 0.1 0 0.152 0.23 0.08 0 0.047
-0.01 0.35 0 9.323 -0.01 0.618 0 0.076 -0.213 0 0 0 0.736 0 0.616 0 0 0 -0.569 0
-0.041 -0.007 0 -0.01 9.708 0.104 0 -0.009 -0.118 0 0 0 -0.06 0 -0.007 0 0 0 -0.048 0
0.336 -0.312 0 0.618 0.104 3.753 0 0.184 0.073 0 0 0 0.765 0 0.241 0 0 0 0.858 0
0 0 0.039 0 0 0 64.763 0 0 -1.411 3.601 1.884 0 1.113 0 -5.207 3.06 1.029 0 -0.676
-0.057 -0.1 0 0.076 -0.009 0.184 0 8.546 -0.214 0 0 0 -0.145 0 -0.06 0 0 0 0.053 0
-0.146 -0.156 0 -0.213 -0.118 0.073 0 -0.214 4.747 0 0 0 -0.008 0 0.274 0 0 0 -0.226 0
0 0 0.025 0 0 0 -1.411 0 0 67.26 3.015 1.401 0 0.873 0 -5.475 2.503 0.837 0 -0.772
0 0 0.24 0 0 0 3.601 0 0 3.015 13.148 7.391 0 3.389 0 14.002 7.109 2.501 0 3.139
0 0 0.204 0 0 0 1.884 0 0 1.401 7.391 42.635 0 3.23 0 7.331 7.218 2.51 0 1.945
0.229 -0.969 0 0.736 -0.06 0.765 0 -0.145 -0.008 0 0 0 5.253 0 0.698 0 0 0 1.15 0
0 0 0.1 0 0 0 1.113 0 0 0.873 3.389 3.23 0 31.09 0 4.331 3.361 1.173 0 1.071
0.275 -0.69 0 0.616 -0.007 0.241 0 -0.06 0.274 0 0 0 0.698 0 1.96 0 0 0 1.021 0
0 0 0.152 0 0 0 -5.207 0 0 -5.475 14.002 7.331 0 4.331 0 45.881 11.898 4.003 0 -2.62
0 0 0.23 0 0 0 3.06 0 0 2.503 7.109 7.218 0 3.361 0 11.898 25.946 2.522 0 2.767
0 0 0.08 0 0 0 1.029 0 0 0.837 2.501 2.51 0 1.173 0 4.003 2.522 21.832 0 0.94
-0.033 0.496 0 -0.569 -0.048 0.858 0 0.053 -0.226 0 0 0 1.15 0 1.021 0 0 0 7.781 0
0 0 0.047 0 0 0 -0.676 0 0 -0.772 3.139 1.945 0 1.071 0 -2.62 2.767 0.94 0 60.807

 Final eigenvalues for each cluster >> 
 (rows correspond to clusters)
68.707 66.105 66.08 61.041 42.622 35.926 29.558 21.743 21.615 21.569 20.949 20.312 18.93 18.75 18.194 16.956 6.618 6.251 3.772 2.602
68.707 66.105 66.08 61.041 42.622 35.926 29.558 20.949 18.75 9.401 9.158 9.009 6.407 6.251 4.578 4.015 3.417 2.161 1.238 1.156
68.707 66.105 66.08 61.041 42.622 35.926 29.558 20.949 18.75 9.715 9.65 9.399 8.695 8.565 6.501 6.251 4.766 4.339 3.339 1.559

 theoretical Separation index matrix >>

-1 0.34 0.343
0.34 -1 0.34
0.343 0.34 -1

 theoretical projection directions >>

**** cluster 1 and 2
0.141 0.131 0 -0.075 0.102 0.597 0 0.045 0.065 0 0 0 0.287 0 0.695 0 0 0 0.134 0

**** cluster 1 and 3
0.165 0.107 0 -0.093 0.075 0.448 0 -0.273 0.042 0 0 0 0.465 0 0.674 0 0 0 0.004 0

**** cluster 2 and 3
-0.015 -0.115 0 0.03 -0.021 -0.236 0 -0.886 -0.043 0 0 0 0.195 0 -0.321 0 0 0 -0.03 0

 empirical Separation index matrix (alpha= 0.05 )>>

-1 0.348 0.337
0.348 -1 0.415
0.337 0.415 -1

 empirical projection directions >>

**** cluster 1 and 2
0.175 0.201 0.007 -0.156 0.139 0.458 0.035 0.128 0.137 0 -0.024 0.015 0.33 0.004 0.716 -0.01 0.062 -0.009 0.113 -0.018

**** cluster 1 and 3
0.165 0.137 -0.005 -0.02 0.04 0.27 0.004 -0.295 0.063 0 0.082 0.042 0.511 0.011 0.713 -0.075 0.045 -0.025 0.032 0.033

**** cluster 2 and 3
-0.026 -0.083 0.033 0.091 0.01 -0.08 0.031 -0.797 -0.042 0.009 -0.118 -0.012 0.07 0.107 -0.476 0.034 -0.038 0.041 -0.273 -0.045
