
 Log information for the data set datasetJLG3v2nv10out0_2.dat >>

 alpha = 0.05 sepVal = 0.01

 Number of clusters >> 3

 cluster sizes >>
50 50 50

 Number of data points >> 150

 Number of dimensions >> 12

 Number of noisy dimensions >> 10

 noisy variables >>
1 3 4 5 6 7 8 10 11 12

 Number of outliers >> 0

 initial eigenvalues for each cluster >> 
 (rows correspond to clusters)
6.917 5.153
7.728 8.501
7.615 5.865

 Mean vectors and covariance matrices before rotation --- 1th cluster >>

 mean vector (mu'=Q*mu)>>
-5.531 0 0.202 2.329 3.133 0.668 3.13 1.852 1.42 2.803 1.022 2.324

 covariance matrix (Sigma'=Q*Sigma*t(Q))>>

6.3 0.545 0 0 0 0 0 0 0 0 0 0
0.545 8.101 0 0 0 0 0 0 0 0 0 0
0 0 27.938 0.073 -0.197 -0.022 -0.083 0.123 0 -0.085 0.058 -0.204
0 0 0.073 27.279 -0.018 0.001 -0.007 0.016 0 -0.006 0.008 -0.017
0 0 -0.197 -0.018 28.304 -0.123 -0.082 -0.082 -0.001 -0.118 -0.053 -0.188
0 0 -0.022 0.001 -0.123 27.79 -0.067 -0.03 0 -0.09 -0.024 -0.156
0 0 -0.083 -0.007 -0.082 -0.067 28.147 -0.039 0 -0.067 -0.026 -0.109
0 0 0.123 0.016 -0.082 -0.03 -0.039 27.538 0 -0.047 0.006 -0.093
0 0 0 0 -0.001 0 0 0 27.692 -0.001 0 -0.001
0 0 -0.085 -0.006 -0.118 -0.09 -0.067 -0.047 -0.001 27.972 -0.033 -0.155
0 0 0.058 0.008 -0.053 -0.024 -0.026 0.006 0 -0.033 27.585 -0.062
0 0 -0.204 -0.017 -0.188 -0.156 -0.109 -0.093 -0.001 -0.155 -0.062 27.983

 Mean vectors and covariance matrices before rotation --- 2th cluster >>

 mean vector (mu'=Q*mu)>>
5.531 0 0.202 2.329 3.133 0.668 3.13 1.852 1.42 2.803 1.022 2.324

 covariance matrix (Sigma'=Q*Sigma*t(Q))>>

7.738 -0.09 0 0 0 0 0 0 0 0 0 0
-0.09 8.49 0 0 0 0 0 0 0 0 0 0
0 0 27.938 0.073 -0.197 -0.022 -0.083 0.123 0 -0.085 0.058 -0.204
0 0 0.073 27.279 -0.018 0.001 -0.007 0.016 0 -0.006 0.008 -0.017
0 0 -0.197 -0.018 28.304 -0.123 -0.082 -0.082 -0.001 -0.118 -0.053 -0.188
0 0 -0.022 0.001 -0.123 27.79 -0.067 -0.03 0 -0.09 -0.024 -0.156
0 0 -0.083 -0.007 -0.082 -0.067 28.147 -0.039 0 -0.067 -0.026 -0.109
0 0 0.123 0.016 -0.082 -0.03 -0.039 27.538 0 -0.047 0.006 -0.093
0 0 0 0 -0.001 0 0 0 27.692 -0.001 0 -0.001
0 0 -0.085 -0.006 -0.118 -0.09 -0.067 -0.047 -0.001 27.972 -0.033 -0.155
0 0 0.058 0.008 -0.053 -0.024 -0.026 0.006 0 -0.033 27.585 -0.062
0 0 -0.204 -0.017 -0.188 -0.156 -0.109 -0.093 -0.001 -0.155 -0.062 27.983

 Mean vectors and covariance matrices before rotation --- 3th cluster >>

 mean vector (mu'=Q*mu)>>
0 9.579 0.202 2.329 3.133 0.668 3.13 1.852 1.42 2.803 1.022 2.324

 covariance matrix (Sigma'=Q*Sigma*t(Q))>>

5.878 0.151 0 0 0 0 0 0 0 0 0 0
0.151 7.602 0 0 0 0 0 0 0 0 0 0
0 0 27.938 0.073 -0.197 -0.022 -0.083 0.123 0 -0.085 0.058 -0.204
0 0 0.073 27.279 -0.018 0.001 -0.007 0.016 0 -0.006 0.008 -0.017
0 0 -0.197 -0.018 28.304 -0.123 -0.082 -0.082 -0.001 -0.118 -0.053 -0.188
0 0 -0.022 0.001 -0.123 27.79 -0.067 -0.03 0 -0.09 -0.024 -0.156
0 0 -0.083 -0.007 -0.082 -0.067 28.147 -0.039 0 -0.067 -0.026 -0.109
0 0 0.123 0.016 -0.082 -0.03 -0.039 27.538 0 -0.047 0.006 -0.093
0 0 0 0 -0.001 0 0 0 27.692 -0.001 0 -0.001
0 0 -0.085 -0.006 -0.118 -0.09 -0.067 -0.047 -0.001 27.972 -0.033 -0.155
0 0 0.058 0.008 -0.053 -0.024 -0.026 0.006 0 -0.033 27.585 -0.062
0 0 -0.204 -0.017 -0.188 -0.156 -0.109 -0.093 -0.001 -0.155 -0.062 27.983

 Final eigenvalues for each cluster >> 
 (rows correspond to clusters)
28.442 28.235 28.195 28.065 27.872 27.692 27.585 27.52 27.353 27.27 8.253 6.148
28.442 28.235 28.195 28.065 27.872 27.692 27.585 27.52 27.353 27.27 8.501 7.728
28.442 28.235 28.195 28.065 27.872 27.692 27.585 27.52 27.353 27.27 7.615 5.865

 *************************************************

 ********************* rotation ******************

 *************************************************


 The orthogonal matrix Q >>
0.798 0.603
0.603 -0.798

 Mean vectors and covariance matrices after rotation --- 1th cluster >>

 mean vector (mu'=Q*mu)>>
3.13 -4.413 1.022 1.852 2.324 0.202 3.133 2.329 -3.334 0.668 1.42 2.803

 covariance matrix (Sigma'=Q*Sigma*t(Q))>>

28.147 0 -0.026 -0.039 -0.109 -0.083 -0.082 -0.007 0 -0.067 0 -0.067
0 7.479 0 0 0 0 0 0 -1.015 0 0 0
-0.026 0 27.585 0.006 -0.062 0.058 -0.053 0.008 0 -0.024 0 -0.033
-0.039 0 0.006 27.538 -0.093 0.123 -0.082 0.016 0 -0.03 0 -0.047
-0.109 0 -0.062 -0.093 27.983 -0.204 -0.188 -0.017 0 -0.156 -0.001 -0.155
-0.083 0 0.058 0.123 -0.204 27.938 -0.197 0.073 0 -0.022 0 -0.085
-0.082 0 -0.053 -0.082 -0.188 -0.197 28.304 -0.018 0 -0.123 -0.001 -0.118
-0.007 0 0.008 0.016 -0.017 0.073 -0.018 27.279 0 0.001 0 -0.006
0 -1.015 0 0 0 0 0 0 6.922 0 0 0
-0.067 0 -0.024 -0.03 -0.156 -0.022 -0.123 0.001 0 27.79 0 -0.09
0 0 0 0 -0.001 0 -0.001 0 0 0 27.692 -0.001
-0.067 0 -0.033 -0.047 -0.155 -0.085 -0.118 -0.006 0 -0.09 -0.001 27.972

 Mean vectors and covariance matrices after rotation --- 2th cluster >>

 mean vector (mu'=Q*mu)>>
3.13 4.413 1.022 1.852 2.324 0.202 3.133 2.329 3.334 0.668 1.42 2.803

 covariance matrix (Sigma'=Q*Sigma*t(Q))>>

28.147 0 -0.026 -0.039 -0.109 -0.083 -0.082 -0.007 0 -0.067 0 -0.067
0 7.925 0 0 0 0 0 0 -0.337 0 0 0
-0.026 0 27.585 0.006 -0.062 0.058 -0.053 0.008 0 -0.024 0 -0.033
-0.039 0 0.006 27.538 -0.093 0.123 -0.082 0.016 0 -0.03 0 -0.047
-0.109 0 -0.062 -0.093 27.983 -0.204 -0.188 -0.017 0 -0.156 -0.001 -0.155
-0.083 0 0.058 0.123 -0.204 27.938 -0.197 0.073 0 -0.022 0 -0.085
-0.082 0 -0.053 -0.082 -0.188 -0.197 28.304 -0.018 0 -0.123 -0.001 -0.118
-0.007 0 0.008 0.016 -0.017 0.073 -0.018 27.279 0 0.001 0 -0.006
0 -0.337 0 0 0 0 0 0 8.304 0 0 0
-0.067 0 -0.024 -0.03 -0.156 -0.022 -0.123 0.001 0 27.79 0 -0.09
0 0 0 0 -0.001 0 -0.001 0 0 0 27.692 -0.001
-0.067 0 -0.033 -0.047 -0.155 -0.085 -0.118 -0.006 0 -0.09 -0.001 27.972

 Mean vectors and covariance matrices after rotation --- 3th cluster >>

 mean vector (mu'=Q*mu)>>
3.13 5.774 1.022 1.852 2.324 0.202 3.133 2.329 -7.644 0.668 1.42 2.803

 covariance matrix (Sigma'=Q*Sigma*t(Q))>>

28.147 0 -0.026 -0.039 -0.109 -0.083 -0.082 -0.007 0 -0.067 0 -0.067
0 6.65 0 0 0 0 0 0 -0.87 0 0 0
-0.026 0 27.585 0.006 -0.062 0.058 -0.053 0.008 0 -0.024 0 -0.033
-0.039 0 0.006 27.538 -0.093 0.123 -0.082 0.016 0 -0.03 0 -0.047
-0.109 0 -0.062 -0.093 27.983 -0.204 -0.188 -0.017 0 -0.156 -0.001 -0.155
-0.083 0 0.058 0.123 -0.204 27.938 -0.197 0.073 0 -0.022 0 -0.085
-0.082 0 -0.053 -0.082 -0.188 -0.197 28.304 -0.018 0 -0.123 -0.001 -0.118
-0.007 0 0.008 0.016 -0.017 0.073 -0.018 27.279 0 0.001 0 -0.006
0 -0.87 0 0 0 0 0 0 6.83 0 0 0
-0.067 0 -0.024 -0.03 -0.156 -0.022 -0.123 0.001 0 27.79 0 -0.09
0 0 0 0 -0.001 0 -0.001 0 0 0 27.692 -0.001
-0.067 0 -0.033 -0.047 -0.155 -0.085 -0.118 -0.006 0 -0.09 -0.001 27.972

 Final eigenvalues for each cluster >> 
 (rows correspond to clusters)
28.442 28.235 28.195 28.065 27.872 27.692 27.585 27.52 27.353 27.27 8.253 6.148
28.442 28.235 28.195 28.065 27.872 27.692 27.585 27.52 27.353 27.27 8.501 7.728
28.442 28.235 28.195 28.065 27.872 27.692 27.585 27.52 27.353 27.27 7.615 5.865

 theoretical Separation index matrix >>

-1 0.032 0.01
0.032 -1 0.01
0.01 0.01 -1

 theoretical projection directions >>

**** cluster 1 and 2
0 0.78 0 0 0 0 0 0 0.626 0 0 0

**** cluster 1 and 3
0 0.954 0 0 0 0 0 0 -0.301 0 0 0

**** cluster 2 and 3
0 0.044 0 0 0 0 0 0 -0.999 0 0 0

 empirical Separation index matrix (alpha= 0.05 )>>

-1 0.112 0.095
0.112 -1 0.01
0.095 0.01 -1

 empirical projection directions >>

**** cluster 1 and 2
-0.058 -0.929 -0.007 0.032 0.043 -0.085 -0.021 0.009 0.333 0.013 0.076 -0.076

**** cluster 1 and 3
-0.106 -0.236 -0.037 -0.032 -0.091 -0.031 -0.008 0.011 0.956 0.04 0.07 -0.014

**** cluster 2 and 3
-0.005 0.802 -0.007 0.049 -0.101 0.03 -0.009 0.11 0.573 0.037 -0.034 0.004
