
 Log information for the data set datasetJMG2v5nv3out0_1.dat >>

 alpha = 0.05 sepVal = 0.21

 Number of clusters >> 2

 cluster sizes >>
50 50

 Number of data points >> 100

 Number of dimensions >> 8

 Number of noisy dimensions >> 3

 noisy variables >>
2 6 8

 Number of outliers >> 0

 initial eigenvalues for each cluster >> 
 (rows correspond to clusters)
9.509 3.639 8.805 3.568 6.512
4.398 1.857 6.072 9.454 6.778

 Mean vectors and covariance matrices before rotation --- 1th cluster >>

 mean vector (mu'=Q*mu)>>
-7.017 0 0 0 0 0 0 0

 covariance matrix (Sigma'=Q*Sigma*t(Q))>>

5.674 1.137 -0.308 0.512 -0.512 0 0 0
1.137 5.589 0.149 0.86 2.063 0 0 0
-0.308 0.149 8.781 0.067 0.007 0 0 0
0.512 0.86 0.067 3.947 0.914 0 0 0
-0.512 2.063 0.007 0.914 8.041 0 0 0
0 0 0 0 0 36.502 -8.134 8.263
0 0 0 0 0 -8.134 26.125 -7.35
0 0 0 0 0 8.263 -7.35 27.023

 Mean vectors and covariance matrices before rotation --- 2th cluster >>

 mean vector (mu'=Q*mu)>>
7.017 0 0 0 0 0 0 0

 covariance matrix (Sigma'=Q*Sigma*t(Q))>>

6.274 0.952 -0.113 -1.724 -0.718 0 0 0
0.952 2.12 0.086 -0.096 0.141 0 0 0
-0.113 0.086 5.985 -0.403 -0.286 0 0 0
-1.724 -0.096 -0.403 8.285 -1.125 0 0 0
-0.718 0.141 -0.286 -1.125 5.896 0 0 0
0 0 0 0 0 36.502 -8.134 8.263
0 0 0 0 0 -8.134 26.125 -7.35
0 0 0 0 0 8.263 -7.35 27.023

 Final eigenvalues for each cluster >> 
 (rows correspond to clusters)
46.884 23.564 19.202 9.509 8.805 6.512 3.639 3.568
46.884 23.564 19.202 9.454 6.778 6.072 4.398 1.857

 *************************************************

 ********************* rotation ******************

 *************************************************


 The orthogonal matrix Q >>
0.481 0.521 0.128 0.524 0.455
0.521 -0.817 0.045 0.184 0.16
0.128 0.045 -0.989 0.045 0.039
0.524 0.184 0.045 -0.815 0.161
0.455 0.16 0.039 0.161 -0.86

 Mean vectors and covariance matrices after rotation --- 1th cluster >>

 mean vector (mu'=Q*mu)>>
-3.376 0 -3.654 -0.896 -3.193 0 -3.674 0

 covariance matrix (Sigma'=Q*Sigma*t(Q))>>

8.195 0 -0.818 -0.096 -1.429 0 0.885 0
0 27.023 0 0 0 8.263 0 -7.35
-0.818 0 3.904 -0.021 0.868 0 -0.014 0
-0.096 0 -0.021 8.799 -0.074 0 0.097 0
-1.429 0 0.868 -0.074 7.239 0 0.43 0
0 8.263 0 0 0 36.502 0 -8.134
0.885 0 -0.014 0.097 0.43 0 3.895 0
0 -7.35 0 0 0 -8.134 0 26.125

 Mean vectors and covariance matrices after rotation --- 2th cluster >>

 mean vector (mu'=Q*mu)>>
3.376 0 3.654 0.896 3.193 0 3.674 0

 covariance matrix (Sigma'=Q*Sigma*t(Q))>>

4.299 0 0.723 0.153 0.233 0 -0.573 0
0 27.023 0 0 0 8.263 0 -7.35
0.723 0 2.203 0.22 0.618 0 0.473 0
0.153 0 0.22 6.046 -0.069 0 -0.15 0
0.233 0 0.618 -0.069 6.667 0 -0.221 0
0 8.263 0 0 0 36.502 0 -8.134
-0.573 0 0.473 -0.15 -0.221 0 9.346 0
0 -7.35 0 0 0 -8.134 0 26.125

 Final eigenvalues for each cluster >> 
 (rows correspond to clusters)
46.884 23.564 19.202 9.509 8.805 6.512 3.639 3.568
46.884 23.564 19.202 9.454 6.778 6.072 4.398 1.857

 theoretical Separation index matrix >>

-1 0.21
0.21 -1

 theoretical projection directions >>

**** cluster 1 and 2
0.417 0 0.78 0.08 0.282 0 0.363 0

 empirical Separation index matrix (alpha= 0.05 )>>

-1 0.237
0.237 -1

 empirical projection directions >>

**** cluster 1 and 2
-0.441 -0.104 -0.646 -0.159 -0.484 0.076 -0.331 0.047
