
 Log information for the data set datasetJLG3v5nv3out0_3.dat >>

 alpha = 0.05 sepVal = 0.01

 Number of clusters >> 3

 cluster sizes >>
50 50 50

 Number of data points >> 150

 Number of dimensions >> 8

 Number of noisy dimensions >> 3

 noisy variables >>
1 5 6

 Number of outliers >> 0

 initial eigenvalues for each cluster >> 
 (rows correspond to clusters)
7.426 6.698 3.086 1.939 2.483
5.831 6.408 4.305 9.261 3.88
1.034 9.139 6.867 2.931 1.535

 Mean vectors and covariance matrices before rotation --- 1th cluster >>

 mean vector (mu'=Q*mu)>>
-5.274 0 0 0 0 0.277 2.91 0.043

 covariance matrix (Sigma'=Q*Sigma*t(Q))>>

8.195 -2.496 0.106 2.619 1.649 0 0 0
-2.496 20.525 0.115 0.821 0.647 0 0 0
0.106 0.115 10.154 2.016 1.96 0 0 0
2.619 0.821 2.016 13.601 7.467 0 0 0
1.649 0.647 1.96 7.467 15.089 0 0 0
0 0 0 0 0 13.39 -2.476 -4.788
0 0 0 0 0 -2.476 23.692 -2.08
0 0 0 0 0 -4.788 -2.08 11.024

 Mean vectors and covariance matrices before rotation --- 2th cluster >>

 mean vector (mu'=Q*mu)>>
5.274 0 0 0 0 0.277 2.91 0.043

 covariance matrix (Sigma'=Q*Sigma*t(Q))>>

6.299 -0.163 0.799 -1.278 0.388 0 0 0
-0.163 6.179 0.238 -0.657 0.125 0 0 0
0.799 0.238 4.736 -0.193 0.192 0 0 0
-1.278 -0.657 -0.193 8.506 -0.056 0 0 0
0.388 0.125 0.192 -0.056 3.964 0 0 0
0 0 0 0 0 13.39 -2.476 -4.788
0 0 0 0 0 -2.476 23.692 -2.08
0 0 0 0 0 -4.788 -2.08 11.024

 Mean vectors and covariance matrices before rotation --- 3th cluster >>

 mean vector (mu'=Q*mu)>>
0 9.135 0 0 0 0.277 2.91 0.043

 covariance matrix (Sigma'=Q*Sigma*t(Q))>>

4.409 -3.216 -0.82 0.208 1.002 0 0 0
-3.216 6.036 -1.098 -1.275 -1.314 0 0 0
-0.82 -1.098 6.494 -0.379 -0.353 0 0 0
0.208 -1.275 -0.379 2.755 -0.001 0 0 0
1.002 -1.314 -0.353 -0.001 1.811 0 0 0
0 0 0 0 0 13.39 -2.476 -4.788
0 0 0 0 0 -2.476 23.692 -2.08
0 0 0 0 0 -4.788 -2.08 11.024

 Final eigenvalues for each cluster >> 
 (rows correspond to clusters)
24.341 23.195 20.922 17.081 9.638 7.755 6.685 6.056
24.341 17.081 9.261 6.685 6.408 5.831 4.305 3.88
24.341 17.081 9.139 6.867 6.685 2.931 1.535 1.034

 *************************************************

 ********************* rotation ******************

 *************************************************


 The orthogonal matrix Q >>
0.292 0.297 0.478 0.592 0.497
0.297 -0.932 0.11 0.136 0.114
0.478 0.11 -0.823 0.219 0.184
0.592 0.136 0.219 -0.729 0.228
0.497 0.114 0.184 0.228 -0.809

 Mean vectors and covariance matrices after rotation --- 1th cluster >>

 mean vector (mu'=Q*mu)>>
0.277 -1.565 -2.623 -3.123 0.043 2.91 -1.539 -2.523

 covariance matrix (Sigma'=Q*Sigma*t(Q))>>

13.39 0 0 0 -4.788 -2.476 0 0
0 20.798 -0.948 -0.683 0 0 -0.398 0.283
0 -0.948 8.975 0.851 0 0 -3.772 -1.069
0 -0.683 0.851 6.512 0 0 -2.112 -0.952
-4.788 0 0 0 11.024 -2.08 0 0
-2.476 0 0 0 -2.08 23.692 0 0
0 -0.398 -3.772 -2.112 0 0 21.295 2.303
0 0.283 -1.069 -0.952 0 0 2.303 9.985

 Mean vectors and covariance matrices after rotation --- 2th cluster >>

 mean vector (mu'=Q*mu)>>
0.277 1.565 2.623 3.123 0.043 2.91 1.539 2.523

 covariance matrix (Sigma'=Q*Sigma*t(Q))>>

13.39 0 0 0 -4.788 -2.476 0 0
0 6.34 0.348 -0.394 0 0 0.132 0.25
0 0.348 4.258 0.29 0 0 0.677 0.137
0 -0.394 0.29 8.912 0 0 -0.946 -0.263
-4.788 0 0 0 11.024 -2.08 0 0
-2.476 0 0 0 -2.08 23.692 0 0
0 0.132 0.677 -0.946 0 0 5.816 0.199
0 0.25 0.137 -0.263 0 0 0.199 4.358

 Mean vectors and covariance matrices after rotation --- 3th cluster >>

 mean vector (mu'=Q*mu)>>
0.277 -8.513 1.043 1.242 0.043 2.91 2.71 1.004

 covariance matrix (Sigma'=Q*Sigma*t(Q))>>

13.39 0 0 0 -4.788 -2.476 0 0
0 8.399 0.618 1.164 0 0 1.636 0.818
0 0.618 1.646 0.036 0 0 0.296 -0.415
0 1.164 0.036 3.079 0 0 -0.025 -0.227
-4.788 0 0 0 11.024 -2.08 0 0
-2.476 0 0 0 -2.08 23.692 0 0
0 1.636 0.296 -0.025 0 0 1.854 -1.248
0 0.818 -0.415 -0.227 0 0 -1.248 6.528

 Final eigenvalues for each cluster >> 
 (rows correspond to clusters)
24.341 23.195 20.922 17.081 9.638 7.755 6.685 6.056
24.341 17.081 9.261 6.685 6.408 5.831 4.305 3.88
24.341 17.081 9.139 6.867 6.685 2.931 1.535 1.034

 theoretical Separation index matrix >>

-1 0.01 0.048
0.01 -1 0.01
0.048 0.01 -1

 theoretical projection directions >>

**** cluster 1 and 2
0 0.181 0.569 0.578 0 0 0.236 0.504

**** cluster 1 and 3
0 -0.338 0.536 0.573 0 0 0.41 0.318

**** cluster 2 and 3
0 -0.873 -0.253 -0.103 0 0 0.399 -0.061

 empirical Separation index matrix (alpha= 0.05 )>>

-1 0.075 0.034
0.075 -1 0.038
0.034 0.038 -1

 empirical projection directions >>

**** cluster 1 and 2
0.035 -0.884 -0.085 -0.168 0.006 0.054 0.412 -0.098

**** cluster 1 and 3
0.039 -0.295 -0.587 -0.579 0.001 0.046 -0.06 -0.476

**** cluster 2 and 3
0.045 0.411 -0.598 -0.504 -0.06 0.026 -0.39 -0.245
