
 Log information for the data set datasetJLG2v2nv10out0_1.dat >>

 alpha = 0.05 sepVal = 0.01

 Number of clusters >> 2

 cluster sizes >>
50 50

 Number of data points >> 100

 Number of dimensions >> 12

 Number of noisy dimensions >> 10

 noisy variables >>
1 2 3 4 5 6 8 9 10 12

 Number of outliers >> 0

 initial eigenvalues for each cluster >> 
 (rows correspond to clusters)
1.91 9.509
5.192 2.255

 Mean vectors and covariance matrices before rotation --- 1th cluster >>

 mean vector (mu'=Q*mu)>>
-4.181 0 0 0 0 0 0 0 0 0 0 0

 covariance matrix (Sigma'=Q*Sigma*t(Q))>>

5.844 -3.797 0 0 0 0 0 0 0 0 0 0
-3.797 5.575 0 0 0 0 0 0 0 0 0 0
0 0 12.747 -0.65 0.996 0.932 -0.878 2.608 -0.733 0.608 -1.424 2.636
0 0 -0.65 19.41 0.062 0.036 -0.096 0.125 -0.097 0.035 -0.196 0.135
0 0 0.996 0.062 5.766 0.291 0.042 0.689 0.123 0.132 0.274 0.654
0 0 0.932 0.036 0.291 10.522 -0.002 0.999 0.105 0.198 0.246 0.957
0 0 -0.878 -0.096 0.042 -0.002 21.355 0.039 -0.128 0.02 -0.261 0.055
0 0 2.608 0.125 0.689 0.999 0.039 11.48 0.304 0.474 0.699 2.303
0 0 -0.733 -0.097 0.123 0.105 -0.128 0.304 17.828 0.074 -0.226 0.312
0 0 0.608 0.035 0.132 0.198 0.02 0.474 0.074 7.435 0.165 0.451
0 0 -1.424 -0.196 0.274 0.246 -0.261 0.699 -0.226 0.165 17.163 0.71
0 0 2.636 0.135 0.654 0.957 0.055 2.303 0.312 0.451 0.71 10.77

 Mean vectors and covariance matrices before rotation --- 2th cluster >>

 mean vector (mu'=Q*mu)>>
4.181 0 0 0 0 0 0 0 0 0 0 0

 covariance matrix (Sigma'=Q*Sigma*t(Q))>>

3.478 1.447 0 0 0 0 0 0 0 0 0 0
1.447 3.969 0 0 0 0 0 0 0 0 0 0
0 0 12.747 -0.65 0.996 0.932 -0.878 2.608 -0.733 0.608 -1.424 2.636
0 0 -0.65 19.41 0.062 0.036 -0.096 0.125 -0.097 0.035 -0.196 0.135
0 0 0.996 0.062 5.766 0.291 0.042 0.689 0.123 0.132 0.274 0.654
0 0 0.932 0.036 0.291 10.522 -0.002 0.999 0.105 0.198 0.246 0.957
0 0 -0.878 -0.096 0.042 -0.002 21.355 0.039 -0.128 0.02 -0.261 0.055
0 0 2.608 0.125 0.689 0.999 0.039 11.48 0.304 0.474 0.699 2.303
0 0 -0.733 -0.097 0.123 0.105 -0.128 0.304 17.828 0.074 -0.226 0.312
0 0 0.608 0.035 0.132 0.198 0.02 0.474 0.074 7.435 0.165 0.451
0 0 -1.424 -0.196 0.274 0.246 -0.261 0.699 -0.226 0.165 17.163 0.71
0 0 2.636 0.135 0.654 0.957 0.055 2.303 0.312 0.451 0.71 10.77

 Final eigenvalues for each cluster >> 
 (rows correspond to clusters)
21.469 19.488 17.943 17.605 17.298 10.111 9.509 9.069 8.573 7.343 5.578 1.91
21.469 19.488 17.943 17.605 17.298 10.111 9.069 8.573 7.343 5.578 5.192 2.255

 *************************************************

 ********************* rotation ******************

 *************************************************


 The orthogonal matrix Q >>
0.984 0.178
0.178 -0.984

 Mean vectors and covariance matrices after rotation --- 1th cluster >>

 mean vector (mu'=Q*mu)>>
0 0 0 0 0 0 -0.746 0 0 0 -4.114 0

 covariance matrix (Sigma'=Q*Sigma*t(Q))>>

17.828 0.074 -0.128 0.105 -0.226 0.123 0 0.312 -0.097 0.304 0 -0.733
0.074 7.435 0.02 0.198 0.165 0.132 0 0.451 0.035 0.474 0 0.608
-0.128 0.02 21.355 -0.002 -0.261 0.042 0 0.055 -0.096 0.039 0 -0.878
0.105 0.198 -0.002 10.522 0.246 0.291 0 0.957 0.036 0.999 0 0.932
-0.226 0.165 -0.261 0.246 17.163 0.274 0 0.71 -0.196 0.699 0 -1.424
0.123 0.132 0.042 0.291 0.274 5.766 0 0.654 0.062 0.689 0 0.996
0 0 0 0 0 0 6.917 0 0 0 3.603 0
0.312 0.451 0.055 0.957 0.71 0.654 0 10.77 0.135 2.303 0 2.636
-0.097 0.035 -0.096 0.036 -0.196 0.062 0 0.135 19.41 0.125 0 -0.65
0.304 0.474 0.039 0.999 0.699 0.689 0 2.303 0.125 11.48 0 2.608
0 0 0 0 0 0 3.603 0 0 0 4.503 0
-0.733 0.608 -0.878 0.932 -1.424 0.996 0 2.636 -0.65 2.608 0 12.747

 Mean vectors and covariance matrices after rotation --- 2th cluster >>

 mean vector (mu'=Q*mu)>>
0 0 0 0 0 0 0.746 0 0 0 4.114 0

 covariance matrix (Sigma'=Q*Sigma*t(Q))>>

17.828 0.074 -0.128 0.105 -0.226 0.123 0 0.312 -0.097 0.304 0 -0.733
0.074 7.435 0.02 0.198 0.165 0.132 0 0.451 0.035 0.474 0 0.608
-0.128 0.02 21.355 -0.002 -0.261 0.042 0 0.055 -0.096 0.039 0 -0.878
0.105 0.198 -0.002 10.522 0.246 0.291 0 0.957 0.036 0.999 0 0.932
-0.226 0.165 -0.261 0.246 17.163 0.274 0 0.71 -0.196 0.699 0 -1.424
0.123 0.132 0.042 0.291 0.274 5.766 0 0.654 0.062 0.689 0 0.996
0 0 0 0 0 0 3.445 0 0 0 -1.441 0
0.312 0.451 0.055 0.957 0.71 0.654 0 10.77 0.135 2.303 0 2.636
-0.097 0.035 -0.096 0.036 -0.196 0.062 0 0.135 19.41 0.125 0 -0.65
0.304 0.474 0.039 0.999 0.699 0.689 0 2.303 0.125 11.48 0 2.608
0 0 0 0 0 0 -1.441 0 0 0 4.002 0
-0.733 0.608 -0.878 0.932 -1.424 0.996 0 2.636 -0.65 2.608 0 12.747

 Final eigenvalues for each cluster >> 
 (rows correspond to clusters)
21.469 19.488 17.943 17.605 17.298 10.111 9.509 9.069 8.573 7.343 5.578 1.91
21.469 19.488 17.943 17.605 17.298 10.111 9.069 8.573 7.343 5.578 5.192 2.255

 theoretical Separation index matrix >>

-1 0.01
0.01 -1

 theoretical projection directions >>

**** cluster 1 and 2
0 0 0 0 0 0 -0.067 0 0 0 0.998 0

 empirical Separation index matrix (alpha= 0.05 )>>

-1 0.053
0.053 -1

 empirical projection directions >>

**** cluster 1 and 2
0.023 0 0.001 0.045 0.07 0.054 0.037 0.074 -0.088 0.04 -0.987 -0.006
