
 Log information for the data set datasetJMG3v2nv10out0_1.dat >>

 alpha = 0.05 sepVal = 0.21

 Number of clusters >> 3

 cluster sizes >>
50 50 50

 Number of data points >> 150

 Number of dimensions >> 12

 Number of noisy dimensions >> 10

 noisy variables >>
1 2 3 4 5 7 8 9 11 12

 Number of outliers >> 0

 initial eigenvalues for each cluster >> 
 (rows correspond to clusters)
3.975 2.771
3.674 8.427
4.688 8.664

 Mean vectors and covariance matrices before rotation --- 1th cluster >>

 mean vector (mu'=Q*mu)>>
-8.677 0 3.281 3.079 4.285 3.18 4.218 3.797 2.838 0.327 4.817 0.003

 covariance matrix (Sigma'=Q*Sigma*t(Q))>>

11.352 1.966 0 0 0 0 0 0 0 0 0 0
1.966 10.855 0 0 0 0 0 0 0 0 0 0
0 0 57.968 0.111 -0.049 0.072 -0.101 -0.026 0.213 -0.014 0.113 -0.013
0 0 0.111 57.564 -0.001 0.024 0.008 0.061 0.083 0.008 0.043 0.031
0 0 -0.049 -0.001 58.864 0 -0.01 -0.017 -0.003 -0.003 -0.001 -0.008
0 0 0.072 0.024 0 57.483 0.006 0.039 0.051 0.005 0.026 0.019
0 0 -0.101 0.008 -0.01 0.006 58.505 -0.029 0.012 -0.006 0.007 -0.015
0 0 -0.026 0.061 -0.017 0.039 -0.029 58.12 0.121 0 0.063 0.014
0 0 0.213 0.083 -0.003 0.051 0.012 0.121 57.761 0.015 0.088 0.061
0 0 -0.014 0.008 -0.003 0.005 -0.006 0 0.015 58.205 0.008 0
0 0 0.113 0.043 -0.001 0.026 0.007 0.063 0.088 0.008 57.611 0.032
0 0 -0.013 0.031 -0.008 0.019 -0.015 0.014 0.061 0 0.032 58.1

 Mean vectors and covariance matrices before rotation --- 2th cluster >>

 mean vector (mu'=Q*mu)>>
8.677 0 3.281 3.079 4.285 3.18 4.218 3.797 2.838 0.327 4.817 0.003

 covariance matrix (Sigma'=Q*Sigma*t(Q))>>

4.692 -1.951 0 0 0 0 0 0 0 0 0 0
-1.951 7.409 0 0 0 0 0 0 0 0 0 0
0 0 57.968 0.111 -0.049 0.072 -0.101 -0.026 0.213 -0.014 0.113 -0.013
0 0 0.111 57.564 -0.001 0.024 0.008 0.061 0.083 0.008 0.043 0.031
0 0 -0.049 -0.001 58.864 0 -0.01 -0.017 -0.003 -0.003 -0.001 -0.008
0 0 0.072 0.024 0 57.483 0.006 0.039 0.051 0.005 0.026 0.019
0 0 -0.101 0.008 -0.01 0.006 58.505 -0.029 0.012 -0.006 0.007 -0.015
0 0 -0.026 0.061 -0.017 0.039 -0.029 58.12 0.121 0 0.063 0.014
0 0 0.213 0.083 -0.003 0.051 0.012 0.121 57.761 0.015 0.088 0.061
0 0 -0.014 0.008 -0.003 0.005 -0.006 0 0.015 58.205 0.008 0
0 0 0.113 0.043 -0.001 0.026 0.007 0.063 0.088 0.008 57.611 0.032
0 0 -0.013 0.031 -0.008 0.019 -0.015 0.014 0.061 0 0.032 58.1

 Mean vectors and covariance matrices before rotation --- 3th cluster >>

 mean vector (mu'=Q*mu)>>
0 15.028 3.281 3.079 4.285 3.18 4.218 3.797 2.838 0.327 4.817 0.003

 covariance matrix (Sigma'=Q*Sigma*t(Q))>>

6.728 -1.987 0 0 0 0 0 0 0 0 0 0
-1.987 6.624 0 0 0 0 0 0 0 0 0 0
0 0 57.968 0.111 -0.049 0.072 -0.101 -0.026 0.213 -0.014 0.113 -0.013
0 0 0.111 57.564 -0.001 0.024 0.008 0.061 0.083 0.008 0.043 0.031
0 0 -0.049 -0.001 58.864 0 -0.01 -0.017 -0.003 -0.003 -0.001 -0.008
0 0 0.072 0.024 0 57.483 0.006 0.039 0.051 0.005 0.026 0.019
0 0 -0.101 0.008 -0.01 0.006 58.505 -0.029 0.012 -0.006 0.007 -0.015
0 0 -0.026 0.061 -0.017 0.039 -0.029 58.12 0.121 0 0.063 0.014
0 0 0.213 0.083 -0.003 0.051 0.012 0.121 57.761 0.015 0.088 0.061
0 0 -0.014 0.008 -0.003 0.005 -0.006 0 0.015 58.205 0.008 0
0 0 0.113 0.043 -0.001 0.026 0.007 0.063 0.088 0.008 57.611 0.032
0 0 -0.013 0.031 -0.008 0.019 -0.015 0.014 0.061 0 0.032 58.1

 Final eigenvalues for each cluster >> 
 (rows correspond to clusters)
58.867 58.529 58.247 58.205 58.093 58.091 57.59 57.566 57.524 57.468 13.085 9.122
58.867 58.529 58.247 58.205 58.093 58.091 57.59 57.566 57.524 57.468 8.427 3.674
58.867 58.529 58.247 58.205 58.093 58.091 57.59 57.566 57.524 57.468 8.664 4.688

 *************************************************

 ********************* rotation ******************

 *************************************************


 The orthogonal matrix Q >>
0.671 0.741
0.741 -0.671

 Mean vectors and covariance matrices after rotation --- 1th cluster >>

 mean vector (mu'=Q*mu)>>
4.218 0.003 3.079 4.285 2.838 -6.43 3.797 0.327 4.817 -5.826 3.18 3.281

 covariance matrix (Sigma'=Q*Sigma*t(Q))>>

58.505 -0.015 0.008 -0.01 0.012 0 -0.029 -0.006 0.007 0 0.006 -0.101
-0.015 58.1 0.031 -0.008 0.061 0 0.014 0 0.032 0 0.019 -0.013
0.008 0.031 57.564 -0.001 0.083 0 0.061 0.008 0.043 0 0.024 0.111
-0.01 -0.008 -0.001 58.864 -0.003 0 -0.017 -0.003 -0.001 0 0 -0.049
0.012 0.061 0.083 -0.003 57.761 0 0.121 0.015 0.088 0 0.051 0.213
0 0 0 0 0 9.172 0 0 0 0.44 0 0
-0.029 0.014 0.061 -0.017 0.121 0 58.12 0 0.063 0 0.039 -0.026
-0.006 0 0.008 -0.003 0.015 0 0 58.205 0.008 0 0.005 -0.014
0.007 0.032 0.043 -0.001 0.088 0 0.063 0.008 57.611 0 0.026 0.113
0 0 0 0 0 0.44 0 0 0 13.036 0 0
0.006 0.019 0.024 0 0.051 0 0.039 0.005 0.026 0 57.483 0.072
-0.101 -0.013 0.111 -0.049 0.213 0 -0.026 -0.014 0.113 0 0.072 57.968

 Mean vectors and covariance matrices after rotation --- 2th cluster >>

 mean vector (mu'=Q*mu)>>
4.218 0.003 3.079 4.285 2.838 6.43 3.797 0.327 4.817 5.826 3.18 3.281

 covariance matrix (Sigma'=Q*Sigma*t(Q))>>

58.505 -0.015 0.008 -0.01 0.012 0 -0.029 -0.006 0.007 0 0.006 -0.101
-0.015 58.1 0.031 -0.008 0.061 0 0.014 0 0.032 0 0.019 -0.013
0.008 0.031 57.564 -0.001 0.083 0 0.061 0.008 0.043 0 0.024 0.111
-0.01 -0.008 -0.001 58.864 -0.003 0 -0.017 -0.003 -0.001 0 0 -0.049
0.012 0.061 0.083 -0.003 57.761 0 0.121 0.015 0.088 0 0.051 0.213
0 0 0 0 0 7.858 0 0 0 -1.544 0 0
-0.029 0.014 0.061 -0.017 0.121 0 58.12 0 0.063 0 0.039 -0.026
-0.006 0 0.008 -0.003 0.015 0 0 58.205 0.008 0 0.005 -0.014
0.007 0.032 0.043 -0.001 0.088 0 0.063 0.008 57.611 0 0.026 0.113
0 0 0 0 0 -1.544 0 0 0 4.243 0 0
0.006 0.019 0.024 0 0.051 0 0.039 0.005 0.026 0 57.483 0.072
-0.101 -0.013 0.111 -0.049 0.213 0 -0.026 -0.014 0.113 0 0.072 57.968

 Mean vectors and covariance matrices after rotation --- 3th cluster >>

 mean vector (mu'=Q*mu)>>
4.218 0.003 3.079 4.285 2.838 -10.091 3.797 0.327 4.817 11.137 3.18 3.281

 covariance matrix (Sigma'=Q*Sigma*t(Q))>>

58.505 -0.015 0.008 -0.01 0.012 0 -0.029 -0.006 0.007 0 0.006 -0.101
-0.015 58.1 0.031 -0.008 0.061 0 0.014 0 0.032 0 0.019 -0.013
0.008 0.031 57.564 -0.001 0.083 0 0.061 0.008 0.043 0 0.024 0.111
-0.01 -0.008 -0.001 58.864 -0.003 0 -0.017 -0.003 -0.001 0 0 -0.049
0.012 0.061 0.083 -0.003 57.761 0 0.121 0.015 0.088 0 0.051 0.213
0 0 0 0 0 8.659 0 0 0 -0.144 0 0
-0.029 0.014 0.061 -0.017 0.121 0 58.12 0 0.063 0 0.039 -0.026
-0.006 0 0.008 -0.003 0.015 0 0 58.205 0.008 0 0.005 -0.014
0.007 0.032 0.043 -0.001 0.088 0 0.063 0.008 57.611 0 0.026 0.113
0 0 0 0 0 -0.144 0 0 0 4.693 0 0
0.006 0.019 0.024 0 0.051 0 0.039 0.005 0.026 0 57.483 0.072
-0.101 -0.013 0.111 -0.049 0.213 0 -0.026 -0.014 0.113 0 0.072 57.968

 Final eigenvalues for each cluster >> 
 (rows correspond to clusters)
58.867 58.529 58.247 58.205 58.093 58.091 57.59 57.566 57.524 57.468 13.085 9.122
58.867 58.529 58.247 58.205 58.093 58.091 57.59 57.566 57.524 57.468 8.427 3.674
58.867 58.529 58.247 58.205 58.093 58.091 57.59 57.566 57.524 57.468 8.664 4.688

 theoretical Separation index matrix >>

-1 0.231 0.21
0.231 -1 0.21
0.21 0.21 -1

 theoretical projection directions >>

**** cluster 1 and 2
0 0 0 0 0 0.706 0 0 0 0.708 0 0

**** cluster 1 and 3
0 0 0 0 0 -0.197 0 0 0 0.98 0 0

**** cluster 2 and 3
0 0 0 0 0 -0.918 0 0 0 0.397 0 0

 empirical Separation index matrix (alpha= 0.05 )>>

-1 0.243 0.221
0.243 -1 0.183
0.221 0.183 -1

 empirical projection directions >>

**** cluster 1 and 2
0.024 -0.003 -0.078 -0.036 -0.049 -0.686 0.043 -0.036 0.042 -0.714 -0.057 0.04

**** cluster 1 and 3
0.001 0.021 0.004 -0.02 -0.126 -0.969 0.039 0.025 0.067 0.191 -0.037 -0.004

**** cluster 2 and 3
-0.035 -0.031 0.042 -0.016 -0.109 -0.13 0.014 0.063 0.041 0.98 0.036 0.016
