
 Log information for the data set datasetJMG3v10nv10out0_2.dat >>

 alpha = 0.05 sepVal = 0.21

 Number of clusters >> 3

 cluster sizes >>
50 50 50

 Number of data points >> 150

 Number of dimensions >> 20

 Number of noisy dimensions >> 10

 noisy variables >>
1 2 5 7 9 10 14 15 19 20

 Number of outliers >> 0

 initial eigenvalues for each cluster >> 
 (rows correspond to clusters)
3.771 6.105 9.775 7.008 4.277 8.457 5.284 6.495 2.399 5.989
6.999 1.197 2.924 6.493 1.454 9.861 7.095 6.824 1.821 4.902
4.579 1.566 6.458 9.076 1.42 1.694 8.668 1.844 1.193 1.779

 Mean vectors and covariance matrices before rotation --- 1th cluster >>

 mean vector (mu'=Q*mu)>>
-6.025 0 0 0 0 0 0 0 0 0 2.987 0.466 3.144 0.604 1.147 0.881 2.663 3.372 0.804 1.78

 covariance matrix (Sigma'=Q*Sigma*t(Q))>>

6.302 -0.158 -2.104 -0.731 0.112 -0.133 0.011 -0.404 0.019 -0.086 0 0 0 0 0 0 0 0 0 0
-0.158 6.018 -0.426 -0.234 -0.017 -0.031 -0.043 -0.163 0.001 -0.054 0 0 0 0 0 0 0 0 0 0
-2.104 -0.426 8.294 -1.012 -0.152 -0.117 -0.255 -0.757 -0.006 -0.271 0 0 0 0 0 0 0 0 0 0
-0.731 -0.234 -1.012 6.407 -0.062 -0.075 -0.127 -0.431 -0.001 -0.147 0 0 0 0 0 0 0 0 0 0
0.112 -0.017 -0.152 -0.062 4.281 -0.01 -0.004 -0.038 0.001 -0.01 0 0 0 0 0 0 0 0 0 0
-0.133 -0.031 -0.117 -0.075 -0.01 8.448 -0.018 -0.056 0 -0.02 0 0 0 0 0 0 0 0 0 0
0.011 -0.043 -0.255 -0.127 -0.004 -0.018 5.265 -0.085 0.001 -0.027 0 0 0 0 0 0 0 0 0 0
-0.404 -0.163 -0.757 -0.431 -0.038 -0.056 -0.085 6.19 0 -0.102 0 0 0 0 0 0 0 0 0 0
0.019 0.001 -0.006 -0.001 0.001 0 0.001 0 2.399 0 0 0 0 0 0 0 0 0 0 0
-0.086 -0.054 -0.271 -0.147 -0.01 -0.02 -0.027 -0.102 0 5.956 0 0 0 0 0 0 0 0 0 0
0 0 0 0 0 0 0 0 0 0 16.113 -1.473 1.053 -0.031 -3.332 0.495 -0.032 -2.173 -0.339 1.031
0 0 0 0 0 0 0 0 0 0 -1.473 19.254 -1.12 -0.407 -2.342 -0.847 -0.508 -1.352 -1.06 -0.518
0 0 0 0 0 0 0 0 0 0 1.053 -1.12 11.358 -0.32 -2.503 -0.548 -0.398 -1.497 -0.887 -0.182
0 0 0 0 0 0 0 0 0 0 -0.031 -0.407 -0.32 14.469 -0.908 -0.255 -0.167 -0.535 -0.36 -0.124
0 0 0 0 0 0 0 0 0 0 -3.332 -2.342 -2.503 -0.908 15.238 -1.892 -1.133 -3.006 -2.363 -1.161
0 0 0 0 0 0 0 0 0 0 0.495 -0.847 -0.548 -0.255 -1.892 12.345 -0.317 -1.126 -0.698 -0.18
0 0 0 0 0 0 0 0 0 0 -0.032 -0.508 -0.398 -0.167 -1.133 -0.317 14.358 -0.668 -0.449 -0.155
0 0 0 0 0 0 0 0 0 0 -2.173 -1.352 -1.497 -0.535 -3.006 -1.126 -0.668 19.902 -1.387 -0.705
0 0 0 0 0 0 0 0 0 0 -0.339 -1.06 -0.887 -0.36 -2.363 -0.698 -0.449 -1.387 14.444 -0.361
0 0 0 0 0 0 0 0 0 0 1.031 -0.518 -0.182 -0.124 -1.161 -0.18 -0.155 -0.705 -0.361 10.113

 Mean vectors and covariance matrices before rotation --- 2th cluster >>

 mean vector (mu'=Q*mu)>>
6.025 0 0 0 0 0 0 0 0 0 2.987 0.466 3.144 0.604 1.147 0.881 2.663 3.372 0.804 1.78

 covariance matrix (Sigma'=Q*Sigma*t(Q))>>

3.242 0.752 0.238 -0.451 1.063 -0.182 -0.016 -1.159 0.77 -0.564 0 0 0 0 0 0 0 0 0 0
0.752 1.909 0.62 0.128 1.09 -0.004 0.003 0.262 0.908 0.556 0 0 0 0 0 0 0 0 0 0
0.238 0.62 3.426 0.058 0.941 -0.019 0.001 0.097 0.773 0.378 0 0 0 0 0 0 0 0 0 0
-0.451 0.128 0.058 6.441 0.185 -0.024 -0.002 -0.138 0.139 -0.048 0 0 0 0 0 0 0 0 0 0
1.063 1.09 0.941 0.185 3.121 -0.009 0.004 0.373 1.386 0.828 0 0 0 0 0 0 0 0 0 0
-0.182 -0.004 -0.019 -0.024 -0.009 9.854 -0.001 -0.057 -0.012 -0.048 0 0 0 0 0 0 0 0 0 0
-0.016 0.003 0.001 -0.002 0.004 -0.001 7.095 -0.005 0.003 -0.002 0 0 0 0 0 0 0 0 0 0
-1.159 0.262 0.097 -0.138 0.373 -0.057 -0.005 6.468 0.275 -0.159 0 0 0 0 0 0 0 0 0 0
0.77 0.908 0.773 0.139 1.386 -0.012 0.003 0.275 2.97 0.661 0 0 0 0 0 0 0 0 0 0
-0.564 0.556 0.378 -0.048 0.828 -0.048 -0.002 -0.159 0.661 5.044 0 0 0 0 0 0 0 0 0 0
0 0 0 0 0 0 0 0 0 0 16.113 -1.473 1.053 -0.031 -3.332 0.495 -0.032 -2.173 -0.339 1.031
0 0 0 0 0 0 0 0 0 0 -1.473 19.254 -1.12 -0.407 -2.342 -0.847 -0.508 -1.352 -1.06 -0.518
0 0 0 0 0 0 0 0 0 0 1.053 -1.12 11.358 -0.32 -2.503 -0.548 -0.398 -1.497 -0.887 -0.182
0 0 0 0 0 0 0 0 0 0 -0.031 -0.407 -0.32 14.469 -0.908 -0.255 -0.167 -0.535 -0.36 -0.124
0 0 0 0 0 0 0 0 0 0 -3.332 -2.342 -2.503 -0.908 15.238 -1.892 -1.133 -3.006 -2.363 -1.161
0 0 0 0 0 0 0 0 0 0 0.495 -0.847 -0.548 -0.255 -1.892 12.345 -0.317 -1.126 -0.698 -0.18
0 0 0 0 0 0 0 0 0 0 -0.032 -0.508 -0.398 -0.167 -1.133 -0.317 14.358 -0.668 -0.449 -0.155
0 0 0 0 0 0 0 0 0 0 -2.173 -1.352 -1.497 -0.535 -3.006 -1.126 -0.668 19.902 -1.387 -0.705
0 0 0 0 0 0 0 0 0 0 -0.339 -1.06 -0.887 -0.36 -2.363 -0.698 -0.449 -1.387 14.444 -0.361
0 0 0 0 0 0 0 0 0 0 1.031 -0.518 -0.182 -0.124 -1.161 -0.18 -0.155 -0.705 -0.361 10.113

 Mean vectors and covariance matrices before rotation --- 3th cluster >>

 mean vector (mu'=Q*mu)>>
0 10.435 0 0 0 0 0 0 0 0 2.987 0.466 3.144 0.604 1.147 0.881 2.663 3.372 0.804 1.78

 covariance matrix (Sigma'=Q*Sigma*t(Q))>>

6.281 0.698 -0.217 -2.523 0.096 1.516 -0.785 0.858 1.632 1.425 0 0 0 0 0 0 0 0 0 0
0.698 1.884 0.087 -0.043 0.024 0.384 0 0.221 0.393 0.364 0 0 0 0 0 0 0 0 0 0
-0.217 0.087 6.882 -0.901 0.012 0.184 -0.294 0.1 0.218 0.169 0 0 0 0 0 0 0 0 0 0
-2.523 -0.043 -0.901 6.253 -0.004 -0.126 -1.225 -0.095 -0.006 -0.14 0 0 0 0 0 0 0 0 0 0
0.096 0.024 0.012 -0.004 1.553 0.052 0.001 0.03 0.053 0.049 0 0 0 0 0 0 0 0 0 0
1.516 0.384 0.184 -0.126 0.052 2.693 -0.01 0.486 0.867 0.801 0 0 0 0 0 0 0 0 0 0
-0.785 0 -0.294 -1.225 0.001 -0.01 9.051 -0.013 0.031 -0.017 0 0 0 0 0 0 0 0 0 0
0.858 0.221 0.1 -0.095 0.03 0.486 -0.013 2.292 0.499 0.461 0 0 0 0 0 0 0 0 0 0
1.632 0.393 0.218 -0.006 0.053 0.867 0.031 0.499 2.187 0.823 0 0 0 0 0 0 0 0 0 0
1.425 0.364 0.169 -0.14 0.049 0.801 -0.017 0.461 0.823 2.702 0 0 0 0 0 0 0 0 0 0
0 0 0 0 0 0 0 0 0 0 16.113 -1.473 1.053 -0.031 -3.332 0.495 -0.032 -2.173 -0.339 1.031
0 0 0 0 0 0 0 0 0 0 -1.473 19.254 -1.12 -0.407 -2.342 -0.847 -0.508 -1.352 -1.06 -0.518
0 0 0 0 0 0 0 0 0 0 1.053 -1.12 11.358 -0.32 -2.503 -0.548 -0.398 -1.497 -0.887 -0.182
0 0 0 0 0 0 0 0 0 0 -0.031 -0.407 -0.32 14.469 -0.908 -0.255 -0.167 -0.535 -0.36 -0.124
0 0 0 0 0 0 0 0 0 0 -3.332 -2.342 -2.503 -0.908 15.238 -1.892 -1.133 -3.006 -2.363 -1.161
0 0 0 0 0 0 0 0 0 0 0.495 -0.847 -0.548 -0.255 -1.892 12.345 -0.317 -1.126 -0.698 -0.18
0 0 0 0 0 0 0 0 0 0 -0.032 -0.508 -0.398 -0.167 -1.133 -0.317 14.358 -0.668 -0.449 -0.155
0 0 0 0 0 0 0 0 0 0 -2.173 -1.352 -1.497 -0.535 -3.006 -1.126 -0.668 19.902 -1.387 -0.705
0 0 0 0 0 0 0 0 0 0 -0.339 -1.06 -0.887 -0.36 -2.363 -0.698 -0.449 -1.387 14.444 -0.361
0 0 0 0 0 0 0 0 0 0 1.031 -0.518 -0.182 -0.124 -1.161 -0.18 -0.155 -0.705 -0.361 10.113

 Final eigenvalues for each cluster >> 
 (rows correspond to clusters)
21.632 20.448 20.307 15.406 14.603 14.566 12.8 11.999 10.12 9.775 8.457 7.008 6.495 6.105 5.989 5.713 5.284 4.277 3.771 2.399
21.632 20.448 20.307 15.406 14.603 14.566 12.8 11.999 10.12 9.861 7.095 6.999 6.824 6.493 5.713 4.902 2.924 1.821 1.454 1.197
21.632 20.448 20.307 15.406 14.603 14.566 12.8 11.999 10.12 9.906 9.461 7.049 5.713 4.998 2.013 1.942 1.849 1.71 1.55 1.302

 *************************************************

 ********************* rotation ******************

 *************************************************


 The orthogonal matrix Q >>
0.558 0.369 0.294 0.241 0.401 0.019 0.213 0.256 0.259 0.261
0.369 -0.912 0.07 0.057 0.095 0.005 0.051 0.061 0.061 0.062
0.294 0.07 -0.944 0.046 0.076 0.004 0.04 0.048 0.049 0.049
0.241 0.057 0.046 -0.963 0.062 0.003 0.033 0.04 0.04 0.04
0.401 0.095 0.076 0.062 -0.897 0.005 0.055 0.066 0.067 0.067
0.019 0.005 0.004 0.003 0.005 -1 0.003 0.003 0.003 0.003
0.213 0.051 0.04 0.033 0.055 0.003 -0.971 0.035 0.035 0.036
0.256 0.061 0.048 0.04 0.066 0.003 0.035 -0.958 0.043 0.043
0.259 0.061 0.049 0.04 0.067 0.003 0.035 0.043 -0.957 0.043
0.261 0.062 0.049 0.04 0.067 0.003 0.036 0.043 0.043 -0.956

 Mean vectors and covariance matrices after rotation --- 1th cluster >>

 mean vector (mu'=Q*mu)>>
0.604 3.372 -1.562 -1.283 1.78 -1.772 3.144 -0.115 0.466 1.147 -2.226 -1.453 -1.543 0.881 2.663 -3.36 -2.418 -1.574 0.804 2.987

 covariance matrix (Sigma'=Q*Sigma*t(Q))>>

14.469 -0.535 0 0 -0.124 0 -0.32 0 -0.407 -0.908 0 0 0 -0.255 -0.167 0 0 0 -0.36 -0.031
-0.535 19.902 0 0 -0.705 0 -1.497 0 -1.352 -3.006 0 0 0 -1.126 -0.668 0 0 0 -1.387 -2.173
0 0 2.612 0.101 0 0.629 0 0.046 0 0 0.172 0.328 0.233 0 0 0.472 0.197 0.116 0 0
0 0 0.101 5.286 0 0.181 0 0.015 0 0 -0.009 0.074 0.032 0 0 -0.068 0.041 -0.007 0 0
-0.124 -0.705 0 0 10.113 0 -0.182 0 -0.518 -1.161 0 0 0 -0.18 -0.155 0 0 0 -0.361 1.031
0 0 0.629 0.181 0 9.46 0 -0.035 0 0 0.329 -0.273 -0.104 0 0 0.772 0.678 0.257 0 0
-0.32 -1.497 0 0 -0.182 0 11.358 0 -1.12 -2.503 0 0 0 -0.548 -0.398 0 0 0 -0.887 1.053
0 0 0.046 0.015 0 -0.035 0 8.453 0 0 0.026 -0.023 -0.008 0 0 0.085 0.052 0.02 0 0
-0.407 -1.352 0 0 -0.518 0 -1.12 0 19.254 -2.342 0 0 0 -0.847 -0.508 0 0 0 -1.06 -1.473
-0.908 -3.006 0 0 -1.161 0 -2.503 0 -2.342 15.238 0 0 0 -1.892 -1.133 0 0 0 -2.363 -3.332
0 0 0.172 -0.009 0 0.329 0 0.026 0 0 6.074 0.112 0.038 0 0 -0.308 0.057 -0.022 0 0
0 0 0.328 0.074 0 -0.273 0 -0.023 0 0 0.112 6.835 -0.085 0 0 0.476 0.322 0.093 0 0
0 0 0.233 0.032 0 -0.104 0 -0.008 0 0 0.038 -0.085 6.442 0 0 0.179 0.19 0.035 0 0
-0.255 -1.126 0 0 -0.18 0 -0.548 0 -0.847 -1.892 0 0 0 12.345 -0.317 0 0 0 -0.698 0.495
-0.167 -0.668 0 0 -0.155 0 -0.398 0 -0.508 -1.133 0 0 0 -0.317 14.358 0 0 0 -0.449 -0.032
0 0 0.472 -0.068 0 0.772 0 0.085 0 0 -0.308 0.476 0.179 0 0 4.048 0.008 -0.224 0 0
0 0 0.197 0.041 0 0.678 0 0.052 0 0 0.057 0.322 0.19 0 0 0.008 4.377 0.034 0 0
0 0 0.116 -0.007 0 0.257 0 0.02 0 0 -0.022 0.093 0.035 0 0 -0.224 0.034 5.973 0 0
-0.36 -1.387 0 0 -0.361 0 -0.887 0 -1.06 -2.363 0 0 0 -0.698 -0.449 0 0 0 14.444 -0.339
-0.031 -2.173 0 0 1.031 0 1.053 0 -1.473 -3.332 0 0 0 0.495 -0.032 0 0 0 -0.339 16.113

 Mean vectors and covariance matrices after rotation --- 2th cluster >>

 mean vector (mu'=Q*mu)>>
0.604 3.372 1.562 1.283 1.78 1.772 3.144 0.115 0.466 1.147 2.226 1.453 1.543 0.881 2.663 3.36 2.418 1.574 0.804 2.987

 covariance matrix (Sigma'=Q*Sigma*t(Q))>>

14.469 -0.535 0 0 -0.124 0 -0.32 0 -0.407 -0.908 0 0 0 -0.255 -0.167 0 0 0 -0.36 -0.031
-0.535 19.902 0 0 -0.705 0 -1.497 0 -1.352 -3.006 0 0 0 -1.126 -0.668 0 0 0 -1.387 -2.173
0 0 2.232 -0.391 0 0.184 0 -0.002 0 0 0.159 -0.189 0.079 0 0 -1.21 0.394 0.281 0 0
0 0 -0.391 6.946 0 -0.242 0 0.023 0 0 -0.31 -0.074 0.044 0 0 -0.365 -0.482 -0.101 0 0
-0.124 -0.705 0 0 10.113 0 -0.182 0 -0.518 -1.161 0 0 0 -0.18 -0.155 0 0 0 -0.361 1.031
0 0 0.184 -0.242 0 3.04 0 0.011 0 0 0.125 -0.083 0.12 0 0 -0.514 0.201 0.198 0 0
-0.32 -1.497 0 0 -0.182 0 11.358 0 -1.12 -2.503 0 0 0 -0.548 -0.398 0 0 0 -0.887 1.053
0 0 -0.002 0.023 0 0.011 0 9.86 0 0 0.033 0.012 -0.008 0 0 0.062 0.018 -0.011 0 0
-0.407 -1.352 0 0 -0.518 0 -1.12 0 19.254 -2.342 0 0 0 -0.847 -0.508 0 0 0 -1.06 -1.473
-0.908 -3.006 0 0 -1.161 0 -2.503 0 -2.342 15.238 0 0 0 -1.892 -1.133 0 0 0 -2.363 -3.332
0 0 0.159 -0.31 0 0.125 0 0.033 0 0 1.273 -0.058 0.282 0 0 -0.249 0.145 0.319 0 0
0 0 -0.189 -0.074 0 -0.083 0 0.012 0 0 -0.058 6.469 0.034 0 0 -0.139 -0.183 -0.041 0 0
0 0 0.079 0.044 0 0.12 0 -0.008 0 0 0.282 0.034 6.801 0 0 0.089 0.219 0.003 0 0
-0.255 -1.126 0 0 -0.18 0 -0.548 0 -0.847 -1.892 0 0 0 12.345 -0.317 0 0 0 -0.698 0.495
-0.167 -0.668 0 0 -0.155 0 -0.398 0 -0.508 -1.133 0 0 0 -0.317 14.358 0 0 0 -0.449 -0.032
0 0 -1.21 -0.365 0 -0.514 0 0.062 0 0 -0.249 -0.139 0.089 0 0 6.103 -1.097 -0.373 0 0
0 0 0.394 -0.482 0 0.201 0 0.018 0 0 0.145 -0.183 0.219 0 0 -1.097 1.819 0.392 0 0
0 0 0.281 -0.101 0 0.198 0 -0.011 0 0 0.319 -0.041 0.003 0 0 -0.373 0.392 5.028 0 0
-0.36 -1.387 0 0 -0.361 0 -0.887 0 -1.06 -2.363 0 0 0 -0.698 -0.449 0 0 0 14.444 -0.339
-0.031 -2.173 0 0 1.031 0 1.053 0 -1.473 -3.332 0 0 0 0.495 -0.032 0 0 0 -0.339 16.113

 Mean vectors and covariance matrices after rotation --- 3th cluster >>

 mean vector (mu'=Q*mu)>>
0.604 3.372 0.642 0.527 1.78 0.728 3.144 0.047 0.466 1.147 -9.521 0.597 0.634 0.881 2.663 3.856 0.993 0.646 0.804 2.987

 covariance matrix (Sigma'=Q*Sigma*t(Q))>>

14.469 -0.535 0 0 -0.124 0 -0.32 0 -0.407 -0.908 0 0 0 -0.255 -0.167 0 0 0 -0.36 -0.031
-0.535 19.902 0 0 -0.705 0 -1.497 0 -1.352 -3.006 0 0 0 -1.126 -0.668 0 0 0 -1.387 -2.173
0 0 1.492 -0.088 0 -0.133 0 0.336 0 0 -0.063 0.425 0.042 0 0 -0.552 -0.205 0.171 0 0
0 0 -0.088 9.326 0 -0.069 0 -0.413 0 0 0.271 -0.45 0.058 0 0 0.141 0.489 -0.096 0 0
-0.124 -0.705 0 0 10.113 0 -0.182 0 -0.518 -1.161 0 0 0 -0.18 -0.155 0 0 0 -0.361 1.031
0 0 -0.133 -0.069 0 6.98 0 -0.386 0 0 0.193 -0.005 0.014 0 0 -0.066 0.397 -0.129 0 0
-0.32 -1.497 0 0 -0.182 0 11.358 0 -1.12 -2.503 0 0 0 -0.548 -0.398 0 0 0 -0.887 1.053
0 0 0.336 -0.413 0 -0.386 0 2.619 0 0 -0.333 -0.54 -0.022 0 0 -1.528 -0.709 0.27 0 0
-0.407 -1.352 0 0 -0.518 0 -1.12 0 19.254 -2.342 0 0 0 -0.847 -0.508 0 0 0 -1.06 -1.473
-0.908 -3.006 0 0 -1.161 0 -2.503 0 -2.342 15.238 0 0 0 -1.892 -1.133 0 0 0 -2.363 -3.332
0 0 -0.063 0.271 0 0.193 0 -0.333 0 0 1.995 1.069 0.097 0 0 0.795 0.483 -0.026 0 0
0 0 0.425 -0.45 0 -0.005 0 -0.54 0 0 1.069 7.657 0.544 0 0 1.921 1.424 0.339 0 0
0 0 0.042 0.058 0 0.014 0 -0.022 0 0 0.097 0.544 2.067 0 0 0.079 0.13 0.049 0 0
-0.255 -1.126 0 0 -0.18 0 -0.548 0 -0.847 -1.892 0 0 0 12.345 -0.317 0 0 0 -0.698 0.495
-0.167 -0.668 0 0 -0.155 0 -0.398 0 -0.508 -1.133 0 0 0 -0.317 14.358 0 0 0 -0.449 -0.032
0 0 -0.552 0.141 0 -0.066 0 -1.528 0 0 0.795 1.921 0.079 0 0 5.13 1.629 -0.482 0 0
0 0 -0.205 0.489 0 0.397 0 -0.709 0 0 0.483 1.424 0.13 0 0 1.629 2.419 -0.135 0 0
0 0 0.171 -0.096 0 -0.129 0 0.27 0 0 -0.026 0.339 0.049 0 0 -0.482 -0.135 2.095 0 0
-0.36 -1.387 0 0 -0.361 0 -0.887 0 -1.06 -2.363 0 0 0 -0.698 -0.449 0 0 0 14.444 -0.339
-0.031 -2.173 0 0 1.031 0 1.053 0 -1.473 -3.332 0 0 0 0.495 -0.032 0 0 0 -0.339 16.113

 Final eigenvalues for each cluster >> 
 (rows correspond to clusters)
21.632 20.448 20.307 15.406 14.603 14.566 12.8 11.999 10.12 9.775 8.457 7.008 6.495 6.105 5.989 5.713 5.284 4.277 3.771 2.399
21.632 20.448 20.307 15.406 14.603 14.566 12.8 11.999 10.12 9.861 7.095 6.999 6.824 6.493 5.713 4.902 2.924 1.821 1.454 1.197
21.632 20.448 20.307 15.406 14.603 14.566 12.8 11.999 10.12 9.906 9.461 7.049 5.713 4.998 2.013 1.942 1.849 1.71 1.55 1.302

 theoretical Separation index matrix >>

-1 0.21 0.21
0.21 -1 0.409
0.21 0.409 -1

 theoretical projection directions >>

**** cluster 1 and 2
0 0 0.389 0.194 0 0.111 0 -0.001 0 0 0.416 0.123 0.089 0 0 0.522 0.556 0.145 0 0

**** cluster 1 and 3
0 0 0.359 0.075 0 0.08 0 0.08 0 0 -0.695 0.001 0.149 0 0 0.499 0.226 0.219 0 0

**** cluster 2 and 3
0 0 -0.022 -0.017 0 0.003 0 -0.015 0 0 -0.997 0.04 0.013 0 0 0.04 0.036 0.014 0 0

 empirical Separation index matrix (alpha= 0.05 )>>

-1 0.475 0.244
0.475 -1 0.315
0.244 0.315 -1

 empirical projection directions >>

**** cluster 1 and 2
-0.001 0.027 -0.063 -0.018 -0.025 0.013 -0.058 -0.063 -0.022 0.01 0.982 0.041 0.059 0.048 0.058 0.003 0.041 -0.029 -0.062 0.068

**** cluster 1 and 3
0.088 -0.043 -0.423 -0.051 -0.063 -0.079 -0.108 0.245 -0.021 -0.115 0.538 -0.069 -0.223 -0.063 0.037 -0.511 -0.204 -0.238 0.001 0.065

**** cluster 2 and 3
0.055 -0.008 -0.353 -0.303 0.041 -0.03 -0.144 -0.012 -0.01 -0.045 -0.344 -0.21 -0.107 -0.108 0.011 -0.523 -0.526 -0.102 0.006 0.094
