
 Log information for the data set datasetJHG3v5nv0out0_3.dat >>

 alpha = 0.05 sepVal = 0.34

 Number of clusters >> 3

 cluster sizes >>
50 50 50

 Number of data points >> 150

 Number of dimensions >> 5

 Number of noisy dimensions >> 0

 noisy variables >>
0

 Number of outliers >> 0

 initial eigenvalues for each cluster >> 
 (rows correspond to clusters)
2.544 1.355 3.201 7.82 3.82
7.094 3.42 5.948 1.703 1.253
5.139 8.556 2.486 7.006 7.818

 Mean vectors and covariance matrices before rotation --- 1th cluster >>

 mean vector (mu'=Q*mu)>>
-9.262 0 0 0 0

 covariance matrix (Sigma'=Q*Sigma*t(Q))>>

8.616 1.233 0.665 -3.926 0.058
1.233 3.008 0.334 -0.498 0.246
0.665 0.334 6.334 -1.677 -0.241
-3.926 -0.498 -1.677 12.077 -2.098
0.058 0.246 -0.241 -2.098 7.016

 Mean vectors and covariance matrices before rotation --- 2th cluster >>

 mean vector (mu'=Q*mu)>>
9.262 0 0 0 0

 covariance matrix (Sigma'=Q*Sigma*t(Q))>>

1.883 -0.104 -0.452 0.751 0.054
-0.104 3.449 0.003 0.424 0.021
-0.452 0.003 5.913 0.216 0.012
0.751 0.424 0.216 6.908 0.252
0.054 0.021 0.012 0.252 1.265

 Mean vectors and covariance matrices before rotation --- 3th cluster >>

 mean vector (mu'=Q*mu)>>
0 16.042 0 0 0

 covariance matrix (Sigma'=Q*Sigma*t(Q))>>

6.463 -1.293 1.375 -0.096 -1.006
-1.293 7.544 0.014 -0.142 -0.971
1.375 0.014 3.105 0.041 0.121
-0.096 -0.142 0.041 6.988 -0.129
-1.006 -0.971 0.121 -0.129 6.905

 Final eigenvalues for each cluster >> 
 (rows correspond to clusters)
15.461 7.554 6.328 5.03 2.678
7.094 5.948 3.42 1.703 1.253
8.556 7.818 7.006 5.139 2.486

 *************************************************

 ********************* rotation ******************

 *************************************************


 The orthogonal matrix Q >>
0.692 0.241 0.67 0.118 0.006
0.241 -0.966 0.096 0.017 0.001
0.67 0.096 -0.735 0.047 0.002
0.118 0.017 0.047 -0.992 0
0.006 0.001 0.002 0 -1

 Mean vectors and covariance matrices after rotation --- 1th cluster >>

 mean vector (mu'=Q*mu)>>
-0.056 -2.234 -6.409 -6.207 -1.092

 covariance matrix (Sigma'=Q*Sigma*t(Q))>>

7.018 0.279 0.316 -0.136 -2.053
0.279 2.74 0.215 0.021 0.502
0.316 0.215 7.512 0.862 3.507
-0.136 0.021 0.862 6.663 1.312
-2.053 0.502 3.507 1.312 13.118

 Mean vectors and covariance matrices after rotation --- 2th cluster >>

 mean vector (mu'=Q*mu)>>
0.056 2.234 6.409 6.207 1.092

 covariance matrix (Sigma'=Q*Sigma*t(Q))>>

1.265 0.002 -0.071 -0.045 0.235
0.002 3.402 -0.149 -0.308 0.118
-0.071 -0.149 3.582 -1.836 -1.259
-0.045 -0.308 -1.836 4.551 -0.723
0.235 0.118 -1.259 -0.723 6.62

 Mean vectors and covariance matrices after rotation --- 3th cluster >>

 mean vector (mu'=Q*mu)>>
0.014 -15.49 3.869 1.532 0.27

 covariance matrix (Sigma'=Q*Sigma*t(Q))>>

6.919 -0.697 0.862 0.861 0.001
-0.697 8.109 0.644 0.802 0.014
0.862 0.644 5.845 1.28 0.01
0.861 0.802 1.28 3.126 0.093
0.001 0.014 0.01 0.093 7.006

 Final eigenvalues for each cluster >> 
 (rows correspond to clusters)
15.461 7.554 6.328 5.03 2.678
7.094 5.948 3.42 1.703 1.253
8.556 7.818 7.006 5.139 2.486

 theoretical Separation index matrix >>

-1 0.38 0.34
0.38 -1 0.34
0.34 0.34 -1

 theoretical projection directions >>

**** cluster 1 and 2
0.001 0.349 0.683 0.642 0.016

**** cluster 1 and 3
-0.081 -0.788 0.44 0.418 -0.062

**** cluster 2 and 3
-0.028 -0.924 -0.184 -0.328 -0.063

 empirical Separation index matrix (alpha= 0.05 )>>

-1 0.395 0.393
0.395 -1 0.396
0.393 0.396 -1

 empirical projection directions >>

**** cluster 1 and 2
-0.159 -0.971 -0.144 -0.107 0.004

**** cluster 1 and 3
0.046 -0.398 -0.758 -0.513 0.039

**** cluster 2 and 3
0.195 0.873 -0.331 -0.297 0.047
