
 Log information for the data set datasetJMG5v10nv1out0_2.dat >>

 alpha = 0.05 sepVal = 0.21

 Number of clusters >> 5

 cluster sizes >>
50 50 50 50 50

 Number of data points >> 250

 Number of dimensions >> 11

 Number of noisy dimensions >> 1

 noisy variables >>
4

 Number of outliers >> 0

 initial eigenvalues for each cluster >> 
 (rows correspond to clusters)
5.822 6.738 6.492 8.874 9.684 8.864 8.559 7.832 9.187 7.565
7.085 5.253 5.952 9.515 1.493 9.521 2.285 7.56 9.712 4.786
1.615 7.852 8.636 3.184 1.91 9.616 2.29 3.562 6.707 2.712
4.049 1.164 6.599 3.956 9.651 6.389 8.082 4.89 4.276 4.853
7.071 9.938 9.007 2.969 4.833 4.959 8.948 3.707 5.583 9.709

 Mean vectors and covariance matrices before rotation --- 1th cluster >>

 mean vector (mu'=Q*mu)>>
-8.178 0 0 0 0 0 0 0 0 0 0.383

 covariance matrix (Sigma'=Q*Sigma*t(Q))>>

7.972 0.267 0.28 -0.263 -0.509 -0.497 -0.296 -0.067 -0.792 -0.035 0
0.267 6.72 0.005 -0.121 -0.201 -0.23 -0.152 -0.067 -0.339 -0.111 0
0.28 0.005 6.512 -0.085 -0.145 -0.161 -0.105 -0.042 -0.241 -0.066 0
-0.263 -0.121 -0.085 8.752 -0.176 -0.231 -0.164 -0.093 -0.32 -0.18 0
-0.509 -0.201 -0.145 -0.176 9.436 -0.334 -0.24 -0.141 -0.458 -0.278 0
-0.497 -0.23 -0.161 -0.231 -0.334 8.427 -0.311 -0.177 -0.607 -0.342 0
-0.296 -0.152 -0.105 -0.164 -0.24 -0.311 8.339 -0.123 -0.434 -0.236 0
-0.067 -0.067 -0.042 -0.093 -0.141 -0.177 -0.123 7.767 -0.25 -0.121 0
-0.792 -0.339 -0.241 -0.32 -0.458 -0.607 -0.434 -0.25 8.349 -0.488 0
-0.035 -0.111 -0.066 -0.18 -0.278 -0.342 -0.236 -0.121 -0.488 7.344 0
0 0 0 0 0 0 0 0 0 0 20.113

 Mean vectors and covariance matrices before rotation --- 2th cluster >>

 mean vector (mu'=Q*mu)>>
8.178 0 0 0 0 0 0 0 0 0 0.383

 covariance matrix (Sigma'=Q*Sigma*t(Q))>>

7.361 0.959 0.121 -0.579 0.829 -0.883 0.405 -0.126 -0.846 0.6 0
0.959 5.889 0.1 -0.036 0.381 -0.055 0.193 0.255 -0.072 0.363 0
0.121 0.1 5.967 -0.019 0.067 -0.029 0.033 0.027 -0.03 0.059 0
-0.579 -0.036 -0.019 9.281 0.093 -0.356 0.04 -0.243 -0.327 0.003 0
0.829 0.381 0.067 0.093 1.666 0.141 0.091 0.264 0.117 0.206 0
-0.883 -0.055 -0.029 -0.356 0.141 8.98 0.061 -0.37 -0.498 0.005 0
0.405 0.193 0.033 0.04 0.091 0.061 2.333 0.127 0.05 0.105 0
-0.126 0.255 0.027 -0.243 0.264 -0.37 0.127 7.439 -0.35 0.168 0
-0.846 -0.072 -0.03 -0.327 0.117 -0.498 0.05 -0.35 9.255 -0.008 0
0.6 0.363 0.059 0.003 0.206 0.005 0.105 0.168 -0.008 4.991 0
0 0 0 0 0 0 0 0 0 0 20.113

 Mean vectors and covariance matrices before rotation --- 3th cluster >>

 mean vector (mu'=Q*mu)>>
0 14.164 0 0 0 0 0 0 0 0 0.383

 covariance matrix (Sigma'=Q*Sigma*t(Q))>>

3.726 -1.996 -0.292 -0.045 0.62 -0.55 0.502 -0.101 -0.137 0.183 0
-1.996 8.018 -0.2 -0.532 -0.939 -0.347 -1.248 -0.403 -0.12 -1.183 0
-0.292 -0.2 10.422 -0.075 -0.136 -0.046 -0.18 -0.057 -0.016 -0.169 0
-0.045 -0.532 -0.075 3.763 -0.053 -0.137 -0.119 -0.078 -0.039 -0.157 0
0.62 -0.939 -0.136 -0.053 2.512 -0.255 0.132 -0.069 -0.066 0.001 0
-0.55 -0.347 -0.046 -0.137 -0.255 11.555 -0.333 -0.103 -0.028 -0.31 0
0.502 -1.248 -0.18 -0.119 0.132 -0.333 2.788 -0.123 -0.089 -0.127 0
-0.101 -0.403 -0.057 -0.078 -0.069 -0.103 -0.123 4.244 -0.03 -0.146 0
-0.137 -0.12 -0.016 -0.039 -0.066 -0.028 -0.089 -0.03 8.105 -0.086 0
0.183 -1.183 -0.169 -0.157 0.001 -0.31 -0.127 -0.146 -0.086 3.044 0
0 0 0 0 0 0 0 0 0 0 20.113

 Mean vectors and covariance matrices before rotation --- 4th cluster >>

 mean vector (mu'=Q*mu)>>
0 4.721 13.354 0 0 0 0 0 0 0 0.383

 covariance matrix (Sigma'=Q*Sigma*t(Q))>>

8.222 1.904 -1.576 0.373 -1.049 -1.264 -0.609 -0.051 0.112 -0.018 0
1.904 2.672 0.172 0.408 -0.096 0.188 -0.02 0.139 0.201 0.059 0
-1.576 0.172 9.655 -0.313 -0.522 -1.035 -0.351 -0.218 -0.199 -0.09 0
0.373 0.408 -0.313 6.6 -0.215 -0.249 -0.124 -0.006 0.029 -0.002 0
-1.049 -0.096 -0.522 -0.215 15.697 -0.457 -0.136 -0.118 -0.124 -0.049 0
-1.264 0.188 -1.035 -0.249 -0.457 9.63 -0.304 -0.181 -0.162 -0.075 0
-0.609 -0.02 -0.351 -0.124 -0.136 -0.304 13.209 -0.073 -0.073 -0.03 0
-0.051 0.139 -0.218 -0.006 -0.118 -0.181 -0.073 8.026 -0.012 -0.01 0
0.112 0.201 -0.199 0.029 -0.124 -0.162 -0.073 -0.012 7.044 -0.005 0
-0.018 0.059 -0.09 -0.002 -0.049 -0.075 -0.03 -0.01 -0.005 7.984 0
0 0 0 0 0 0 0 0 0 0 20.113

 Mean vectors and covariance matrices before rotation --- 5th cluster >>

 mean vector (mu'=Q*mu)>>
0 4.721 3.339 12.93 0 0 0 0 0 0 0.383

 covariance matrix (Sigma'=Q*Sigma*t(Q))>>

8.426 -0.029 -1.6 1.305 0.659 0.151 -0.818 1.166 0.752 -0.491 0
-0.029 12.822 -0.019 0.002 -0.002 -0.001 -0.01 0 -0.007 -0.005 0
-1.6 -0.019 10.424 0.254 -0.018 -0.009 -0.619 0.164 -0.252 -0.329 0
1.305 0.002 0.254 4.422 0.461 0.111 0.138 0.599 0.783 0.036 0
0.659 -0.002 -0.018 0.461 6.558 0.077 -0.005 0.451 0.512 -0.029 0
0.151 -0.001 -0.009 0.111 0.077 6.417 -0.004 0.109 0.122 -0.008 0
-0.818 -0.01 -0.619 0.138 -0.005 -0.004 11.224 0.091 -0.123 -0.171 0
1.166 0 0.164 0.599 0.451 0.109 0.091 5.381 0.749 0.012 0
0.752 -0.007 -0.252 0.783 0.512 0.122 -0.123 0.749 7.973 -0.108 0
-0.491 -0.005 -0.329 0.036 -0.029 -0.008 -0.171 0.012 -0.108 12.437 0
0 0 0 0 0 0 0 0 0 0 20.113

 Final eigenvalues for each cluster >> 
 (rows correspond to clusters)
20.113 9.684 9.187 8.874 8.864 8.559 7.832 7.565 6.738 6.492 5.822
20.113 9.712 9.521 9.515 7.56 7.085 5.952 5.253 4.786 2.285 1.493
20.113 11.634 10.449 9.5 8.115 4.31 3.852 3.281 2.771 2.311 1.954
20.113 15.886 13.304 10.863 10.516 8.05 7.988 7.038 6.666 6.512 1.916
20.113 12.822 12.526 11.62 11.544 9.123 7.203 6.398 6.235 4.782 3.83

 *************************************************

 ********************* rotation ******************

 *************************************************


 The orthogonal matrix Q >>
0.025 0.355 0.527 0.568 0.02 0.103 0.295 0.201 0.349 0.111
0.355 -0.877 0.182 0.197 0.007 0.036 0.102 0.069 0.121 0.039
0.527 0.182 -0.729 0.292 0.01 0.053 0.152 0.103 0.18 0.057
0.568 0.197 0.292 -0.685 0.011 0.057 0.163 0.111 0.194 0.062
0.02 0.007 0.01 0.011 -1 0.002 0.006 0.004 0.007 0.002
0.103 0.036 0.053 0.057 0.002 -0.99 0.03 0.02 0.035 0.011
0.295 0.102 0.152 0.163 0.006 0.03 -0.915 0.058 0.1 0.032
0.201 0.069 0.103 0.111 0.004 0.02 0.058 -0.961 0.068 0.022
0.349 0.121 0.18 0.194 0.007 0.035 0.1 0.068 -0.881 0.038
0.111 0.039 0.057 0.062 0.002 0.011 0.032 0.022 0.038 -0.988

 Mean vectors and covariance matrices after rotation --- 1th cluster >>

 mean vector (mu'=Q*mu)>>
-4.648 -0.911 -2.411 0.383 -4.309 -0.165 -2.857 -0.208 -2.902 -0.844 -1.64

 covariance matrix (Sigma'=Q*Sigma*t(Q))>>

8.319 0.045 -0.076 0 -0.182 0.396 0.149 -0.992 -0.19 0.311 -0.07
0.045 7.449 -0.058 0 0.203 -0.155 -0.205 0.382 0.07 -0.18 -0.007
-0.076 -0.058 8.547 0 0.135 0.068 0.002 -0.11 0.008 0.027 -0.001
0 0 0 20.113 0 0 0 0 0 0 0
-0.182 0.203 0.135 0 6.704 0.396 0.381 0.154 0.132 0.396 0.087
0.396 -0.155 0.068 0 0.396 9.477 -0.08 0.525 0.164 -0.208 0.067
0.149 -0.205 0.002 0 0.381 -0.08 9.089 0.087 0.079 -0.141 0.023
-0.992 0.382 -0.11 0 0.154 0.525 0.087 6.755 0.178 0.49 -0.007
-0.19 0.07 0.008 0 0.132 0.164 0.079 0.178 6.804 0.145 0.019
0.311 -0.18 0.027 0 0.396 -0.208 -0.141 0.49 0.145 8.637 0.046
-0.07 -0.007 -0.001 0 0.087 0.067 0.023 -0.007 0.019 0.046 7.837

 Mean vectors and covariance matrices after rotation --- 2th cluster >>

 mean vector (mu'=Q*mu)>>
4.648 0.911 2.411 0.383 4.309 0.165 2.857 0.208 2.902 0.844 1.64

 covariance matrix (Sigma'=Q*Sigma*t(Q))>>

8.778 -0.385 0.359 0 -0.018 -0.538 -0.24 -1.124 -0.593 0.248 -0.228
-0.385 4.858 0.017 0 -0.21 0.072 -0.169 -0.03 0.073 0.071 0.069
0.359 0.017 2.799 0 0.571 -0.216 0.452 1.168 0.266 0.48 0.339
0 0 0 20.113 0 0 0 0 0 0 0
-0.018 -0.21 0.571 0 6.401 -0.502 0.338 0.46 -0.124 0.616 0.206
-0.538 0.072 -0.216 0 -0.502 1.621 -0.256 -0.297 -0.022 0.051 0.048
-0.24 -0.169 0.452 0 0.338 -0.256 9.553 -0.465 -0.167 -0.054 -0.201
-1.124 -0.03 1.168 0 0.46 -0.297 -0.465 7.033 0.18 0.273 0.03
-0.593 0.073 0.266 0 -0.124 -0.022 -0.167 0.18 5.389 0.278 0.178
0.248 0.071 0.48 0 0.616 0.051 -0.054 0.273 0.278 9.216 -0.122
-0.228 0.069 0.339 0 0.206 0.048 -0.201 0.03 0.178 -0.122 7.513

 Mean vectors and covariance matrices after rotation --- 3th cluster >>

 mean vector (mu'=Q*mu)>>
2.786 0.546 1.445 0.383 2.583 0.099 1.713 5.026 -12.425 0.506 0.983

 covariance matrix (Sigma'=Q*Sigma*t(Q))>>

4.192 0.23 0.263 0 -1.53 -0.129 -0.598 0.841 0.507 -0.011 0.167
0.23 3.18 0.105 0 -0.173 -0.003 -0.009 0.903 -0.79 -0.23 0.009
0.263 0.105 3.069 0 -0.787 0.098 -0.281 1.248 -0.609 -0.238 0.06
0 0 0 20.113 0 0 0 0 0 0 0
-1.53 -0.173 -0.787 0 7.355 -0.272 -1.674 -2.815 -0.394 -0.266 -0.484
-0.129 -0.003 0.098 0 -0.272 2.506 -0.142 0.487 -0.959 -0.267 -0.092
-0.598 -0.009 -0.281 0 -1.674 -0.142 7.256 -1.078 0.005 -0.101 -0.17
0.841 0.903 1.248 0 -2.815 0.487 -1.078 5.523 -0.053 -0.303 0.38
0.507 -0.79 -0.609 0 -0.394 -0.959 0.005 -0.053 9.148 -0.129 0.022
-0.011 -0.23 -0.238 0 -0.266 -0.267 -0.101 -0.303 -0.129 11.586 -0.041
0.167 0.009 0.06 0 -0.484 -0.092 -0.17 0.38 0.022 -0.041 4.364

 Mean vectors and covariance matrices after rotation --- 4th cluster >>

 mean vector (mu'=Q*mu)>>
4.829 0.947 2.506 0.383 -8.877 0.172 2.969 8.713 -1.706 0.877 1.704

 covariance matrix (Sigma'=Q*Sigma*t(Q))>>

6.85 0.032 -0.452 0 0.334 0.622 0.17 0.344 0.117 0.826 0.077
0.032 7.987 -0.103 0 0.023 0.114 0.014 -0.051 -0.007 0.133 0.001
-0.452 -0.103 12.801 0 -0.439 0.282 -0.282 -1.45 -0.457 0.171 -0.191
0 0 0 20.113 0 0 0 0 0 0 0
0.334 0.023 -0.439 0 10.641 0.268 0.188 -0.853 0.161 0.038 0.006
0.622 0.114 0.282 0 0.268 15.756 0.39 0.444 0.411 -0.269 0.177
0.17 0.014 -0.282 0 0.188 0.39 7.123 0.072 0.015 0.497 0.035
0.344 -0.051 -1.45 0 -0.853 0.444 0.072 7.303 1.079 0.59 -0.071
0.117 -0.007 -0.457 0 0.161 0.411 0.015 1.079 2.211 0.779 0.033
0.826 0.133 0.171 0 0.038 -0.269 0.497 0.59 0.779 10.013 0.198
0.077 0.001 -0.191 0 0.006 0.177 0.035 -0.071 0.033 0.198 8.053

 Mean vectors and covariance matrices after rotation --- 5th cluster >>

 mean vector (mu'=Q*mu)>>
-6.953 1.172 3.101 0.383 2.203 0.212 3.674 10.783 -0.99 1.085 2.109

 covariance matrix (Sigma'=Q*Sigma*t(Q))>>

4.993 0.276 0.507 0 1.009 -0.17 0.436 1.926 -0.601 0.142 0.001
0.276 12.509 -0.032 0 -0.063 -0.148 -0.097 -0.138 -0.043 0.021 -0.06
0.507 -0.032 11.453 0 -0.16 -0.33 -0.258 -0.365 -0.277 0.025 -0.194
0 0 0 20.113 0 0 0 0 0 0 0
1.009 -0.063 -0.16 0 11.333 -0.595 -0.435 -0.617 -0.437 0.06 -0.311
-0.17 -0.148 -0.33 0 -0.595 6.513 0.099 -0.494 -0.43 -0.04 0.2
0.436 -0.097 -0.258 0 -0.435 0.099 7.331 -0.125 -0.813 0.013 0.135
1.926 -0.138 -0.365 0 -0.617 -0.494 -0.125 8.809 -1.371 0.132 -0.058
-0.601 -0.043 -0.277 0 -0.437 -0.43 -0.813 -1.371 11.847 -0.156 -0.712
0.142 0.021 0.025 0 0.06 -0.04 0.013 0.132 -0.156 6.409 -0.026
0.001 -0.06 -0.194 0 -0.311 0.2 0.135 -0.058 -0.712 -0.026 4.888

 Final eigenvalues for each cluster >> 
 (rows correspond to clusters)
20.113 9.684 9.187 8.874 8.864 8.559 7.832 7.565 6.738 6.492 5.822
20.113 9.712 9.521 9.515 7.56 7.085 5.952 5.253 4.786 2.285 1.493
20.113 11.634 10.449 9.5 8.115 4.31 3.852 3.281 2.771 2.311 1.954
20.113 15.886 13.304 10.863 10.516 8.05 7.988 7.038 6.666 6.512 1.916
20.113 12.822 12.526 11.62 11.544 9.123 7.203 6.398 6.235 4.782 3.83

 theoretical Separation index matrix >>

-1 0.21 0.273 0.21 0.21
0.21 -1 0.24 0.22 0.228
0.273 0.24 -1 0.21 0.288
0.21 0.22 0.21 -1 0.249
0.21 0.228 0.288 0.249 -1

 theoretical projection directions >>

**** cluster 1 and 2
0.52 0.151 0.304 0 0.557 0.048 0.256 0.047 0.448 0.02 0.18

**** cluster 1 and 3
0.509 -0.005 0.192 0 0.519 -0.061 0.293 0.42 -0.379 0.038 0.151

**** cluster 1 and 4
0.593 0.101 0.271 0 -0.226 -0.04 0.317 0.609 0.057 0.002 0.195

**** cluster 1 and 5
-0.263 0.095 0.277 0 0.356 0.038 0.383 0.674 0.163 0.089 0.285

**** cluster 2 and 3
-0.121 -0.136 -0.287 0 -0.111 -0.265 -0.048 0.33 -0.83 -0.001 -0.031

**** cluster 2 and 4
0.03 -0.001 0.01 0 -0.635 -0.001 0.033 0.521 -0.567 0.029 0.022

**** cluster 2 and 5
-0.789 0.017 0.058 0 -0.041 -0.011 0.061 0.579 -0.178 0.018 0.011

**** cluster 3 and 4
0.069 0.066 0.071 0 -0.476 0.01 0.039 0.022 0.869 -0.028 0.027

**** cluster 3 and 5
-0.769 0.05 0.119 0 0.096 0.054 0.148 0.449 0.377 0.04 0.109

**** cluster 4 and 5
-0.849 0.026 0.056 0 0.439 0.025 0.085 0.265 0.031 0.039 0.044

 empirical Separation index matrix (alpha= 0.05 )>>

-1 0.284 0.28 0.269 0.248
0.284 -1 0.288 0.27 0.326
0.28 0.288 -1 0.302 0.297
0.269 0.27 0.302 -1 0.225
0.248 0.326 0.297 0.225 -1

 empirical projection directions >>

**** cluster 1 and 2
0.689 -0.265 -0.134 -0.038 -0.077 -0.085 -0.254 -0.346 -0.464 0.015 -0.152

**** cluster 1 and 3
0.826 -0.097 -0.044 -0.057 -0.405 0.008 -0.186 -0.228 0 -0.196 -0.115

**** cluster 1 and 4
0.572 -0.109 0.19 0.1 0.046 0.005 -0.113 -0.675 0.301 -0.17 0.154

**** cluster 1 and 5
0.3 -0.241 -0.203 0.014 -0.243 -0.036 -0.336 -0.663 -0.224 -0.108 -0.368

**** cluster 2 and 3
0.082 0.103 -0.034 -0.091 -0.464 0.004 0.175 0.093 0.717 -0.27 -0.361

**** cluster 2 and 4
0.058 0.182 0.249 -0.034 0.117 0.34 0.152 -0.38 0.773 -0.075 -0.021

**** cluster 2 and 5
-0.427 0.052 -0.273 -0.048 -0.559 0.231 -0.051 -0.273 0.411 -0.205 -0.29

**** cluster 3 and 4
-0.094 0.105 -0.045 0.081 0.58 -0.01 0.042 -0.666 0.42 0.013 0.115

**** cluster 3 and 5
-0.563 0.034 -0.237 0.131 0.26 -0.029 -0.193 -0.655 -0.153 0.186 -0.131

**** cluster 4 and 5
-0.417 -0.182 -0.391 -0.085 -0.529 -0.075 -0.17 0.056 -0.52 0.04 -0.208
