
 Log information for the data set datasetJLG3v10nv3out0_3.dat >>

 alpha = 0.05 sepVal = 0.01

 Number of clusters >> 3

 cluster sizes >>
50 50 50

 Number of data points >> 150

 Number of dimensions >> 13

 Number of noisy dimensions >> 3

 noisy variables >>
7 12 13

 Number of outliers >> 0

 initial eigenvalues for each cluster >> 
 (rows correspond to clusters)
1.465 8.102 6.911 5.635 1.022 9.163 8.7 7.751 8.264 4.161
7.778 8.158 8.563 7.167 4.842 7.746 9.078 2.984 6.441 2.671
7.668 5.573 4.649 3.673 9.051 9.306 5.743 5.585 5.4 2.997

 Mean vectors and covariance matrices before rotation --- 1th cluster >>

 mean vector (mu'=Q*mu)>>
-5.165 0 0 0 0 0 0 0 0 0 1.951 2.28 1.362

 covariance matrix (Sigma'=Q*Sigma*t(Q))>>

6.931 -0.392 -0.798 -0.069 1.522 -0.557 -0.505 -1.292 -0.248 0.126 0 0 0
-0.392 8.925 -0.535 -0.47 -0.084 -0.183 -0.181 -0.597 -0.099 -0.057 0 0 0
-0.798 -0.535 6.029 -1.462 -0.141 -0.61 -0.601 -1.953 -0.326 -0.167 0 0 0
-0.069 -0.47 -1.462 5.144 0.051 -0.548 -0.535 -1.7 -0.287 -0.12 0 0 0
1.522 -0.084 -0.141 0.051 1.58 -0.127 -0.113 -0.269 -0.054 0.044 0 0 0
-0.557 -0.183 -0.61 -0.548 -0.127 10.073 -0.202 -0.674 -0.111 -0.069 0 0 0
-0.505 -0.181 -0.601 -0.535 -0.113 -0.202 9.557 -0.666 -0.11 -0.067 0 0 0
-1.292 -0.597 -1.953 -1.7 -0.269 -0.674 -0.666 6.505 -0.363 -0.204 0 0 0
-0.248 -0.099 -0.326 -0.287 -0.054 -0.111 -0.11 -0.363 9.208 -0.035 0 0 0
0.126 -0.057 -0.167 -0.12 0.044 -0.069 -0.067 -0.204 -0.035 4.658 0 0 0
0 0 0 0 0 0 0 0 0 0 17.664 -1.398 2.193
0 0 0 0 0 0 0 0 0 0 -1.398 16.73 0.835
0 0 0 0 0 0 0 0 0 0 2.193 0.835 12.027

 Mean vectors and covariance matrices before rotation --- 2th cluster >>

 mean vector (mu'=Q*mu)>>
5.165 0 0 0 0 0 0 0 0 0 1.951 2.28 1.362

 covariance matrix (Sigma'=Q*Sigma*t(Q))>>

6.17 -0.566 -0.251 -0.132 0.698 -0.173 -0.822 1.536 0.044 0.366 0 0 0
-0.566 7.969 -0.08 -0.057 0.146 -0.061 -0.255 0.37 -0.039 0.089 0 0 0
-0.251 -0.08 8.53 -0.028 0.036 -0.027 -0.103 0.114 -0.033 0.028 0 0 0
-0.132 -0.057 -0.028 7.166 0.153 -0.014 -0.101 0.29 0.056 0.068 0 0 0
0.698 0.146 0.036 0.153 5.454 0.079 0.04 0.9 0.48 0.206 0 0 0
-0.173 -0.061 -0.027 -0.014 0.079 7.728 -0.09 0.171 0.007 0.041 0 0 0
-0.822 -0.255 -0.103 -0.101 0.04 -0.09 8.767 0.244 -0.15 0.061 0 0 0
1.536 0.37 0.114 0.29 0.9 0.171 0.244 4.197 0.813 0.276 0 0 0
0.044 -0.039 -0.033 0.056 0.48 0.007 -0.15 0.813 6.713 0.189 0 0 0
0.366 0.089 0.028 0.068 0.206 0.041 0.061 0.276 0.189 2.734 0 0 0
0 0 0 0 0 0 0 0 0 0 17.664 -1.398 2.193
0 0 0 0 0 0 0 0 0 0 -1.398 16.73 0.835
0 0 0 0 0 0 0 0 0 0 2.193 0.835 12.027

 Mean vectors and covariance matrices before rotation --- 3th cluster >>

 mean vector (mu'=Q*mu)>>
0 8.946 0 0 0 0 0 0 0 0 1.951 2.28 1.362

 covariance matrix (Sigma'=Q*Sigma*t(Q))>>

6.117 0.13 0.071 0.354 -0.808 -0.827 0.116 0.155 0.597 1.801 0 0 0
0.13 5.605 0.012 0.05 -0.009 -0.015 0.032 0.039 0.134 0.235 0 0 0
0.071 0.012 4.654 0.017 0.005 0.003 0.012 0.015 0.05 0.08 0 0 0
0.354 0.05 0.017 3.74 0.042 0.033 0.052 0.061 0.205 0.305 0 0 0
-0.808 -0.009 0.005 0.042 8.767 -0.28 -0.015 -0.011 -0.017 0.249 0 0 0
-0.827 -0.015 0.003 0.033 -0.28 9.03 -0.021 -0.018 -0.041 0.205 0 0 0
0.116 0.032 0.012 0.052 -0.015 -0.021 5.776 0.039 0.135 0.243 0 0 0
0.155 0.039 0.015 0.061 -0.011 -0.018 0.039 5.631 0.161 0.284 0 0 0
0.597 0.134 0.05 0.205 -0.017 -0.041 0.135 0.161 5.957 0.957 0 0 0
1.801 0.235 0.08 0.305 0.249 0.205 0.243 0.284 0.957 4.369 0 0 0
0 0 0 0 0 0 0 0 0 0 17.664 -1.398 2.193
0 0 0 0 0 0 0 0 0 0 -1.398 16.73 0.835
0 0 0 0 0 0 0 0 0 0 2.193 0.835 12.027

 Final eigenvalues for each cluster >> 
 (rows correspond to clusters)
18.961 16.462 10.997 10.277 9.758 9.268 9.087 8.693 7.751 6.32 4.667 1.643 1.146
18.961 16.462 10.997 9.078 8.563 8.158 7.778 7.746 7.167 6.441 4.842 2.984 2.671
18.961 16.462 10.997 9.306 9.051 7.668 5.743 5.585 5.573 5.4 4.649 3.673 2.997

 *************************************************

 ********************* rotation ******************

 *************************************************


 The orthogonal matrix Q >>
0.393 0.562 0.031 0.232 0.448 0.004 0.372 0.052 0.281 0.23
0.562 -0.773 0.012 0.094 0.181 0.002 0.15 0.021 0.114 0.093
0.031 0.012 -0.999 0.005 0.01 0 0.008 0.001 0.006 0.005
0.232 0.094 0.005 -0.961 0.075 0.001 0.062 0.009 0.047 0.038
0.448 0.181 0.01 0.075 -0.856 0.001 0.12 0.017 0.091 0.074
0.004 0.002 0 0.001 0.001 -1 0.001 0 0.001 0.001
0.372 0.15 0.008 0.062 0.12 0.001 -0.901 0.014 0.075 0.061
0.052 0.021 0.001 0.009 0.017 0 0.014 -0.998 0.011 0.009
0.281 0.114 0.006 0.047 0.091 0.001 0.075 0.011 -0.943 0.047
0.23 0.093 0.005 0.038 0.074 0.001 0.061 0.009 0.047 -0.962

 Mean vectors and covariance matrices after rotation --- 1th cluster >>

 mean vector (mu'=Q*mu)>>
-0.158 -2.031 -1.454 -2.905 -2.316 -1.19 2.28 -1.92 -0.269 -1.197 -0.021 1.362 1.951

 covariance matrix (Sigma'=Q*Sigma*t(Q))>>

6.13 1.489 0.136 0.383 0.604 0.221 0 0.012 -1.799 -1.055 -0.577 0 0
1.489 6.203 -0.441 -0.908 1.708 0.465 0 -0.563 1.817 1.025 0.667 0 0
0.136 -0.441 9.16 -0.221 -0.031 0.026 0 -0.134 0.264 -0.073 0.136 0 0
0.383 -0.908 -0.221 8.627 -0.081 0.043 0 -0.264 0.65 -0.065 0.311 0 0
0.604 1.708 -0.031 -0.081 1.775 0.222 0 -0.019 0.748 0.473 0.268 0 0
0.221 0.465 0.026 0.043 0.222 4.79 0 0.046 0.328 0.137 0.135 0 0
0 0 0 0 0 0 16.73 0 0 0 0 0.835 -1.398
0.012 -0.563 -0.134 -0.264 -0.019 0.046 0 9.578 0.169 -0.22 0.125 0 0
-1.799 1.817 0.264 0.65 0.748 0.328 0 0.169 6.739 -1.137 -0.619 0 0
-1.055 1.025 -0.073 -0.065 0.473 0.137 0 -0.22 -1.137 5.528 -0.34 0 0
-0.577 0.667 0.136 0.311 0.268 0.135 0 0.125 -0.619 -0.34 10.081 0 0
0 0 0 0 0 0 0.835 0 0 0 0 12.027 2.193
0 0 0 0 0 0 -1.398 0 0 0 0 2.193 17.664

 Mean vectors and covariance matrices after rotation --- 2th cluster >>

 mean vector (mu'=Q*mu)>>
0.158 2.031 1.454 2.905 2.316 1.19 2.28 1.92 0.269 1.197 0.021 1.362 1.951

 covariance matrix (Sigma'=Q*Sigma*t(Q))>>

8.545 0.112 0.03 0.06 0.129 0.088 0 0 0.06 0.029 -0.021 0 0
0.112 7.008 -0.272 -0.505 -0.103 0.508 0 -0.297 -1.542 -0.113 0.08 0 0
0.03 -0.272 6.551 -0.222 0.162 0.138 0 -0.174 0.173 -0.021 0.056 0 0
0.06 -0.505 -0.222 7.882 -0.266 0.101 0 -0.117 -0.883 -0.095 0.04 0 0
0.129 -0.103 0.162 -0.266 4.852 0.075 0 -0.077 -0.131 -0.019 0.157 0 0
0.088 0.508 0.138 0.101 0.075 2.758 0 0.148 -0.233 0.072 0.083 0 0
0 0 0 0 0 0 16.73 0 0 0 0 0.835 -1.398
0 -0.297 -0.174 -0.117 -0.077 0.148 0 8.988 -0.567 -0.046 -0.021 0 0
0.06 -1.542 0.173 -0.883 -0.131 -0.233 0 -0.567 3.966 -0.226 0.172 0 0
0.029 -0.113 -0.021 -0.095 -0.019 0.072 0 -0.046 -0.226 7.149 0.028 0 0
-0.021 0.08 0.056 0.04 0.157 0.083 0 -0.021 0.172 0.028 7.729 0 0
0 0 0 0 0 0 0.835 0 0 0 0 12.027 2.193
0 0 0 0 0 0 -1.398 0 0 0 0 2.193 17.664

 Mean vectors and covariance matrices after rotation --- 3th cluster >>

 mean vector (mu'=Q*mu)>>
0.111 5.031 1.016 -6.915 1.619 0.832 2.28 1.343 0.188 0.837 0.015 1.362 1.951

 covariance matrix (Sigma'=Q*Sigma*t(Q))>>

4.65 -0.006 0.01 -0.015 -0.019 0.007 0 -0.009 0.005 0.003 0.03 0 0
-0.006 6.998 -0.322 0.65 -0.5 -0.782 0 0.31 -0.143 0.431 0.417 0 0
0.01 -0.322 5.549 -0.204 -0.308 0.253 0 -0.118 0.06 0.038 0.207 0 0
-0.015 0.65 -0.204 5.882 0.168 -0.78 0 0.155 -0.076 0.108 0.488 0 0
-0.019 -0.5 -0.308 0.168 8.874 -0.578 0 0.054 -0.107 0.071 0.12 0 0
0.007 -0.782 0.253 -0.78 -0.578 3.491 0 -0.453 0.132 -0.136 0.402 0 0
0 0 0 0 0 0 16.73 0 0 0 0 0.835 -1.398
-0.009 0.31 -0.118 0.155 0.054 -0.453 0 5.817 -0.042 0.065 0.311 0 0
0.005 -0.143 0.06 -0.076 -0.107 0.132 0 -0.042 5.608 0.008 0.027 0 0
0.003 0.431 0.038 0.108 0.071 -0.136 0 0.065 0.008 3.741 0.239 0 0
0.03 0.417 0.207 0.488 0.12 0.402 0 0.311 0.027 0.239 9.037 0 0
0 0 0 0 0 0 0.835 0 0 0 0 12.027 2.193
0 0 0 0 0 0 -1.398 0 0 0 0 2.193 17.664

 Final eigenvalues for each cluster >> 
 (rows correspond to clusters)
18.961 16.462 10.997 10.277 9.758 9.268 9.087 8.693 7.751 6.32 4.667 1.643 1.146
18.961 16.462 10.997 9.078 8.563 8.158 7.778 7.746 7.167 6.441 4.842 2.984 2.671
18.961 16.462 10.997 9.306 9.051 7.668 5.743 5.585 5.573 5.4 4.649 3.673 2.997

 theoretical Separation index matrix >>

-1 0.035 0.01
0.035 -1 0.01
0.01 0.01 -1

 theoretical projection directions >>

**** cluster 1 and 2
-0.055 0.306 0.227 0.441 0.703 0.257 0 0.258 0.021 0.165 -0.041 0 0

**** cluster 1 and 3
-0.075 0.663 0.25 -0.31 0.404 0.346 0 0.292 -0.065 0.144 -0.055 0 0

**** cluster 2 and 3
-0.002 0.271 -0.062 -0.937 -0.063 -0.176 0 -0.056 -0.058 -0.052 0.033 0 0

 empirical Separation index matrix (alpha= 0.05 )>>

-1 -0.028 0.093
-0.028 -1 0.065
0.093 0.065 -1

 empirical projection directions >>

**** cluster 1 and 2
-0.009 -0.246 0.137 0.897 0.096 0.17 -0.095 0.027 0.146 0.035 -0.049 0.196 0.073

**** cluster 1 and 3
0.103 -0.567 -0.251 0.227 -0.546 -0.278 -0.099 -0.19 0.313 -0.102 0.03 0.145 0.039

**** cluster 2 and 3
0.037 -0.256 -0.137 -0.244 -0.847 -0.179 -0.079 -0.207 -0.055 -0.225 -0.042 -0.002 0.04
