
 Log information for the data set datasetJMG3v10nv3out0_2.dat >>

 alpha = 0.05 sepVal = 0.21

 Number of clusters >> 3

 cluster sizes >>
50 50 50

 Number of data points >> 150

 Number of dimensions >> 13

 Number of noisy dimensions >> 3

 noisy variables >>
1 6 9

 Number of outliers >> 0

 initial eigenvalues for each cluster >> 
 (rows correspond to clusters)
2.71 9.025 5.672 4.734 7.166 9.337 2.937 7.841 5.048 9.688
1.752 5.668 2.303 7.307 1.373 7.835 4.659 3.005 2.847 6.603
2.784 6.306 8.432 3.068 7.817 2.724 1.944 7.985 2.632 6.555

 Mean vectors and covariance matrices before rotation --- 1th cluster >>

 mean vector (mu'=Q*mu)>>
-7.043 0 0 0 0 0 0 0 0 0 2.462 2.312 2.381

 covariance matrix (Sigma'=Q*Sigma*t(Q))>>

8.389 -0.928 0.61 0.67 -0.125 -1.409 0.573 -0.21 0.038 -0.703 0 0 0
-0.928 8.809 -0.864 -0.438 -1.03 -1.717 -0.116 -0.549 -0.031 -0.779 0 0 0
0.61 -0.864 5.984 -0.097 -0.579 -1.213 0.056 -0.338 -0.009 -0.563 0 0 0
0.67 -0.438 -0.097 5.287 -0.255 -0.623 0.068 -0.16 -0.001 -0.293 0 0 0
-0.125 -1.03 -0.579 -0.255 7.207 -1.428 -0.026 -0.431 -0.019 -0.654 0 0 0
-1.409 -1.717 -1.213 -0.623 -1.428 8.055 -0.174 -0.757 -0.045 -1.066 0 0 0
0.573 -0.116 0.056 0.068 -0.026 -0.174 3.335 -0.029 0.004 -0.086 0 0 0
-0.21 -0.549 -0.338 -0.16 -0.431 -0.757 -0.029 8.505 -0.012 -0.346 0 0 0
0.038 -0.031 -0.009 -0.001 -0.019 -0.045 0.004 -0.012 5.627 -0.021 0 0 0
-0.703 -0.779 -0.563 -0.293 -0.654 -1.066 -0.086 -0.346 -0.021 10.316 0 0 0
0 0 0 0 0 0 0 0 0 0 19.829 6.285 -3.202
0 0 0 0 0 0 0 0 0 0 6.285 13.986 4.555
0 0 0 0 0 0 0 0 0 0 -3.202 4.555 21.039

 Mean vectors and covariance matrices before rotation --- 2th cluster >>

 mean vector (mu'=Q*mu)>>
7.043 0 0 0 0 0 0 0 0 0 2.462 2.312 2.381

 covariance matrix (Sigma'=Q*Sigma*t(Q))>>

3.946 -0.858 0.567 -0.069 0.784 -0.533 -0.253 0.3 0.138 -1.234 0 0 0
-0.858 4.741 -0.397 -0.052 -0.208 -0.379 -0.455 -0.558 -0.197 -1.056 0 0 0
0.567 -0.397 2.425 -0.029 0.216 -0.219 -0.143 0.016 0.016 -0.533 0 0 0
-0.069 -0.052 -0.029 7.304 -0.018 -0.02 -0.027 -0.037 -0.013 -0.058 0 0 0
0.784 -0.208 0.216 -0.018 1.646 -0.144 -0.047 0.142 0.061 -0.321 0 0 0
-0.533 -0.379 -0.219 -0.02 -0.144 7.691 -0.196 -0.278 -0.1 -0.416 0 0 0
-0.253 -0.455 -0.143 -0.027 -0.047 -0.196 4.445 -0.228 -0.079 -0.532 0 0 0
0.3 -0.558 0.016 -0.037 0.142 -0.278 -0.228 2.892 -0.031 -0.706 0 0 0
0.138 -0.197 0.016 -0.013 0.061 -0.1 -0.079 -0.031 2.84 -0.252 0 0 0
-1.234 -1.056 -0.533 -0.058 -0.321 -0.416 -0.532 -0.706 -0.252 5.423 0 0 0
0 0 0 0 0 0 0 0 0 0 19.829 6.285 -3.202
0 0 0 0 0 0 0 0 0 0 6.285 13.986 4.555
0 0 0 0 0 0 0 0 0 0 -3.202 4.555 21.039

 Mean vectors and covariance matrices before rotation --- 3th cluster >>

 mean vector (mu'=Q*mu)>>
0 12.198 0 0 0 0 0 0 0 0 2.462 2.312 2.381

 covariance matrix (Sigma'=Q*Sigma*t(Q))>>

3.975 -0.631 -0.015 0.298 -1.283 0.23 0.78 -0.124 0.433 -1.139 0 0 0
-0.631 6.018 -0.005 -0.252 -0.461 -0.112 -0.147 -0.044 -0.186 -0.494 0 0 0
-0.015 -0.005 8.432 -0.006 -0.008 -0.003 -0.004 -0.001 -0.005 -0.009 0 0 0
0.298 -0.252 -0.006 3.129 -0.493 0.059 0.235 -0.047 0.115 -0.45 0 0 0
-1.283 -0.461 -0.008 -0.493 7.109 -0.229 -0.353 -0.067 -0.387 -0.784 0 0 0
0.23 -0.112 -0.003 0.059 -0.229 2.769 0.146 -0.022 0.083 -0.202 0 0 0
0.78 -0.147 -0.004 0.235 -0.353 0.146 2.342 -0.034 0.265 -0.277 0 0 0
-0.124 -0.044 -0.001 -0.047 -0.067 -0.022 -0.034 7.979 -0.037 -0.074 0 0 0
0.433 -0.186 -0.005 0.115 -0.387 0.083 0.265 -0.037 2.787 -0.338 0 0 0
-1.139 -0.494 -0.009 -0.45 -0.784 -0.202 -0.277 -0.074 -0.338 5.71 0 0 0
0 0 0 0 0 0 0 0 0 0 19.829 6.285 -3.202
0 0 0 0 0 0 0 0 0 0 6.285 13.986 4.555
0 0 0 0 0 0 0 0 0 0 -3.202 4.555 21.039

 Final eigenvalues for each cluster >> 
 (rows correspond to clusters)
23.932 23.26 10.798 10.408 10.059 8.74 7.988 7.663 6.322 5.627 5.276 3.274 3.021
23.932 23.26 7.835 7.663 7.307 6.603 5.668 4.659 3.005 2.847 2.303 1.752 1.373
23.932 23.26 8.432 7.985 7.817 7.663 6.555 6.306 3.068 2.784 2.724 2.632 1.944

 *************************************************

 ********************* rotation ******************

 *************************************************


 The orthogonal matrix Q >>
0.326 0.313 0.39 0.549 0.014 0.186 0.143 0.168 0.308 0.405
0.313 -0.926 0.092 0.13 0.003 0.044 0.034 0.04 0.073 0.096
0.39 0.092 -0.885 0.162 0.004 0.055 0.042 0.049 0.091 0.119
0.549 0.13 0.162 -0.773 0.006 0.077 0.059 0.07 0.127 0.167
0.014 0.003 0.004 0.006 -1 0.002 0.002 0.002 0.003 0.004
0.186 0.044 0.055 0.077 0.002 -0.974 0.02 0.024 0.043 0.057
0.143 0.034 0.042 0.059 0.002 0.02 -0.985 0.018 0.033 0.044
0.168 0.04 0.049 0.07 0.002 0.024 0.018 -0.979 0.039 0.051
0.308 0.073 0.091 0.127 0.003 0.043 0.033 0.039 -0.929 0.094
0.405 0.096 0.119 0.167 0.004 0.057 0.044 0.051 0.094 -0.877

 Mean vectors and covariance matrices after rotation --- 1th cluster >>

 mean vector (mu'=Q*mu)>>
2.462 -2.297 -0.099 -2.167 -1.183 2.312 -1.312 -1.004 2.381 -2.208 -2.749 -3.865 -2.849

 covariance matrix (Sigma'=Q*Sigma*t(Q))>>

19.829 0 0 0 0 6.285 0 0 -3.202 0 0 0 0
0 5.087 1.323 0.063 0.295 0 2.004 0.209 0 0.694 0.554 0.475 -0.702
0 1.323 7.238 0.325 -0.238 0 -1.184 0.13 0 -0.662 -0.143 0.356 -0.202
0 0.063 0.325 5.816 0.206 0 0.858 0.004 0 0.532 0.211 0.281 0.22
0 0.295 -0.238 0.206 8.686 0 -0.195 0.024 0 -0.125 -0.074 0.198 -0.064
6.285 0 0 0 0 13.986 0 0 4.555 0 0 0 0
0 2.004 -1.184 0.858 -0.195 0 9.079 0.192 0 -0.572 -0.08 0.954 0.117
0 0.209 0.13 0.004 0.024 0 0.192 3.295 0 0.056 0.047 0.043 -0.088
-3.202 0 0 0 0 4.555 0 0 21.039 0 0 0 0
0 0.694 -0.662 0.532 -0.125 0 -0.572 0.056 0 9.76 -0.17 0.511 -0.045
0 0.554 -0.143 0.211 -0.074 0 -0.08 0.047 0 -0.17 6.237 0.225 -0.284
0 0.475 0.356 0.281 0.198 0 0.954 0.043 0 0.511 0.225 5.691 0.065
0 -0.702 -0.202 0.22 -0.064 0 0.117 -0.088 0 -0.045 -0.284 0.065 10.624

 Mean vectors and covariance matrices after rotation --- 2th cluster >>

 mean vector (mu'=Q*mu)>>
2.462 2.297 0.099 2.167 1.183 2.312 1.312 1.004 2.381 2.208 2.749 3.865 2.849

 covariance matrix (Sigma'=Q*Sigma*t(Q))>>

19.829 0 0 0 0 6.285 0 0 -3.202 0 0 0 0
0 3.469 -0.124 0.241 0.507 0 -0.186 0.422 0 0.676 0.494 -2.203 0.397
0 -0.124 1.626 -0.148 0.03 0 -0.267 -0.137 0 -0.405 -0.05 -0.415 -0.579
0 0.241 -0.148 2.913 0.044 0 0.01 0.101 0 0.209 0.062 -0.42 0.191
0 0.507 0.03 0.044 2.952 0 -0.196 -0.114 0 -0.3 0.086 -0.196 -0.418
6.285 0 0 0 0 13.986 0 0 4.555 0 0 0 0
0 -0.186 -0.267 0.01 -0.196 0 7.798 -0.057 0 -0.066 -0.108 -0.149 -0.061
0 0.422 -0.137 0.101 -0.114 0 -0.057 4.596 0 -0.118 0.063 0.044 -0.135
-3.202 0 0 0 0 4.555 0 0 21.039 0 0 0 0
0 0.676 -0.405 0.209 -0.3 0 -0.066 -0.118 0 5.493 0.07 0.124 -0.168
0 0.494 -0.05 0.062 0.086 0 -0.108 0.063 0 0.07 2.423 -0.629 -0.032
0 -2.203 -0.415 -0.42 -0.196 0 -0.149 0.044 0 0.124 -0.629 5.619 0.026
0 0.397 -0.579 0.191 -0.418 0 -0.061 -0.135 0 -0.168 -0.032 0.026 6.463

 Mean vectors and covariance matrices after rotation --- 3th cluster >>

 mean vector (mu'=Q*mu)>>
2.462 3.824 0.04 0.887 0.484 2.312 0.537 0.411 2.381 -11.294 1.126 1.582 1.167

 covariance matrix (Sigma'=Q*Sigma*t(Q))>>

19.829 0 0 0 0 6.285 0 0 -3.202 0 0 0 0
0 4.088 1.332 0.284 -0.558 0 0.176 -0.103 0 -0.014 -1.765 0.507 0.237
0 1.332 7.164 0.218 0.26 0 0.137 -0.081 0 0.163 0.743 0.591 0.028
0 0.284 0.218 2.712 -0.16 0 0.046 0.041 0 -0.084 -0.462 0.091 -0.072
0 -0.558 0.26 -0.16 7.867 0 -0.092 -0.195 0 -0.072 -0.354 -0.207 -0.037
6.285 0 0 0 0 13.986 0 0 4.555 0 0 0 0
0 0.176 0.137 0.046 -0.092 0 2.751 0.015 0 -0.042 -0.269 0.06 -0.03
0 -0.103 -0.081 0.041 -0.195 0 0.015 2.15 0 -0.293 -0.456 -0.113 -0.403
-3.202 0 0 0 0 4.555 0 0 21.039 0 0 0 0
0 -0.014 0.163 -0.084 -0.072 0 -0.042 -0.293 0 6.303 -0.245 0.042 0.011
0 -1.765 0.743 -0.462 -0.354 0 -0.269 -0.456 0 -0.245 7.392 -0.682 -0.148
0 0.507 0.591 0.091 -0.207 0 0.06 -0.113 0 0.042 -0.682 3.283 0.169
0 0.237 0.028 -0.072 -0.037 0 -0.03 -0.403 0 0.011 -0.148 0.169 6.539

 Final eigenvalues for each cluster >> 
 (rows correspond to clusters)
23.932 23.26 10.798 10.408 10.059 8.74 7.988 7.663 6.322 5.627 5.276 3.274 3.021
23.932 23.26 7.835 7.663 7.307 6.603 5.668 4.659 3.005 2.847 2.303 1.752 1.373
23.932 23.26 8.432 7.985 7.817 7.663 6.555 6.306 3.068 2.784 2.724 2.632 1.944

 theoretical Separation index matrix >>

-1 0.214 0.21
0.214 -1 0.21
0.21 0.21 -1

 theoretical projection directions >>

**** cluster 1 and 2
0 0.419 0.059 0.328 0.147 0 0.061 0.131 0 0.157 0.482 0.589 0.258

**** cluster 1 and 3
0 0.573 -0.168 0.267 0.092 0 -0.068 0.214 0 -0.448 0.294 0.437 0.188

**** cluster 2 and 3
0 0.211 -0.056 -0.186 -0.105 0 -0.075 -0.153 0 -0.898 -0.158 -0.167 -0.131

 empirical Separation index matrix (alpha= 0.05 )>>

-1 0.307 0.273
0.307 -1 0.228
0.273 0.228 -1

 empirical projection directions >>

**** cluster 1 and 2
0.037 0.621 -0.279 0.386 -0.023 -0.079 0.018 0.169 0.122 -0.336 0.161 0.421 0.139

**** cluster 1 and 3
-0.03 0.657 0.011 0.278 0.07 -0.057 0.171 -0.033 0.032 0.247 0.172 0.562 0.212

**** cluster 2 and 3
-0.1 -0.279 0.122 0.055 0.231 0.046 -0.005 -0.08 -0.006 0.894 -0.016 0.072 0.167
