
 Log information for the data set datasetJLG2v10nv1out0_2.dat >>

 alpha = 0.05 sepVal = 0.01

 Number of clusters >> 2

 cluster sizes >>
50 50

 Number of data points >> 100

 Number of dimensions >> 11

 Number of noisy dimensions >> 1

 noisy variables >>
5

 Number of outliers >> 0

 initial eigenvalues for each cluster >> 
 (rows correspond to clusters)
5.488 6.759 5.742 7.604 8.806 3.96 5.237 2.634 4.71 5.839
5.615 8.332 5.199 6.749 6.284 6.188 3.522 3.069 1.002 9.161

 Mean vectors and covariance matrices before rotation --- 1th cluster >>

 mean vector (mu'=Q*mu)>>
-4.214 0 0 0 0 0 0 0 0 0 0

 covariance matrix (Sigma'=Q*Sigma*t(Q))>>

5.177 -0.299 -0.016 -0.948 -0.997 0.268 -0.008 1.291 0.236 -0.257 0
-0.299 6.662 -0.01 -0.262 -0.244 -0.002 -0.041 0.117 -0.07 -0.138 0
-0.016 -0.01 5.742 -0.03 -0.03 0.006 -0.001 0.033 0.003 -0.01 0
-0.948 -0.262 -0.03 6.941 -0.589 -0.072 -0.137 0.083 -0.298 -0.41 0
-0.997 -0.244 -0.03 -0.589 8.306 -0.119 -0.15 -0.1 -0.363 -0.413 0
0.268 -0.002 0.006 -0.072 -0.119 4.084 0.052 0.426 0.203 0.073 0
-0.008 -0.041 -0.001 -0.137 -0.15 0.052 5.243 0.229 0.058 -0.025 0
1.291 0.117 0.033 0.083 -0.1 0.426 0.229 3.942 0.781 0.421 0
0.236 -0.07 0.003 -0.298 -0.363 0.203 0.058 0.781 4.996 0.024 0
-0.257 -0.138 -0.01 -0.41 -0.413 0.073 -0.025 0.421 0.024 5.689 0
0 0 0 0 0 0 0 0 0 0 7.851

 Mean vectors and covariance matrices before rotation --- 2th cluster >>

 mean vector (mu'=Q*mu)>>
4.214 0 0 0 0 0 0 0 0 0 0

 covariance matrix (Sigma'=Q*Sigma*t(Q))>>

5.223 -0.8 0.053 -0.049 -0.296 -0.125 0.648 0.155 1.941 -1.613 0
-0.8 8.031 -0.217 -0.028 -0.224 -0.102 -0.065 -0.006 0.142 -0.544 0
0.053 -0.217 5.271 -0.011 -0.053 -0.02 0.251 0.058 0.671 -0.453 0
-0.049 -0.028 -0.011 6.746 -0.016 -0.007 0.006 0.002 0.036 -0.053 0
-0.296 -0.224 -0.053 -0.016 6.169 -0.051 0.093 0.025 0.376 -0.434 0
-0.125 -0.102 -0.02 -0.007 -0.051 6.166 0.047 0.012 0.18 -0.198 0
0.648 -0.065 0.251 0.006 0.093 0.047 3.896 0.08 0.77 -0.196 0
0.155 -0.006 0.058 0.002 0.025 0.012 0.08 3.086 0.158 -0.028 0
1.941 0.142 0.671 0.036 0.376 0.18 0.77 0.158 2.341 0.109 0
-1.613 -0.544 -0.453 -0.053 -0.434 -0.198 -0.196 -0.028 0.109 8.192 0
0 0 0 0 0 0 0 0 0 0 7.851

 Final eigenvalues for each cluster >> 
 (rows correspond to clusters)
8.806 7.851 7.604 6.759 5.839 5.742 5.488 5.237 4.71 3.96 2.634
9.161 8.332 7.851 6.749 6.284 6.188 5.615 5.199 3.522 3.069 1.002

 *************************************************

 ********************* rotation ******************

 *************************************************


 The orthogonal matrix Q >>
0.309 0.117 0.345 0.406 0.431 0.248 0.232 0.201 0.284 0.43
0.117 -0.99 0.031 0.036 0.038 0.022 0.021 0.018 0.025 0.038
0.345 0.031 -0.909 0.107 0.114 0.065 0.061 0.053 0.075 0.113
0.406 0.036 0.107 -0.874 0.134 0.077 0.072 0.062 0.088 0.133
0.431 0.038 0.114 0.134 -0.858 0.082 0.076 0.066 0.094 0.142
0.248 0.022 0.065 0.077 0.082 -0.953 0.044 0.038 0.054 0.081
0.232 0.021 0.061 0.072 0.076 0.044 -0.959 0.036 0.05 0.076
0.201 0.018 0.053 0.062 0.066 0.038 0.036 -0.969 0.044 0.066
0.284 0.025 0.075 0.088 0.094 0.054 0.05 0.044 -0.938 0.093
0.43 0.038 0.113 0.133 0.142 0.081 0.076 0.066 0.093 -0.859

 Mean vectors and covariance matrices after rotation --- 1th cluster >>

 mean vector (mu'=Q*mu)>>
-1.303 -0.846 -1.454 -1.812 0 -0.977 -1.043 -1.818 -1.71 -0.492 -1.197

 covariance matrix (Sigma'=Q*Sigma*t(Q))>>

5.193 -0.814 -0.315 -0.063 0 -0.051 -0.026 -0.583 -0.007 0.149 -0.09
-0.814 3.295 -0.568 -0.242 0 -0.151 -0.018 -0.731 -0.426 -0.002 0.274
-0.315 -0.568 5.583 -0.058 0 -0.066 -0.129 -0.021 0.124 0.081 -0.148
-0.063 -0.242 -0.058 5.814 0 -0.006 0.012 -0.215 -0.043 0.026 -0.042
0 0 0 0 7.851 0 0 0 0 0 0
-0.051 -0.151 -0.066 -0.006 0 5.227 -0.009 -0.092 0.015 0.035 -0.01
-0.026 -0.018 -0.129 0.012 0 -0.009 3.972 -0.139 0.014 0.057 0.077
-0.583 -0.731 -0.021 -0.215 0 -0.092 -0.139 8.577 -0.153 -0.06 -0.381
-0.007 -0.426 0.124 -0.043 0 0.015 0.014 -0.153 7.522 -0.039 -0.196
0.149 -0.002 0.081 0.026 0 0.035 0.057 -0.06 -0.039 6.741 -0.002
-0.09 0.274 -0.148 -0.042 0 -0.01 0.077 -0.381 -0.196 -0.002 4.853

 Mean vectors and covariance matrices after rotation --- 2th cluster >>

 mean vector (mu'=Q*mu)>>
1.303 0.846 1.454 1.812 0 0.977 1.043 1.818 1.71 0.492 1.197

 covariance matrix (Sigma'=Q*Sigma*t(Q))>>

5.73 0.34 0.036 -0.184 0 -0.125 -0.075 -0.103 -0.486 0.364 -0.445
0.34 3.13 0.084 0.227 0 -0.019 0.04 0.09 -0.032 0.182 -0.185
0.036 0.084 5.227 -0.126 0 0.021 -0.036 -0.052 -0.173 0.076 0.009
-0.184 0.227 -0.126 9.076 0 -0.226 0.056 0.045 0.194 -0.049 -0.401
0 0 0 0 7.851 0 0 0 0 0 0
-0.125 -0.019 0.021 -0.226 0 3.607 -0.107 -0.157 -0.339 0.064 0.16
-0.075 0.04 -0.036 0.056 0 -0.107 6.166 -0.029 -0.104 0.114 -0.281
-0.103 0.09 -0.052 0.045 0 -0.157 -0.029 6.241 -0.153 0.162 -0.405
-0.486 -0.032 -0.173 0.194 0 -0.339 -0.104 -0.153 6.427 0.28 -0.832
0.364 0.182 0.076 -0.049 0 0.064 0.114 0.162 0.28 8.235 0.172
-0.445 -0.185 0.009 -0.401 0 0.16 -0.281 -0.405 -0.832 0.172 1.282

 Final eigenvalues for each cluster >> 
 (rows correspond to clusters)
8.806 7.851 7.604 6.759 5.839 5.742 5.488 5.237 4.71 3.96 2.634
9.161 8.332 7.851 6.749 6.284 6.188 5.615 5.199 3.522 3.069 1.002

 theoretical Separation index matrix >>

-1 0.01
0.01 -1

 theoretical projection directions >>

**** cluster 1 and 2
0.323 0.345 0.302 0.261 0 0.253 0.224 0.316 0.317 0.026 0.549

 empirical Separation index matrix (alpha= 0.05 )>>

-1 0.034
0.034 -1

 empirical projection directions >>

**** cluster 1 and 2
0.431 0.288 0.189 0.376 -0.004 0.309 0.163 0.36 0.374 -0.005 0.404
