
 Log information for the data set datasetJLG5v10nv3out0_3.dat >>

 alpha = 0.05 sepVal = 0.01

 Number of clusters >> 5

 cluster sizes >>
50 50 50 50 50

 Number of data points >> 250

 Number of dimensions >> 13

 Number of noisy dimensions >> 3

 noisy variables >>
4 6 9

 Number of outliers >> 0

 initial eigenvalues for each cluster >> 
 (rows correspond to clusters)
7.281 6.766 1.965 6.088 9.724 7.274 7.524 8.231 8.955 6.021
8.06 2.748 6.302 6.18 2.485 1.008 1.34 4.572 5.169 3.073
8.548 8.356 9.736 5.925 8.267 6.38 1.381 4.103 1.018 1.639
8.61 6.108 8.555 6.931 1.63 2.567 1.519 9.175 1.253 2.956
3.239 6.384 1.058 9.517 2.357 9.398 4.055 8.812 6.291 8.571

 Mean vectors and covariance matrices before rotation --- 1th cluster >>

 mean vector (mu'=Q*mu)>>
-5.692 0 0 0 0 0 0 0 0 0 1.952 0.41 1.412

 covariance matrix (Sigma'=Q*Sigma*t(Q))>>

8.905 0.018 1.272 0.576 -0.029 -0.129 -0.112 -0.587 -0.747 0.48 0 0 0
0.018 8.701 0.054 0.034 -0.001 0.005 0 -0.013 -0.021 0.028 0 0 0
1.272 0.054 2.89 0.536 0.004 0.372 0.151 0.28 0.183 0.421 0 0 0
0.576 0.034 0.536 8.272 -0.005 0.17 0.053 -0.002 -0.097 0.358 0 0 0
-0.029 -0.001 0.004 -0.005 12.501 -0.008 -0.004 -0.011 -0.01 -0.004 0 0 0
-0.129 0.005 0.372 0.17 -0.008 9.315 -0.032 -0.17 -0.218 0.141 0 0 0
-0.112 0 0.151 0.053 -0.004 -0.032 9.652 -0.088 -0.105 0.046 0 0 0
-0.587 -0.013 0.28 -0.002 -0.011 -0.17 -0.088 10.298 -0.302 0.007 0 0 0
-0.747 -0.021 0.183 -0.097 -0.01 -0.218 -0.105 -0.302 11.213 -0.069 0 0 0
0.48 0.028 0.421 0.358 -0.004 0.141 0.046 0.007 -0.069 8.027 0 0 0
0 0 0 0 0 0 0 0 0 0 18.078 1.829 1.776
0 0 0 0 0 0 0 0 0 0 1.829 18.298 0.98
0 0 0 0 0 0 0 0 0 0 1.776 0.98 7.434

 Mean vectors and covariance matrices before rotation --- 2th cluster >>

 mean vector (mu'=Q*mu)>>
5.692 0 0 0 0 0 0 0 0 0 1.952 0.41 1.412

 covariance matrix (Sigma'=Q*Sigma*t(Q))>>

5.152 0.429 -1.737 -0.833 0.014 2.106 0.546 -0.34 -0.086 0.295 0 0 0
0.429 4.292 0.578 0.304 0.018 1.588 0.446 0.666 0.076 0.567 0 0 0
-1.737 0.578 8.153 -0.098 0.017 1.826 0.497 0.322 0.02 0.486 0 0 0
-0.833 0.304 -0.098 8.197 0.009 0.947 0.258 0.181 0.012 0.257 0 0 0
0.014 0.018 0.017 0.009 3.312 0.044 0.012 0.019 0.002 0.016 0 0 0
2.106 1.588 1.826 0.947 0.044 5.164 1.081 1.815 0.216 1.443 0 0 0
0.546 0.446 0.497 0.258 0.012 1.081 2.092 0.504 0.06 0.405 0 0 0
-0.34 0.666 0.322 0.181 0.019 1.815 0.504 6.687 0.062 0.586 0 0 0
-0.086 0.076 0.02 0.012 0.002 0.216 0.06 0.062 6.893 0.066 0 0 0
0.295 0.567 0.486 0.257 0.016 1.443 0.405 0.586 0.066 4.602 0 0 0
0 0 0 0 0 0 0 0 0 0 18.078 1.829 1.776
0 0 0 0 0 0 0 0 0 0 1.829 18.298 0.98
0 0 0 0 0 0 0 0 0 0 1.776 0.98 7.434

 Mean vectors and covariance matrices before rotation --- 3th cluster >>

 mean vector (mu'=Q*mu)>>
0 9.86 0 0 0 0 0 0 0 0 1.952 0.41 1.412

 covariance matrix (Sigma'=Q*Sigma*t(Q))>>

6.235 -0.124 -0.666 0.419 -0.439 0.286 2.209 0.537 0.571 0.385 0 0 0
-0.124 8.35 -0.038 0.03 -0.023 0.023 0.139 0.035 0.036 0.024 0 0 0
-0.666 -0.038 9.579 -0.01 -0.138 -0.05 0.287 0.052 0.075 0.049 0 0 0
0.419 0.03 -0.01 6.339 0.123 0.441 0.905 0.287 0.23 0.16 0 0 0
-0.439 -0.023 -0.138 0.123 8.187 0.098 0.535 0.136 0.138 0.093 0 0 0
0.286 0.023 -0.05 0.441 0.098 6.841 1.042 0.321 0.265 0.184 0 0 0
2.209 0.139 0.287 0.905 0.535 1.042 2.754 0.513 0.343 0.246 0 0 0
0.537 0.035 0.052 0.287 0.136 0.321 0.513 4.28 0.129 0.091 0 0 0
0.571 0.036 0.075 0.23 0.138 0.265 0.343 0.129 1.104 0.062 0 0 0
0.385 0.024 0.049 0.16 0.093 0.184 0.246 0.091 0.062 1.683 0 0 0
0 0 0 0 0 0 0 0 0 0 18.078 1.829 1.776
0 0 0 0 0 0 0 0 0 0 1.829 18.298 0.98
0 0 0 0 0 0 0 0 0 0 1.776 0.98 7.434

 Mean vectors and covariance matrices before rotation --- 4th cluster >>

 mean vector (mu'=Q*mu)>>
0 3.287 9.296 0 0 0 0 0 0 0 1.952 0.41 1.412

 covariance matrix (Sigma'=Q*Sigma*t(Q))>>

6.311 0.106 -0.751 0.012 1.655 0.641 2.235 -0.84 0.345 0.25 0 0 0
0.106 6.146 0.038 0.093 0.217 0.09 0.292 0.01 0.044 0.036 0 0 0
-0.751 0.038 8.31 0.012 0.565 0.219 0.763 -0.277 0.118 0.086 0 0 0
0.012 0.093 0.012 7.138 0.641 0.261 0.861 -0.06 0.132 0.105 0 0 0
1.655 0.217 0.565 0.641 2.481 0.369 1.135 0.403 0.171 0.153 0 0 0
0.641 0.09 0.219 0.261 0.369 2.726 0.493 0.152 0.074 0.066 0 0 0
2.235 0.292 0.763 0.861 1.135 0.493 3.035 0.545 0.228 0.204 0 0 0
-0.84 0.01 -0.277 -0.06 0.403 0.152 0.545 8.888 0.085 0.058 0 0 0
0.345 0.044 0.118 0.132 0.171 0.074 0.228 0.085 1.288 0.031 0 0 0
0.25 0.036 0.086 0.105 0.153 0.066 0.204 0.058 0.031 2.983 0 0 0
0 0 0 0 0 0 0 0 0 0 18.078 1.829 1.776
0 0 0 0 0 0 0 0 0 0 1.829 18.298 0.98
0 0 0 0 0 0 0 0 0 0 1.776 0.98 7.434

 Mean vectors and covariance matrices before rotation --- 5th cluster >>

 mean vector (mu'=Q*mu)>>
0 3.287 2.324 9 0 0 0 0 0 0 1.952 0.41 1.412

 covariance matrix (Sigma'=Q*Sigma*t(Q))>>

5.989 -0.14 1.213 -0.671 1.537 -0.136 0.678 -1.268 -0.262 -1.323 0 0 0
-0.14 6.512 0.072 -0.227 0.015 -0.047 -0.118 -0.473 -0.3 -0.514 0 0 0
1.213 0.072 1.541 -0.071 0.624 -0.014 0.389 -0.094 0.165 -0.08 0 0 0
-0.671 -0.227 -0.071 9.631 -0.223 -0.06 -0.317 -0.624 -0.484 -0.687 0 0 0
1.537 0.015 0.624 -0.223 3.297 -0.045 0.452 -0.394 0.05 -0.397 0 0 0
-0.136 -0.047 -0.014 -0.06 -0.045 9.784 -0.065 -0.129 -0.099 -0.142 0 0 0
0.678 -0.118 0.389 -0.317 0.452 -0.065 4.359 -0.623 -0.239 -0.661 0 0 0
-1.268 -0.473 -0.094 -0.624 -0.394 -0.129 -0.623 7.85 -1.005 -1.468 0 0 0
-0.262 -0.3 0.165 -0.484 0.05 -0.099 -0.239 -1.005 5.927 -1.092 0 0 0
-1.323 -0.514 -0.08 -0.687 -0.397 -0.142 -0.661 -1.468 -1.092 7.323 0 0 0
0 0 0 0 0 0 0 0 0 0 18.078 1.829 1.776
0 0 0 0 0 0 0 0 0 0 1.829 18.298 0.98
0 0 0 0 0 0 0 0 0 0 1.776 0.98 7.434

 Final eigenvalues for each cluster >> 
 (rows correspond to clusters)
20.312 16.395 12.502 11.513 10.582 9.673 9.36 9.351 8.699 7.827 7.741 7.104 2.526
20.312 16.395 10.739 8.396 8.235 7.104 6.887 6.091 4.094 3.662 3.311 1.786 1.343
20.312 16.395 9.736 8.548 8.356 8.267 7.104 6.38 5.925 4.103 1.639 1.381 1.018
20.312 16.395 9.175 8.61 8.555 7.104 6.931 6.108 2.956 2.567 1.63 1.519 1.253
20.312 16.395 9.921 9.796 9.186 8.935 7.104 6.655 6.558 4.227 3.376 2.457 1.103

 *************************************************

 ********************* rotation ******************

 *************************************************


 The orthogonal matrix Q >>
0.347 0.053 0.147 0.141 0.117 0.301 0.329 0.402 0.444 0.514
0.053 -0.998 0.006 0.006 0.005 0.012 0.013 0.016 0.017 0.02
0.147 0.006 -0.984 0.015 0.013 0.033 0.036 0.044 0.048 0.056
0.141 0.006 0.015 -0.985 0.012 0.032 0.035 0.042 0.047 0.054
0.117 0.005 0.013 0.012 -0.99 0.026 0.029 0.035 0.039 0.045
0.301 0.012 0.033 0.032 0.026 -0.933 0.074 0.09 0.099 0.115
0.329 0.013 0.036 0.035 0.029 0.074 -0.92 0.098 0.108 0.126
0.402 0.016 0.044 0.042 0.035 0.09 0.098 -0.88 0.132 0.153
0.444 0.017 0.048 0.047 0.039 0.099 0.108 0.132 -0.854 0.169
0.514 0.02 0.056 0.054 0.045 0.115 0.126 0.153 0.169 -0.804

 Mean vectors and covariance matrices after rotation --- 1th cluster >>

 mean vector (mu'=Q*mu)>>
-0.836 -2.526 -0.666 1.952 -0.3 0.41 -1.976 -0.805 1.412 -2.927 -1.712 -2.287 -1.874

 covariance matrix (Sigma'=Q*Sigma*t(Q))>>

2.569 -0.275 -0.164 0 -0.007 0 -0.181 0.275 0 -0.176 0.053 -0.114 -0.213
-0.275 11.377 -0.107 0 -0.019 0 -0.433 -0.39 0 -0.077 -0.132 -0.088 -0.057
-0.164 -0.107 12.439 0 -0.017 0 -0.373 -0.127 0 -0.169 -0.081 -0.082 -0.096
0 0 0 18.078 0 1.829 0 0 1.776 0 0 0 0
-0.007 -0.019 -0.017 0 8.699 0 0.001 -0.006 0 0.006 0.003 -0.004 -0.008
0 0 0 1.829 0 18.298 0 0 0.98 0 0 0 0
-0.181 -0.433 -0.373 0 0.001 0 9.297 -0.372 0 0.241 0.005 -0.106 -0.104
0.275 -0.39 -0.127 0 -0.006 0 -0.372 8.069 0 -0.045 -0.037 -0.246 -0.188
0 0 0 1.776 0 0.98 0 0 7.434 0 0 0 0
-0.176 -0.077 -0.169 0 0.006 0 0.241 -0.045 0 7.788 0.106 0.075 -0.047
0.053 -0.132 -0.081 0 0.003 0 0.005 -0.037 0 0.106 9.355 -0.049 -0.019
-0.114 -0.088 -0.082 0 -0.004 0 -0.106 -0.246 0 0.075 -0.049 10.549 0.003
-0.213 -0.057 -0.096 0 -0.008 0 -0.104 -0.188 0 -0.047 -0.019 0.003 9.632

 Mean vectors and covariance matrices after rotation --- 2th cluster >>

 mean vector (mu'=Q*mu)>>
0.836 2.526 0.666 1.952 0.3 0.41 1.976 0.805 1.412 2.927 1.712 2.287 1.874

 covariance matrix (Sigma'=Q*Sigma*t(Q))>>

8.368 0.324 0.137 0 0.419 0 -0.594 0.039 0 0.822 1.519 0.535 0.72
0.324 6.77 0.092 0 -0.526 0 0.203 0.094 0 -0.126 -1.418 -0.24 -0.04
0.137 0.092 3.368 0 -0.127 0 0.461 0.069 0 0.107 -0.304 0.05 0.077
0 0 0 18.078 0 1.829 0 0 1.776 0 0 0 0
0.419 -0.526 -0.127 0 4.151 0 -1.32 0.127 0 -0.137 0.996 0.098 -0.002
0 0 0 1.829 0 18.298 0 0 0.98 0 0 0 0
-0.594 0.203 0.461 0 -1.32 0 8.044 -0.374 0 0.481 -2.404 -0.655 0.736
0.039 0.094 0.069 0 0.127 0 -0.374 8.262 0 0.336 0.509 0.194 0.316
0 0 0 1.776 0 0.98 0 0 7.434 0 0 0 0
0.822 -0.126 0.107 0 -0.137 0 0.481 0.336 0 4.323 -0.483 0.192 0.253
1.519 -1.418 -0.304 0 0.996 0 -2.404 0.509 0 -0.483 3.006 0.207 -0.136
0.535 -0.24 0.05 0 0.098 0 -0.655 0.194 0 0.192 0.207 6.242 0.272
0.72 -0.04 0.077 0 -0.002 0 0.736 0.316 0 0.253 -0.136 0.272 2.011

 Mean vectors and covariance matrices after rotation --- 3th cluster >>

 mean vector (mu'=Q*mu)>>
0.057 0.171 0.045 1.952 -9.839 0.41 0.519 0.054 1.412 0.198 0.116 0.155 0.127

 covariance matrix (Sigma'=Q*Sigma*t(Q))>>

9.663 0.369 -0.095 0 -0.022 0 -0.313 -0.102 0 0.414 -0.081 0.161 0.097
0.369 2.11 0.301 0 0.098 0 2.001 -0.009 0 1.301 0.251 0.568 -0.141
-0.095 0.301 8.203 0 -0.019 0 -0.373 0.027 0 0.302 0.025 0.159 0.331
0 0 0 18.078 0 1.829 0 0 1.776 0 0 0 0
-0.022 0.098 -0.019 0 8.35 0 -0.129 -0.016 0 0.105 -0.017 0.035 0.039
0 0 0 1.829 0 18.298 0 0 0.98 0 0 0 0
-0.313 2.001 -0.373 0 -0.129 0 5.642 -0.822 0 2.266 -0.856 0.399 -0.466
-0.102 -0.009 0.027 0 -0.016 0 -0.822 6.085 0 -0.092 0.058 -0.079 0.337
0 0 0 1.776 0 0.98 0 0 7.434 0 0 0 0
0.414 1.301 0.302 0 0.105 0 2.266 -0.092 0 3.205 0.219 0.667 -0.26
-0.081 0.251 0.025 0 -0.017 0 -0.856 0.058 0 0.219 6.36 -0.011 0.198
0.161 0.568 0.159 0 0.035 0 0.399 -0.079 0 0.667 -0.011 4.251 -0.275
0.097 -0.141 0.331 0 0.039 0 -0.466 0.337 0 -0.26 0.198 -0.275 1.483

 Mean vectors and covariance matrices after rotation --- 4th cluster >>

 mean vector (mu'=Q*mu)>>
-9.128 0.507 0.134 1.952 -3.226 0.41 1.539 0.161 1.412 0.587 0.344 0.459 0.376

 covariance matrix (Sigma'=Q*Sigma*t(Q))>>

8.403 0.454 0.307 0 0.02 0 -0.351 -0.008 0 0.41 0.311 -0.147 0.572
0.454 2.472 -0.563 0 0.011 0 2.067 0.126 0 1.205 0.466 0.629 -0.225
0.307 -0.563 2.012 0 0.084 0 -1.069 0.306 0 -0.751 -0.237 -0.402 0.239
0 0 0 18.078 0 1.829 0 0 1.776 0 0 0 0
0.02 0.011 0.084 0 6.121 0 -0.218 0.037 0 -0.026 0.018 -0.083 0.109
0 0 0 1.829 0 18.298 0 0 0.98 0 0 0 0
-0.351 2.067 -1.069 0 -0.218 0 5.844 -0.601 0 1.643 0.56 -0.887 -0.531
-0.008 0.126 0.306 0 0.037 0 -0.601 7.014 0 0.035 0.126 -0.233 0.433
0 0 0 1.776 0 0.98 0 0 7.434 0 0 0 0
0.41 1.205 -0.751 0 -0.026 0 1.643 0.035 0 4.114 0.385 0.509 -0.468
0.311 0.466 -0.237 0 0.018 0 0.56 0.126 0 0.385 2.713 0.148 -0.119
-0.147 0.629 -0.402 0 -0.083 0 -0.887 -0.233 0 0.509 0.148 8.901 -0.257
0.572 -0.225 0.239 0 0.109 0 -0.531 0.433 0 -0.468 -0.119 -0.257 1.71

 Mean vectors and covariance matrices after rotation --- 5th cluster >>

 mean vector (mu'=Q*mu)>>
-2.129 0.588 0.155 1.952 -3.217 0.41 1.787 -8.813 1.412 0.682 0.399 0.533 0.437

 covariance matrix (Sigma'=Q*Sigma*t(Q))>>

1.24 -0.197 0.31 0 0.099 0 -0.291 -0.089 0 -0.405 -0.453 -0.29 0.029
-0.197 6.491 -0.463 0 -0.022 0 0.226 -0.008 0 -0.154 -0.301 -0.096 -0.097
0.31 -0.463 2.988 0 0.01 0 -0.343 -0.309 0 -0.917 -0.547 -0.753 -0.002
0 0 0 18.078 0 1.829 0 0 1.776 0 0 0 0
0.099 -0.022 0.01 0 6.57 0 0.56 -0.103 0 -0.158 0.073 -0.174 0.056
0 0 0 1.829 0 18.298 0 0 0.98 0 0 0 0
-0.291 0.226 -0.343 0 0.56 0 3.762 0.382 0 0.109 -1.577 0.387 0.202
-0.089 -0.008 -0.309 0 -0.103 0 0.382 9.877 0 -0.045 0.076 -0.066 -0.053
0 0 0 1.776 0 0.98 0 0 7.434 0 0 0 0
-0.405 -0.154 -0.917 0 -0.158 0 0.109 -0.045 0 8.741 -0.182 -0.155 -0.285
-0.453 -0.301 -0.547 0 0.073 0 -1.577 0.076 0 -0.182 9.251 -0.041 -0.402
-0.29 -0.096 -0.753 0 -0.174 0 0.387 -0.066 0 -0.155 -0.041 9.036 -0.198
0.029 -0.097 -0.002 0 0.056 0 0.202 -0.053 0 -0.285 -0.402 -0.198 4.259

 Final eigenvalues for each cluster >> 
 (rows correspond to clusters)
20.312 16.395 12.502 11.513 10.582 9.673 9.36 9.351 8.699 7.827 7.741 7.104 2.526
20.312 16.395 10.739 8.396 8.235 7.104 6.887 6.091 4.094 3.662 3.311 1.786 1.343
20.312 16.395 9.736 8.548 8.356 8.267 7.104 6.38 5.925 4.103 1.639 1.381 1.018
20.312 16.395 9.175 8.61 8.555 7.104 6.931 6.108 2.956 2.567 1.63 1.519 1.253
20.312 16.395 9.921 9.796 9.186 8.935 7.104 6.655 6.558 4.227 3.376 2.457 1.103

 theoretical Separation index matrix >>

-1 0.065 0.01 0.081 0.01
0.065 -1 0.103 0.01 0.02
0.01 0.103 -1 0.01 0.023
0.081 0.01 0.01 -1 0.071
0.01 0.02 0.023 0.071 -1

 theoretical projection directions >>

**** cluster 1 and 2
0.004 0.38 0.11 0 0.071 0 0.311 0.084 0 0.527 0.491 0.302 0.353

**** cluster 1 and 3
0.097 0.236 0.046 0 -0.789 0 0.176 0.11 0 0.332 0.163 0.217 0.29

**** cluster 1 and 4
-0.83 0.188 0.105 0 -0.2 0 0.184 0.097 0 0.272 0.173 0.137 0.242

**** cluster 1 and 5
-0.261 0.247 0.139 0 -0.282 0 0.442 -0.593 0 0.294 0.212 0.188 0.242

**** cluster 2 and 3
0.046 -0.244 -0.033 0 -0.79 0 -0.14 -0.015 0 -0.248 -0.172 -0.147 -0.425

**** cluster 2 and 4
-0.736 -0.228 -0.138 0 -0.454 0 -0.103 -0.027 0 -0.231 -0.1 -0.14 -0.294

**** cluster 2 and 5
-0.341 -0.232 -0.191 0 -0.421 0 -0.08 -0.681 0 -0.228 -0.134 -0.154 -0.229

**** cluster 3 and 4
-0.71 0.129 0.027 0 0.62 0 0.048 -0.009 0 0.099 0.037 0.026 0.284

**** cluster 3 and 5
-0.274 0.038 0.008 0 0.583 0 0.093 -0.746 0 0.031 0.036 0.03 0.121

**** cluster 4 and 5
0.857 -0.024 -0.086 0 -0.015 0 0.085 -0.497 0 -0.004 0.034 0.014 -0.026

 empirical Separation index matrix (alpha= 0.05 )>>

-1 0.104 0.088 0.112 0.135
0.104 -1 0.183 0.083 0.04
0.088 0.183 -1 0.188 0.07
0.112 0.083 0.188 -1 0.106
0.135 0.04 0.07 0.106 -1

 empirical projection directions >>

**** cluster 1 and 2
0.169 0.205 0.005 0.125 -0.493 0.066 -0.125 0.796 -0.066 -0.019 0.07 0.026 -0.085

**** cluster 1 and 3
0.413 0.317 -0.044 -0.014 0.457 0.05 -0.02 0.65 0.056 0.156 0.118 0.029 0.224

**** cluster 1 and 4
0.262 -0.261 -0.169 -0.027 0.435 0.028 -0.323 0.585 -0.124 -0.228 -0.077 -0.185 -0.302

**** cluster 1 and 5
-0.861 -0.013 -0.026 -0.011 0.13 -0.002 0.104 0.448 -0.071 -0.009 0.003 -0.073 -0.138

**** cluster 2 and 3
0.04 0.239 -0.102 -0.084 0.832 -0.119 0.192 -0.069 0.217 0.337 0.048 0.049 0.103

**** cluster 2 and 4
-0.007 -0.183 -0.081 -0.077 0.718 -0.08 -0.115 -0.022 0.052 -0.324 -0.153 -0.168 -0.508

**** cluster 2 and 5
-0.648 -0.017 0.127 -0.085 0.69 -0.103 0.189 -0.014 0.068 -0.076 -0.075 0.122 -0.048

**** cluster 3 and 4
0.079 -0.371 -0.224 0.041 -0.138 -0.051 -0.249 0.052 -0.174 -0.515 -0.436 -0.222 -0.428

**** cluster 3 and 5
-0.575 -0.387 0.033 0.068 -0.425 -0.009 0.152 -0.081 -0.147 -0.253 -0.106 -0.02 -0.454

**** cluster 4 and 5
-0.807 0.175 0.117 0.039 -0.144 0.018 0.217 0.051 -0.068 0.299 0.113 0.074 0.346
