
 Log information for the data set datasetJLG3v10nv3out0_2.dat >>

 alpha = 0.05 sepVal = 0.01

 Number of clusters >> 3

 cluster sizes >>
50 50 50

 Number of data points >> 150

 Number of dimensions >> 13

 Number of noisy dimensions >> 3

 noisy variables >>
7 8 9

 Number of outliers >> 0

 initial eigenvalues for each cluster >> 
 (rows correspond to clusters)
5.524 7.526 3.191 6.906 9.939 4.191 8.97 4.972 7.377 9.702
3.986 8.722 9.452 4.424 4.25 9.942 8.367 8.506 3.089 3.003
5.9 9.847 2.666 2.973 1.491 6.115 4.971 9.001 3.818 9.57

 Mean vectors and covariance matrices before rotation --- 1th cluster >>

 mean vector (mu'=Q*mu)>>
-5.949 0 0 0 0 0 0 0 0 0 2.089 0.258 0.406

 covariance matrix (Sigma'=Q*Sigma*t(Q))>>

12.046 -0.068 2.462 -0.298 -2.786 1.355 -0.868 0.182 -0.281 -2.233 0 0 0
-0.068 13.354 0.023 -0.038 -0.109 0.004 -0.039 -0.002 -0.022 -0.09 0 0 0
2.462 0.023 6.962 0.353 -0.287 0.848 -0.022 0.145 0.125 -0.197 0 0 0
-0.298 -0.038 0.353 11.968 -0.973 0.13 -0.336 0.002 -0.173 -0.796 0 0 0
-2.786 -0.109 -0.287 -0.973 15.632 -0.422 -0.759 -0.118 -0.506 -1.676 0 0 0
1.355 0.004 0.848 0.13 -0.422 7.966 -0.101 0.085 0.028 -0.323 0 0 0
-0.868 -0.039 -0.022 -0.336 -0.759 -0.101 15.64 -0.034 -0.179 -0.63 0 0 0
0.182 -0.002 0.145 0.002 -0.118 0.085 -0.034 8.838 -0.006 -0.094 0 0 0
-0.281 -0.022 0.125 -0.173 -0.506 0.028 -0.179 -0.006 12.995 -0.416 0 0 0
-2.233 -0.09 -0.197 -0.796 -1.676 -0.323 -0.63 -0.094 -0.416 15.824 0 0 0
0 0 0 0 0 0 0 0 0 0 32.081 -0.542 3.105
0 0 0 0 0 0 0 0 0 0 -0.542 33.456 0.679
0 0 0 0 0 0 0 0 0 0 3.105 0.679 22.564

 Mean vectors and covariance matrices before rotation --- 2th cluster >>

 mean vector (mu'=Q*mu)>>
5.949 0 0 0 0 0 0 0 0 0 2.089 0.258 0.406

 covariance matrix (Sigma'=Q*Sigma*t(Q))>>

6.17 -1.423 -1.118 0.165 0.457 -0.839 -1.081 -0.487 0.715 0.43 0 0 0
-1.423 7.707 -0.712 -0.174 -0.393 -0.503 -0.827 -0.362 -0.21 -0.117 0 0 0
-1.118 -0.712 8.956 -0.133 -0.304 -0.348 -0.582 -0.254 -0.176 -0.099 0 0 0
0.165 -0.174 -0.133 4.434 0.031 -0.099 -0.134 -0.06 0.063 0.038 0 0 0
0.457 -0.393 -0.304 0.031 4.341 -0.227 -0.301 -0.135 0.162 0.098 0 0 0
-0.839 -0.503 -0.348 -0.099 -0.227 9.697 -0.412 -0.18 -0.136 -0.077 0 0 0
-1.081 -0.827 -0.582 -0.134 -0.301 -0.412 7.695 -0.294 -0.152 -0.084 0 0 0
-0.487 -0.362 -0.254 -0.06 -0.135 -0.18 -0.294 8.377 -0.07 -0.039 0 0 0
0.715 -0.21 -0.176 0.063 0.162 -0.136 -0.152 -0.07 3.289 0.119 0 0 0
0.43 -0.117 -0.099 0.038 0.098 -0.077 -0.084 -0.039 0.119 3.074 0 0 0
0 0 0 0 0 0 0 0 0 0 32.081 -0.542 3.105
0 0 0 0 0 0 0 0 0 0 -0.542 33.456 0.679
0 0 0 0 0 0 0 0 0 0 3.105 0.679 22.564

 Mean vectors and covariance matrices before rotation --- 3th cluster >>

 mean vector (mu'=Q*mu)>>
0 10.303 0 0 0 0 0 0 0 0 2.089 0.258 0.406

 covariance matrix (Sigma'=Q*Sigma*t(Q))>>

6.018 -1.596 1.694 0.055 1.248 -0.04 0.028 -1.088 0.316 -0.941 0 0 0
-1.596 8.911 -0.093 -0.005 0.044 -0.358 -0.024 -0.729 -0.076 -0.574 0 0 0
1.694 -0.093 3.867 0.041 0.771 0.337 0.042 0.028 0.283 -0.033 0 0 0
0.055 -0.005 0.041 2.975 0.026 0.011 0.001 0 0.01 -0.002 0 0 0
1.248 0.044 0.771 0.026 1.974 0.253 0.029 0.098 0.187 0.042 0 0 0
-0.04 -0.358 0.337 0.011 0.253 6.092 0.005 -0.248 0.061 -0.212 0 0 0
0.028 -0.024 0.042 0.001 0.029 0.005 4.972 -0.015 0.009 -0.014 0 0 0
-1.088 -0.729 0.028 0 0.098 -0.248 -0.015 8.442 -0.035 -0.445 0 0 0
0.316 -0.076 0.283 0.01 0.187 0.061 0.009 -0.035 3.881 -0.04 0 0 0
-0.941 -0.574 -0.033 -0.002 0.042 -0.212 -0.014 -0.445 -0.04 9.219 0 0 0
0 0 0 0 0 0 0 0 0 0 32.081 -0.542 3.105
0 0 0 0 0 0 0 0 0 0 -0.542 33.456 0.679
0 0 0 0 0 0 0 0 0 0 3.105 0.679 22.564

 Final eigenvalues for each cluster >> 
 (rows correspond to clusters)
33.67 32.846 21.586 17.642 17.22 15.921 13.359 13.093 12.258 9.805 8.826 7.438 5.663
33.67 32.846 21.586 9.942 9.452 8.722 8.506 8.367 4.424 4.25 3.986 3.089 3.003
33.67 32.846 21.586 9.847 9.57 9.001 6.115 5.9 4.971 3.818 2.973 2.666 1.491

 *************************************************

 ********************* rotation ******************

 *************************************************


 The orthogonal matrix Q >>
0.024 0.17 0.54 0.161 0.251 0.2 0.502 0.475 0.133 0.237
0.17 -0.972 0.09 0.027 0.042 0.033 0.083 0.079 0.022 0.039
0.54 0.09 -0.716 0.085 0.132 0.105 0.264 0.25 0.07 0.125
0.161 0.027 0.085 -0.975 0.039 0.031 0.079 0.075 0.021 0.037
0.251 0.042 0.132 0.039 -0.938 0.049 0.123 0.116 0.033 0.058
0.2 0.033 0.105 0.031 0.049 -0.961 0.098 0.093 0.026 0.046
0.502 0.083 0.264 0.079 0.123 0.098 -0.754 0.233 0.065 0.116
0.475 0.079 0.25 0.075 0.116 0.093 0.233 -0.78 0.062 0.11
0.133 0.022 0.07 0.021 0.033 0.026 0.065 0.062 -0.983 0.031
0.237 0.039 0.125 0.037 0.058 0.046 0.116 0.11 0.031 -0.945

 Mean vectors and covariance matrices after rotation --- 1th cluster >>

 mean vector (mu'=Q*mu)>>
-0.956 -1.011 -2.823 -1.187 -1.494 -0.79 0.258 0.406 2.089 -0.142 -1.407 -3.21 -2.985

 covariance matrix (Sigma'=Q*Sigma*t(Q))>>

12.151 0.019 0.408 0.078 -0.354 -0.048 0 0 0 0.145 -0.297 0.586 -0.194
0.019 13.272 0.028 -0.219 0.334 -0.002 0 0 0 -0.46 0.239 -0.184 -0.311
0.408 0.028 9.644 -0.232 1.5 0.252 0 0 0 0.643 1.184 0.387 -0.03
0.078 -0.219 -0.232 7.557 -0.088 -0.047 0 0 0 0.135 -0.113 0.205 -0.792
-0.354 0.334 1.5 -0.088 17.12 -0.036 0 0 0 0.031 -0.405 1.197 0.504
-0.048 -0.002 0.252 -0.047 -0.036 13.076 0 0 0 -0.08 -0.042 0.23 -0.143
0 0 0 0 0 0 33.456 0.679 -0.542 0 0 0 0
0 0 0 0 0 0 0.679 22.564 3.105 0 0 0 0
0 0 0 0 0 0 -0.542 3.105 32.081 0 0 0 0
0.145 -0.46 0.643 0.135 0.031 -0.08 0 0 0 10.29 -0.113 1.533 -2.208
-0.297 0.239 1.184 -0.113 -0.405 -0.042 0 0 0 -0.113 16.897 0.92 0.298
0.586 -0.184 0.387 0.205 1.197 0.23 0 0 0 1.533 0.92 6.471 -0.73
-0.194 -0.311 -0.03 -0.792 0.504 -0.143 0 0 0 -2.208 0.298 -0.73 14.748

 Mean vectors and covariance matrices after rotation --- 2th cluster >>

 mean vector (mu'=Q*mu)>>
0.956 1.011 2.823 1.187 1.494 0.79 0.258 0.406 2.089 0.142 1.407 3.21 2.985

 covariance matrix (Sigma'=Q*Sigma*t(Q))>>

4.454 0.182 -0.157 -0.003 0.056 0.015 0 0 0 0.218 0.06 -0.164 -0.038
0.182 8.436 0.522 0.014 0.156 0.016 0 0 0 0.763 0.398 0.378 0.318
-0.157 0.522 7.628 -0.09 -0.305 -0.341 0 0 0 -1.327 -0.205 -0.87 -0.5
-0.003 0.014 -0.09 9.906 -0.084 -0.137 0 0 0 -0.318 0.055 -0.147 -0.07
0.056 0.156 -0.305 -0.084 4.371 0.082 0 0 0 0.501 0.123 -0.373 -0.17
0.015 0.016 -0.341 -0.137 0.082 3.196 0 0 0 0.348 0.042 -0.418 -0.274
0 0 0 0 0 0 33.456 0.679 -0.542 0 0 0 0
0 0 0 0 0 0 0.679 22.564 3.105 0 0 0 0
0 0 0 0 0 0 -0.542 3.105 32.081 0 0 0 0
0.218 0.763 -1.327 -0.318 0.501 0.348 0 0 0 6.032 0.459 -1.564 -0.703
0.06 0.398 -0.205 0.055 0.123 0.042 0 0 0 0.459 3.095 -0.17 0.033
-0.164 0.378 -0.87 -0.147 -0.373 -0.418 0 0 0 -1.564 -0.17 8.524 -0.566
-0.038 0.318 -0.5 -0.07 -0.17 -0.274 0 0 0 -0.703 0.033 -0.566 8.099

 Mean vectors and covariance matrices after rotation --- 3th cluster >>

 mean vector (mu'=Q*mu)>>
0.275 -10.012 0.812 0.341 0.43 0.227 0.258 0.406 2.089 1.752 0.405 0.923 0.859

 covariance matrix (Sigma'=Q*Sigma*t(Q))>>

3.105 0.342 0.231 0.094 0 0.031 0 0 0 0.439 0.187 0.126 0.286
0.342 9.499 0.133 -0.011 0.342 0.119 0 0 0 0.142 -0.066 0.699 0.93
0.231 0.133 8.675 -0.193 -0.219 -0.099 0 0 0 -0.927 -0.111 -0.233 0.348
0.094 -0.011 -0.193 6.097 0.097 0.022 0 0 0 -0.065 -0.093 0.178 0.112
0 0.342 -0.219 0.097 1.574 0.03 0 0 0 0.383 -0.001 0.132 -0.244
0.031 0.119 -0.099 0.022 0.03 3.827 0 0 0 0.082 -0.011 0.063 -0.026
0 0 0 0 0 0 33.456 0.679 -0.542 0 0 0 0
0 0 0 0 0 0 0.679 22.564 3.105 0 0 0 0
0 0 0 0 0 0 -0.542 3.105 32.081 0 0 0 0
0.439 0.142 -0.927 -0.065 0.383 0.082 0 0 0 5.629 -0.39 0.743 0.45
0.187 -0.066 -0.111 -0.093 -0.001 -0.011 0 0 0 -0.39 9.494 0.084 0.398
0.126 0.699 -0.233 0.178 0.132 0.063 0 0 0 0.743 0.084 2.973 -0.101
0.286 0.93 0.348 0.112 -0.244 -0.026 0 0 0 0.45 0.398 -0.101 5.478

 Final eigenvalues for each cluster >> 
 (rows correspond to clusters)
33.67 32.846 21.586 17.642 17.22 15.921 13.359 13.093 12.258 9.805 8.826 7.438 5.663
33.67 32.846 21.586 9.942 9.452 8.722 8.506 8.367 4.424 4.25 3.986 3.089 3.003
33.67 32.846 21.586 9.847 9.57 9.001 6.115 5.9 4.971 3.818 2.973 2.666 1.491

 theoretical Separation index matrix >>

-1 0.021 0.01
0.021 -1 0.01
0.01 0.01 -1

 theoretical projection directions >>

**** cluster 1 and 2
0.156 0.095 0.486 0.214 0.16 0.176 0 0 0 0.134 0.163 0.62 0.446

**** cluster 1 and 3
0.091 -0.586 0.26 0.147 0.125 0.086 0 0 0 0.102 0.065 0.64 0.333

**** cluster 2 and 3
-0.081 -0.862 -0.141 -0.072 -0.249 -0.139 0 0 0 0.247 -0.09 -0.22 -0.162

 empirical Separation index matrix (alpha= 0.05 )>>

-1 0.085 0.106
0.085 -1 0.083
0.106 0.083 -1

 empirical projection directions >>

**** cluster 1 and 2
-0.264 -0.818 -0.077 0.09 -0.308 -0.114 0.086 0.035 -0.058 0.334 0.03 -0.073 -0.097

**** cluster 1 and 3
-0.389 -0.123 -0.377 0.02 -0.211 -0.351 0.074 0.043 -0.117 0.035 -0.176 -0.556 -0.401

**** cluster 2 and 3
-0.218 0.47 -0.245 -0.219 -0.044 -0.212 -0.046 0.07 -0.031 -0.097 -0.084 -0.686 -0.286
