
 Log information for the data set datasetJLG5v5nv0out0_1.dat >>

 alpha = 0.05 sepVal = 0.01

 Number of clusters >> 5

 cluster sizes >>
50 50 50 50 50

 Number of data points >> 250

 Number of dimensions >> 5

 Number of noisy dimensions >> 0

 noisy variables >>
0

 Number of outliers >> 0

 initial eigenvalues for each cluster >> 
 (rows correspond to clusters)
5.248 6.292 4.117 4.841 1.503
7.44 1.395 8.235 1.986 8.062
3.83 3.341 4.79 2.163 5.51
9.332 7.748 4.895 2.621 7.315
8.274 9.748 6.254 2.024 7.64

 Mean vectors and covariance matrices before rotation --- 1th cluster >>

 mean vector (mu'=Q*mu)>>
-4.753 0 0 0 0

 covariance matrix (Sigma'=Q*Sigma*t(Q))>>

3.861 -1.172 0.012 -0.169 1.653
-1.172 5.536 -0.189 -0.184 0.434
0.012 -0.189 4.287 0.036 0.806
-0.169 -0.184 0.036 4.827 0.369
1.653 0.434 0.806 0.369 3.491

 Mean vectors and covariance matrices before rotation --- 2th cluster >>

 mean vector (mu'=Q*mu)>>
4.753 0 0 0 0

 covariance matrix (Sigma'=Q*Sigma*t(Q))>>

5.414 2.695 -0.013 1.197 -1.408
2.695 3.98 0.008 1.22 1
-0.013 0.008 8.576 0.004 -0.007
1.197 1.22 0.004 2.655 0.433
-1.408 1 -0.007 0.433 7.616

 Mean vectors and covariance matrices before rotation --- 3th cluster >>

 mean vector (mu'=Q*mu)>>
0 8.232 0 0 0

 covariance matrix (Sigma'=Q*Sigma*t(Q))>>

3.287 -0.127 -0.082 0.812 -0.665
-0.127 3.867 -0.023 0.477 -0.206
-0.082 -0.023 5.448 0 -0.03
0.812 0.477 0 3.682 -0.11
-0.665 -0.206 -0.03 -0.11 6.065

 Mean vectors and covariance matrices before rotation --- 4th cluster >>

 mean vector (mu'=Q*mu)>>
0 2.744 7.762 0 0

 covariance matrix (Sigma'=Q*Sigma*t(Q))>>

6.441 -0.09 1.626 1.543 0.044
-0.09 7.819 0.504 0.391 0.116
1.626 0.504 6.764 1.241 0.678
1.543 0.391 1.241 3.395 0.509
0.044 0.116 0.678 0.509 7.492

 Mean vectors and covariance matrices before rotation --- 5th cluster >>

 mean vector (mu'=Q*mu)>>
0 2.744 1.94 7.515 0

 covariance matrix (Sigma'=Q*Sigma*t(Q))>>

4.133 -0.153 -0.124 2.253 -1.56
-0.153 9.743 -0.007 0.028 -0.062
-0.124 -0.007 6.258 0.284 -0.031
2.253 0.028 0.284 6.723 1.275
-1.56 -0.062 -0.031 1.275 7.083

 Final eigenvalues for each cluster >> 
 (rows correspond to clusters)
6.292 5.248 4.841 4.117 1.504
8.576 8.396 7.748 2.068 1.453
6.272 5.452 4.359 3.803 2.463
9.332 7.748 7.315 4.895 2.621
9.748 8.274 7.64 6.254 2.024

 *************************************************

 ********************* rotation ******************

 *************************************************


 The orthogonal matrix Q >>
0.797 0.241 0.454 0.014 0.318
0.241 -0.968 0.061 0.002 0.043
0.454 0.061 -0.886 0.004 0.08
0.014 0.002 0.004 -1 0.003
0.318 0.043 0.08 0.003 -0.944

 Mean vectors and covariance matrices after rotation --- 1th cluster >>

 mean vector (mu'=Q*mu)>>
-1.513 -1.147 -3.786 -2.156 -0.069

 covariance matrix (Sigma'=Q*Sigma*t(Q))>>

2.352 0.31 -1.489 -0.052 0.379
0.31 6.003 0.62 0.214 -0.142
-1.489 0.62 4.662 -0.15 0.04
-0.052 0.214 -0.15 4.154 0.086
0.379 -0.142 0.04 0.086 4.831

 Mean vectors and covariance matrices after rotation --- 2th cluster >>

 mean vector (mu'=Q*mu)>>
1.513 1.147 3.786 2.156 0.069

 covariance matrix (Sigma'=Q*Sigma*t(Q))>>

8.231 0.397 0.443 0.22 -0.002
0.397 2.712 -1.938 -1.343 0.841
0.443 -1.938 6.71 -1.042 -1.335
0.22 -1.343 -1.042 7.974 -0.646
-0.002 0.841 -1.335 -0.646 2.614

 Mean vectors and covariance matrices after rotation --- 3th cluster >>

 mean vector (mu'=Q*mu)>>
0.352 -7.966 1.986 0.501 0.016

 covariance matrix (Sigma'=Q*Sigma*t(Q))>>

6.19 -0.134 -0.286 -0.091 -0.381
-0.134 3.905 0.033 -0.101 0.271
-0.286 0.033 3.578 -0.894 -0.732
-0.091 -0.101 -0.894 5.02 -0.397
-0.381 0.271 -0.732 -0.397 3.657

 Mean vectors and covariance matrices after rotation --- 4th cluster >>

 mean vector (mu'=Q*mu)>>
0.741 -2.182 4.182 -6.706 0.034

 covariance matrix (Sigma'=Q*Sigma*t(Q))>>

7.327 0.015 -0.26 0.028 -0.121
0.015 7.76 -0.189 0.045 -0.085
-0.26 -0.189 8.24 -1.154 -1.984
0.028 0.045 -1.154 5.246 0.325
-0.121 -0.085 -1.984 0.325 3.338

 Mean vectors and covariance matrices after rotation --- 5th cluster >>

 mean vector (mu'=Q*mu)>>
0.293 -2.522 1.651 -1.524 -7.502

 covariance matrix (Sigma'=Q*Sigma*t(Q))>>

7.718 -0.02 0.246 0.27 0.469
-0.02 9.442 -1.261 -0.404 -0.603
0.246 -1.261 4.304 -0.955 -2.377
0.27 -0.404 -0.955 5.828 -0.891
0.469 -0.603 -2.377 -0.891 6.649

 Final eigenvalues for each cluster >> 
 (rows correspond to clusters)
6.292 5.248 4.841 4.117 1.504
8.576 8.396 7.748 2.068 1.453
6.272 5.452 4.359 3.803 2.463
9.332 7.748 7.315 4.895 2.621
9.748 8.274 7.64 6.254 2.024

 theoretical Separation index matrix >>

-1 0.069 0.119 0.018 0.01
0.069 -1 0.199 0.01 0.184
0.119 0.199 -1 0.01 0.055
0.018 0.01 0.01 -1 0.073
0.01 0.184 0.055 0.073 -1

 theoretical projection directions >>

**** cluster 1 and 2
0.302 0.377 0.747 0.439 0.129

**** cluster 1 and 3
0.323 -0.57 0.684 0.309 0.083

**** cluster 1 and 4
0.451 -0.117 0.756 -0.437 0.143

**** cluster 1 and 5
0.4 -0.133 0.603 0.082 -0.672

**** cluster 2 and 3
-0.006 -0.922 -0.315 -0.222 0.029

**** cluster 2 and 4
-0.026 -0.51 -0.189 -0.833 -0.095

**** cluster 2 and 5
0.018 -0.348 -0.498 -0.34 -0.717

**** cluster 3 and 4
0.04 0.59 0.094 -0.801 0.01

**** cluster 3 and 5
-0.003 0.331 -0.367 -0.308 -0.813

**** cluster 4 and 5
-0.018 -0.075 -0.411 0.294 -0.859

 empirical Separation index matrix (alpha= 0.05 )>>

-1 -0.03 0.194 0.076 0.092
-0.03 -1 0.117 0.087 0.133
0.194 0.117 -1 0.128 0.238
0.076 0.087 0.128 -1 0.057
0.092 0.133 0.238 0.057 -1

 empirical projection directions >>

**** cluster 1 and 2
-0.525 0.045 -0.631 0.027 0.569

**** cluster 1 and 3
-0.01 0.257 0.504 0.339 0.751

**** cluster 1 and 4
0.03 0.137 0.447 -0.311 0.827

**** cluster 1 and 5
0.071 -0.206 0.381 0.314 0.842

**** cluster 2 and 3
0.184 0.331 0.805 0.405 0.209

**** cluster 2 and 4
0.456 0.006 0.654 -0.594 0.109

**** cluster 2 and 5
0.4 -0.504 0.714 0.192 0.199

**** cluster 3 and 4
-0.044 -0.519 -0.211 -0.773 -0.295

**** cluster 3 and 5
0.069 -0.917 -0.296 -0.252 -0.065

**** cluster 4 and 5
-0.153 -0.565 -0.113 0.799 0.078
