
 Log information for the data set datasetJLG3v5nv0out0_1.dat >>

 alpha = 0.05 sepVal = 0.01

 Number of clusters >> 3

 cluster sizes >>
50 50 50

 Number of data points >> 150

 Number of dimensions >> 5

 Number of noisy dimensions >> 0

 noisy variables >>
0

 Number of outliers >> 0

 initial eigenvalues for each cluster >> 
 (rows correspond to clusters)
2.473 4.163 6.973 9.155 1.679
4.568 9.161 9.718 7.353 8.758
9.392 8.479 1.511 7.906 5.971

 Mean vectors and covariance matrices before rotation --- 1th cluster >>

 mean vector (mu'=Q*mu)>>
-5.595 0 0 0 0

 covariance matrix (Sigma'=Q*Sigma*t(Q))>>

8.158 0.187 -1.774 -3.367 2.744
0.187 6.227 -0.471 -0.694 0.189
-1.774 -0.471 8.072 -3.032 -0.517
-3.367 -0.694 -3.032 10.233 -1.273
2.744 0.189 -0.517 -1.273 4.12

 Mean vectors and covariance matrices before rotation --- 2th cluster >>

 mean vector (mu'=Q*mu)>>
5.595 0 0 0 0

 covariance matrix (Sigma'=Q*Sigma*t(Q))>>

9.301 -0.012 -0.369 0.256 0.133
-0.012 7.172 -2.145 -0.259 -0.937
-0.369 -2.145 7.431 -0.299 -1.021
0.256 -0.259 -0.299 7.334 -0.115
0.133 -0.937 -1.021 -0.115 8.321

 Mean vectors and covariance matrices before rotation --- 3th cluster >>

 mean vector (mu'=Q*mu)>>
0 9.69 0 0 0

 covariance matrix (Sigma'=Q*Sigma*t(Q))>>

6.601 -0.488 2.611 -0.108 0.806
-0.488 8.466 1.013 0.043 0.435
2.611 1.013 3.315 0.575 1.488
-0.108 0.043 0.575 7.955 0.281
0.806 0.435 1.488 0.281 6.922

 Final eigenvalues for each cluster >> 
 (rows correspond to clusters)
13.787 10.501 6.269 3.724 2.529
9.718 9.161 8.758 7.353 4.568
9.392 8.479 7.906 5.971 1.511

 *************************************************

 ********************* rotation ******************

 *************************************************


 The orthogonal matrix Q >>
0.137 0.594 0.142 0.666 0.407
0.594 -0.69 0.074 0.347 0.212
0.142 0.074 -0.982 0.083 0.051
0.666 0.347 0.083 -0.61 0.238
0.407 0.212 0.051 0.238 -0.854

 Mean vectors and covariance matrices after rotation --- 1th cluster >>

 mean vector (mu'=Q*mu)>>
-2.276 -3.321 -0.792 -3.724 -0.768

 covariance matrix (Sigma'=Q*Sigma*t(Q))>>

2.979 -0.629 0.793 -1.385 0.679
-0.629 6.267 1.735 0.526 -0.463
0.793 1.735 9.122 -0.278 2.279
-1.385 0.526 -0.278 12.92 -1.843
0.679 -0.463 2.279 -1.843 5.523

 Mean vectors and covariance matrices after rotation --- 2th cluster >>

 mean vector (mu'=Q*mu)>>
2.276 3.321 0.792 3.724 0.768

 covariance matrix (Sigma'=Q*Sigma*t(Q))>>

8.708 -0.142 -0.093 0.371 0.133
-0.142 8.665 -0.712 0.823 0.627
-0.093 -0.712 8.029 1.167 1.847
0.371 0.823 1.167 7.885 -0.159
0.133 0.627 1.847 -0.159 6.271

 Mean vectors and covariance matrices after rotation --- 3th cluster >>

 mean vector (mu'=Q*mu)>>
2.058 -6.688 0.716 3.367 5.752

 covariance matrix (Sigma'=Q*Sigma*t(Q))>>

6.068 -0.244 -0.061 -0.476 0.004
-0.244 8.304 -1.051 -0.134 -0.074
-0.061 -1.051 2.34 -1.737 -1.169
-0.476 -0.134 -1.737 7.763 0.366
0.004 -0.074 -1.169 0.366 8.784

 Final eigenvalues for each cluster >> 
 (rows correspond to clusters)
13.787 10.501 6.269 3.724 2.529
9.718 9.161 8.758 7.353 4.568
9.392 8.479 7.906 5.971 1.511

 theoretical Separation index matrix >>

-1 0.01 0.045
0.01 -1 0.01
0.045 0.01 -1

 theoretical projection directions >>

**** cluster 1 and 2
0.624 0.582 -0.031 0.47 0.223

**** cluster 1 and 3
0.6 -0.239 0.153 0.513 0.545

**** cluster 2 and 3
-0.049 -0.844 -0.188 -0.004 0.5

 empirical Separation index matrix (alpha= 0.05 )>>

-1 0.048 0.115
0.048 -1 0.012
0.115 0.012 -1

 empirical projection directions >>

**** cluster 1 and 2
-0.782 -0.438 0.151 -0.368 -0.198

**** cluster 1 and 3
-0.179 -0.797 -0.426 0.092 0.379

**** cluster 2 and 3
0.742 -0.216 -0.091 0.521 0.35
