
 Log information for the data set datasetJLG5v5nv10out0_3.dat >>

 alpha = 0.05 sepVal = 0.01

 Number of clusters >> 5

 cluster sizes >>
50 50 50 50 50

 Number of data points >> 250

 Number of dimensions >> 15

 Number of noisy dimensions >> 10

 noisy variables >>
1 2 4 5 6 9 11 12 13 15

 Number of outliers >> 0

 initial eigenvalues for each cluster >> 
 (rows correspond to clusters)
3.291 4.811 9.338 9.052 1.121
4.658 3.603 3.714 7.547 1.938
9.505 5.024 5.058 2.356 8.514
5.753 4.747 5.683 7.462 6.013
7.233 5.784 8.582 2.515 9.125

 Mean vectors and covariance matrices before rotation --- 1th cluster >>

 mean vector (mu'=Q*mu)>>
-4.641 0 0 0 0 0.743 0.282 0.26 0.549 0.336 0.335 1.874 2.578 0.11 2.204

 covariance matrix (Sigma'=Q*Sigma*t(Q))>>

6.324 0.333 -2.496 -1.374 2.626 0 0 0 0 0 0 0 0 0 0
0.333 5.095 -1.382 -0.778 0.68 0 0 0 0 0 0 0 0 0 0
-2.496 -1.382 6.859 -1.934 -0.528 0 0 0 0 0 0 0 0 0 0
-1.374 -0.778 -1.934 8.78 -0.26 0 0 0 0 0 0 0 0 0 0
2.626 0.68 -0.528 -0.26 3.13 0 0 0 0 0 0 0 0 0 0
0 0 0 0 0 12.483 1.309 -0.8 0.337 0.026 0.535 0.014 0.17 0.546 -0.203
0 0 0 0 0 1.309 11.209 0.249 0.225 0.017 0.294 0.009 0.239 0.739 0.279
0 0 0 0 0 -0.8 0.249 14.366 0.072 0.005 0.13 0.003 0.006 0.026 -0.144
0 0 0 0 0 0.337 0.225 0.072 9.431 0.004 0.063 0.002 0.055 0.171 0.071
0 0 0 0 0 0.026 0.017 0.005 0.004 9.449 0.005 0 0.004 0.013 0.005
0 0 0 0 0 0.535 0.294 0.13 0.063 0.005 7.595 0.003 0.077 0.237 0.11
0 0 0 0 0 0.014 0.009 0.003 0.002 0 0.003 9.228 0.002 0.007 0.003
0 0 0 0 0 0.17 0.239 0.006 0.055 0.004 0.077 0.002 11.842 0.156 0.04
0 0 0 0 0 0.546 0.739 0.026 0.171 0.013 0.237 0.007 0.156 12.22 0.126
0 0 0 0 0 -0.203 0.279 -0.144 0.071 0.005 0.11 0.003 0.04 0.126 13.551

 Mean vectors and covariance matrices before rotation --- 2th cluster >>

 mean vector (mu'=Q*mu)>>
4.641 0 0 0 0 0.743 0.282 0.26 0.549 0.336 0.335 1.874 2.578 0.11 2.204

 covariance matrix (Sigma'=Q*Sigma*t(Q))>>

4.865 0.458 0.416 -0.652 0.018 0 0 0 0 0 0 0 0 0 0
0.458 4.501 0.33 -0.134 0.008 0 0 0 0 0 0 0 0 0 0
0.416 0.33 4.624 -0.149 0.008 0 0 0 0 0 0 0 0 0 0
-0.652 -0.134 -0.149 8.598 0 0 0 0 0 0 0 0 0 0 0
0.018 0.008 0.008 0 2.242 0 0 0 0 0 0 0 0 0 0
0 0 0 0 0 12.483 1.309 -0.8 0.337 0.026 0.535 0.014 0.17 0.546 -0.203
0 0 0 0 0 1.309 11.209 0.249 0.225 0.017 0.294 0.009 0.239 0.739 0.279
0 0 0 0 0 -0.8 0.249 14.366 0.072 0.005 0.13 0.003 0.006 0.026 -0.144
0 0 0 0 0 0.337 0.225 0.072 9.431 0.004 0.063 0.002 0.055 0.171 0.071
0 0 0 0 0 0.026 0.017 0.005 0.004 9.449 0.005 0 0.004 0.013 0.005
0 0 0 0 0 0.535 0.294 0.13 0.063 0.005 7.595 0.003 0.077 0.237 0.11
0 0 0 0 0 0.014 0.009 0.003 0.002 0 0.003 9.228 0.002 0.007 0.003
0 0 0 0 0 0.17 0.239 0.006 0.055 0.004 0.077 0.002 11.842 0.156 0.04
0 0 0 0 0 0.546 0.739 0.026 0.171 0.013 0.237 0.007 0.156 12.22 0.126
0 0 0 0 0 -0.203 0.279 -0.144 0.071 0.005 0.11 0.003 0.04 0.126 13.551

 Mean vectors and covariance matrices before rotation --- 3th cluster >>

 mean vector (mu'=Q*mu)>>
0 8.038 0 0 0 0.743 0.282 0.26 0.549 0.336 0.335 1.874 2.578 0.11 2.204

 covariance matrix (Sigma'=Q*Sigma*t(Q))>>

8.505 0.234 1.729 0.455 0.127 0 0 0 0 0 0 0 0 0 0
0.234 5.04 0.119 0.025 0.045 0 0 0 0 0 0 0 0 0 0
1.729 0.119 5.944 0.183 0.331 0 0 0 0 0 0 0 0 0 0
0.455 0.025 0.183 2.391 0.08 0 0 0 0 0 0 0 0 0 0
0.127 0.045 0.331 0.08 8.576 0 0 0 0 0 0 0 0 0 0
0 0 0 0 0 12.483 1.309 -0.8 0.337 0.026 0.535 0.014 0.17 0.546 -0.203
0 0 0 0 0 1.309 11.209 0.249 0.225 0.017 0.294 0.009 0.239 0.739 0.279
0 0 0 0 0 -0.8 0.249 14.366 0.072 0.005 0.13 0.003 0.006 0.026 -0.144
0 0 0 0 0 0.337 0.225 0.072 9.431 0.004 0.063 0.002 0.055 0.171 0.071
0 0 0 0 0 0.026 0.017 0.005 0.004 9.449 0.005 0 0.004 0.013 0.005
0 0 0 0 0 0.535 0.294 0.13 0.063 0.005 7.595 0.003 0.077 0.237 0.11
0 0 0 0 0 0.014 0.009 0.003 0.002 0 0.003 9.228 0.002 0.007 0.003
0 0 0 0 0 0.17 0.239 0.006 0.055 0.004 0.077 0.002 11.842 0.156 0.04
0 0 0 0 0 0.546 0.739 0.026 0.171 0.013 0.237 0.007 0.156 12.22 0.126
0 0 0 0 0 -0.203 0.279 -0.144 0.071 0.005 0.11 0.003 0.04 0.126 13.551

 Mean vectors and covariance matrices before rotation --- 4th cluster >>

 mean vector (mu'=Q*mu)>>
0 2.679 7.579 0 0 0.743 0.282 0.26 0.549 0.336 0.335 1.874 2.578 0.11 2.204

 covariance matrix (Sigma'=Q*Sigma*t(Q))>>

6.354 0.555 0.15 -0.74 0.15 0 0 0 0 0 0 0 0 0 0
0.555 5.031 0.127 -0.038 0.237 0 0 0 0 0 0 0 0 0 0
0.15 0.127 5.72 -0.153 0.042 0 0 0 0 0 0 0 0 0 0
-0.74 -0.038 -0.153 6.546 -0.464 0 0 0 0 0 0 0 0 0 0
0.15 0.237 0.042 -0.464 6.007 0 0 0 0 0 0 0 0 0 0
0 0 0 0 0 12.483 1.309 -0.8 0.337 0.026 0.535 0.014 0.17 0.546 -0.203
0 0 0 0 0 1.309 11.209 0.249 0.225 0.017 0.294 0.009 0.239 0.739 0.279
0 0 0 0 0 -0.8 0.249 14.366 0.072 0.005 0.13 0.003 0.006 0.026 -0.144
0 0 0 0 0 0.337 0.225 0.072 9.431 0.004 0.063 0.002 0.055 0.171 0.071
0 0 0 0 0 0.026 0.017 0.005 0.004 9.449 0.005 0 0.004 0.013 0.005
0 0 0 0 0 0.535 0.294 0.13 0.063 0.005 7.595 0.003 0.077 0.237 0.11
0 0 0 0 0 0.014 0.009 0.003 0.002 0 0.003 9.228 0.002 0.007 0.003
0 0 0 0 0 0.17 0.239 0.006 0.055 0.004 0.077 0.002 11.842 0.156 0.04
0 0 0 0 0 0.546 0.739 0.026 0.171 0.013 0.237 0.007 0.156 12.22 0.126
0 0 0 0 0 -0.203 0.279 -0.144 0.071 0.005 0.11 0.003 0.04 0.126 13.551

 Mean vectors and covariance matrices before rotation --- 5th cluster >>

 mean vector (mu'=Q*mu)>>
0 2.679 1.895 7.338 0 0.743 0.282 0.26 0.549 0.336 0.335 1.874 2.578 0.11 2.204

 covariance matrix (Sigma'=Q*Sigma*t(Q))>>

7.532 0.417 -0.838 1.457 -0.375 0 0 0 0 0 0 0 0 0 0
0.417 5.915 0.036 0.315 -0.009 0 0 0 0 0 0 0 0 0 0
-0.838 0.036 7.711 0.506 -0.322 0 0 0 0 0 0 0 0 0 0
1.457 0.315 0.506 3.072 0.13 0 0 0 0 0 0 0 0 0 0
-0.375 -0.009 -0.322 0.13 9.009 0 0 0 0 0 0 0 0 0 0
0 0 0 0 0 12.483 1.309 -0.8 0.337 0.026 0.535 0.014 0.17 0.546 -0.203
0 0 0 0 0 1.309 11.209 0.249 0.225 0.017 0.294 0.009 0.239 0.739 0.279
0 0 0 0 0 -0.8 0.249 14.366 0.072 0.005 0.13 0.003 0.006 0.026 -0.144
0 0 0 0 0 0.337 0.225 0.072 9.431 0.004 0.063 0.002 0.055 0.171 0.071
0 0 0 0 0 0.026 0.017 0.005 0.004 9.449 0.005 0 0.004 0.013 0.005
0 0 0 0 0 0.535 0.294 0.13 0.063 0.005 7.595 0.003 0.077 0.237 0.11
0 0 0 0 0 0.014 0.009 0.003 0.002 0 0.003 9.228 0.002 0.007 0.003
0 0 0 0 0 0.17 0.239 0.006 0.055 0.004 0.077 0.002 11.842 0.156 0.04
0 0 0 0 0 0.546 0.739 0.026 0.171 0.013 0.237 0.007 0.156 12.22 0.126
0 0 0 0 0 -0.203 0.279 -0.144 0.071 0.005 0.11 0.003 0.04 0.126 13.551

 Final eigenvalues for each cluster >> 
 (rows correspond to clusters)
14.728 13.761 13.581 11.792 11.736 10.209 10.201 9.896 9.448 9.382 9.228 7.517 5.26 3.598 1.225
14.728 13.761 13.581 11.792 11.736 10.201 9.448 9.382 9.228 8.732 7.517 5.39 4.297 4.169 2.242
14.728 13.761 13.581 11.792 11.736 10.201 9.505 9.448 9.382 9.228 8.514 7.517 5.058 5.024 2.356
14.728 13.761 13.581 11.792 11.736 10.201 9.448 9.382 9.228 7.517 7.462 6.013 5.753 5.683 4.747
14.728 13.761 13.581 11.792 11.736 10.201 9.448 9.382 9.228 9.125 8.582 7.517 7.233 5.784 2.515

 *************************************************

 ********************* rotation ******************

 *************************************************


 The orthogonal matrix Q >>
0.58 0.535 0.423 0.111 0.432
0.535 -0.819 0.143 0.037 0.146
0.423 0.143 -0.887 0.03 0.116
0.111 0.037 0.03 -0.992 0.03
0.432 0.146 0.116 0.03 -0.882

 Mean vectors and covariance matrices after rotation --- 1th cluster >>

 mean vector (mu'=Q*mu)>>
2.204 1.874 -0.514 0.11 0.743 0.549 -1.963 -2.484 0.335 -2.003 0.336 2.578 0.26 -2.691 0.282

 covariance matrix (Sigma'=Q*Sigma*t(Q))>>

13.551 0.003 0 0.126 -0.203 0.071 0 0 0.11 0 0.005 0.04 -0.144 0 0.279
0.003 9.228 0 0.007 0.014 0.002 0 0 0.003 0 0 0.002 0.003 0 0.009
0 0 9.229 0 0 0 -0.747 0.326 0 0.4 0 0 0 1.774 0
0.126 0.007 0 12.22 0.546 0.171 0 0 0.237 0 0.013 0.156 0.026 0 0.739
-0.203 0.014 0 0.546 12.483 0.337 0 0 0.535 0 0.026 0.17 -0.8 0 1.309
0.071 0.002 0 0.171 0.337 9.431 0 0 0.063 0 0.004 0.055 0.072 0 0.225
0 0 -0.747 0 0 0 9.389 0.296 0 -0.056 0 0 0 2.028 0
0 0 0.326 0 0 0 0.296 5.291 0 -0.278 0 0 0 0.368 0
0.11 0.003 0 0.237 0.535 0.063 0 0 7.595 0 0.005 0.077 0.13 0 0.294
0 0 0.4 0 0 0 -0.056 -0.278 0 1.459 0 0 0 -0.638 0
0.005 0 0 0.013 0.026 0.004 0 0 0.005 0 9.449 0.004 0.005 0 0.017
0.04 0.002 0 0.156 0.17 0.055 0 0 0.077 0 0.004 11.842 0.006 0 0.239
-0.144 0.003 0 0.026 -0.8 0.072 0 0 0.13 0 0.005 0.006 14.366 0 0.249
0 0 1.774 0 0 0 2.028 0.368 0 -0.638 0 0 0 4.821 0
0.279 0.009 0 0.739 1.309 0.225 0 0 0.294 0 0.017 0.239 0.249 0 11.209

 Mean vectors and covariance matrices after rotation --- 2th cluster >>

 mean vector (mu'=Q*mu)>>
2.204 1.874 0.514 0.11 0.743 0.549 1.963 2.484 0.335 2.003 0.336 2.578 0.26 2.691 0.282

 covariance matrix (Sigma'=Q*Sigma*t(Q))>>

13.551 0.003 0 0.126 -0.203 0.071 0 0 0.11 0 0.005 0.04 -0.144 0 0.279
0.003 9.228 0 0.007 0.014 0.002 0 0 0.003 0 0 0.002 0.003 0 0.009
0 0 8.706 0 0 0 0.014 0.09 0 0.294 0 0 0 0.121 0
0.126 0.007 0 12.22 0.546 0.171 0 0 0.237 0 0.013 0.156 0.026 0 0.739
-0.203 0.014 0 0.546 12.483 0.337 0 0 0.535 0 0.026 0.17 -0.8 0 1.309
0.071 0.002 0 0.171 0.337 9.431 0 0 0.063 0 0.004 0.055 0.072 0 0.225
0 0 0.014 0 0 0 4.287 -0.029 0 0.153 0 0 0 -0.221 0
0 0 0.09 0 0 0 -0.029 4.132 0 0.261 0 0 0 -0.095 0
0.11 0.003 0 0.237 0.535 0.063 0 0 7.595 0 0.005 0.077 0.13 0 0.294
0 0 0.294 0 0 0 0.153 0.261 0 2.89 0 0 0 1.198 0
0.005 0 0 0.013 0.026 0.004 0 0 0.005 0 9.449 0.004 0.005 0 0.017
0.04 0.002 0 0.156 0.17 0.055 0 0 0.077 0 0.004 11.842 0.006 0 0.239
-0.144 0.003 0 0.026 -0.8 0.072 0 0 0.13 0 0.005 0.006 14.366 0 0.249
0 0 0.121 0 0 0 -0.221 -0.095 0 1.198 0 0 0 4.816 0
0.279 0.009 0 0.739 1.309 0.225 0 0 0.294 0 0.017 0.239 0.249 0 11.209

 Mean vectors and covariance matrices after rotation --- 3th cluster >>

 mean vector (mu'=Q*mu)>>
2.204 1.874 0.301 0.11 0.743 0.549 1.152 -6.581 0.335 1.175 0.336 2.578 0.26 4.302 0.282

 covariance matrix (Sigma'=Q*Sigma*t(Q))>>

13.551 0.003 0 0.126 -0.203 0.071 0 0 0.11 0 0.005 0.04 -0.144 0 0.279
0.003 9.228 0 0.007 0.014 0.002 0 0 0.003 0 0 0.002 0.003 0 0.009
0 0 2.376 0 0 0 0.039 0.108 0 0.039 0 0 0 0.343 0
0.126 0.007 0 12.22 0.546 0.171 0 0 0.237 0 0.013 0.156 0.026 0 0.739
-0.203 0.014 0 0.546 12.483 0.337 0 0 0.535 0 0.026 0.17 -0.8 0 1.309
0.071 0.002 0 0.171 0.337 9.431 0 0 0.063 0 0.004 0.055 0.072 0 0.225
0 0 0.039 0 0 0 5.065 0.021 0 -0.162 0 0 0 0.064 0
0 0 0.108 0 0 0 0.021 6.198 0 0.456 0 0 0 1.913 0
0.11 0.003 0 0.237 0.535 0.063 0 0 7.595 0 0.005 0.077 0.13 0 0.294
0 0 0.039 0 0 0 -0.162 0.456 0 8.486 0 0 0 -0.062 0
0.005 0 0 0.013 0.026 0.004 0 0 0.005 0 9.449 0.004 0.005 0 0.017
0.04 0.002 0 0.156 0.17 0.055 0 0 0.077 0 0.004 11.842 0.006 0 0.239
-0.144 0.003 0 0.026 -0.8 0.072 0 0 0.13 0 0.005 0.006 14.366 0 0.249
0 0 0.343 0 0 0 0.064 1.913 0 -0.062 0 0 0 8.331 0
0.279 0.009 0 0.739 1.309 0.225 0 0 0.294 0 0.017 0.239 0.249 0 11.209

 Mean vectors and covariance matrices after rotation --- 4th cluster >>

 mean vector (mu'=Q*mu)>>
2.204 1.874 0.325 0.11 0.743 0.549 -6.337 -1.108 0.335 1.267 0.336 2.578 0.26 4.639 0.282

 covariance matrix (Sigma'=Q*Sigma*t(Q))>>

13.551 0.003 0 0.126 -0.203 0.071 0 0 0.11 0 0.005 0.04 -0.144 0 0.279
0.003 9.228 0 0.007 0.014 0.002 0 0 0.003 0 0 0.002 0.003 0 0.009
0 0 6.75 0 0 0 0.241 0.441 0 -0.073 0 0 0 0.714 0
0.126 0.007 0 12.22 0.546 0.171 0 0 0.237 0 0.013 0.156 0.026 0 0.739
-0.203 0.014 0 0.546 12.483 0.337 0 0 0.535 0 0.026 0.17 -0.8 0 1.309
0.071 0.002 0 0.171 0.337 9.431 0 0 0.063 0 0.004 0.055 0.072 0 0.225
0 0 0.241 0 0 0 5.746 0.087 0 0.031 0 0 0 0.194 0
0 0 0.441 0 0 0 0.087 4.888 0 0.149 0 0 0 0.338 0
0.11 0.003 0 0.237 0.535 0.063 0 0 7.595 0 0.005 0.077 0.13 0 0.294
0 0 -0.073 0 0 0 0.031 0.149 0 5.957 0 0 0 0.053 0
0.005 0 0 0.013 0.026 0.004 0 0 0.005 0 9.449 0.004 0.005 0 0.017
0.04 0.002 0 0.156 0.17 0.055 0 0 0.077 0 0.004 11.842 0.006 0 0.239
-0.144 0.003 0 0.026 -0.8 0.072 0 0 0.13 0 0.005 0.006 14.366 0 0.249
0 0 0.714 0 0 0 0.194 0.338 0 0.053 0 0 0 6.316 0
0.279 0.009 0 0.739 1.309 0.225 0 0 0.294 0 0.017 0.239 0.249 0 11.209

 Mean vectors and covariance matrices after rotation --- 5th cluster >>

 mean vector (mu'=Q*mu)>>
2.204 1.874 -7.125 0.11 0.743 0.549 -1.079 -1.647 0.335 0.833 0.336 2.578 0.26 3.047 0.282

 covariance matrix (Sigma'=Q*Sigma*t(Q))>>

13.551 0.003 0 0.126 -0.203 0.071 0 0 0.11 0 0.005 0.04 -0.144 0 0.279
0.003 9.228 0 0.007 0.014 0.002 0 0 0.003 0 0 0.002 0.003 0 0.009
0 0 2.754 0 0 0 -0.016 -0.45 0 -0.49 0 0 0 -0.825 0
0.126 0.007 0 12.22 0.546 0.171 0 0 0.237 0 0.013 0.156 0.026 0 0.739
-0.203 0.014 0 0.546 12.483 0.337 0 0 0.535 0 0.026 0.17 -0.8 0 1.309
0.071 0.002 0 0.171 0.337 9.431 0 0 0.063 0 0.004 0.055 0.072 0 0.225
0 0 -0.016 0 0 0 8.368 0.466 0 0.012 0 0 0 0.339 0
0 0 -0.45 0 0 0 0.466 5.95 0 0.003 0 0 0 0.407 0
0.11 0.003 0 0.237 0.535 0.063 0 0 7.595 0 0.005 0.077 0.13 0 0.294
0 0 -0.49 0 0 0 0.012 0.003 0 9.006 0 0 0 -0.431 0
0.005 0 0 0.013 0.026 0.004 0 0 0.005 0 9.449 0.004 0.005 0 0.017
0.04 0.002 0 0.156 0.17 0.055 0 0 0.077 0 0.004 11.842 0.006 0 0.239
-0.144 0.003 0 0.026 -0.8 0.072 0 0 0.13 0 0.005 0.006 14.366 0 0.249
0 0 -0.825 0 0 0 0.339 0.407 0 -0.431 0 0 0 7.16 0
0.279 0.009 0 0.739 1.309 0.225 0 0 0.294 0 0.017 0.239 0.249 0 11.209

 Final eigenvalues for each cluster >> 
 (rows correspond to clusters)
14.728 13.761 13.581 11.792 11.736 10.209 10.201 9.896 9.448 9.382 9.228 7.517 5.26 3.598 1.225
14.728 13.761 13.581 11.792 11.736 10.201 9.448 9.382 9.228 8.732 7.517 5.39 4.297 4.169 2.242
14.728 13.761 13.581 11.792 11.736 10.201 9.505 9.448 9.382 9.228 8.514 7.517 5.058 5.024 2.356
14.728 13.761 13.581 11.792 11.736 10.201 9.448 9.382 9.228 7.517 7.462 6.013 5.753 5.683 4.747
14.728 13.761 13.581 11.792 11.736 10.201 9.448 9.382 9.228 9.125 8.582 7.517 7.233 5.784 2.515

 theoretical Separation index matrix >>

-1 0.05 0.01 0.056 0.016
0.05 -1 0.036 0.031 0.01
0.01 0.036 -1 0.01 0.138
0.056 0.031 0.01 -1 0.025
0.016 0.01 0.138 0.025 -1

 theoretical projection directions >>

**** cluster 1 and 2
0 0 -0.033 0 0 0 0.158 0.429 0 0.792 0 0 0 0.404 0

**** cluster 1 and 3
0 0 -0.044 0 0 0 0.141 -0.535 0 0.447 0 0 0 0.701 0

**** cluster 1 and 4
0 0 -0.112 0 0 0 -0.37 0.101 0 0.538 0 0 0 0.742 0

**** cluster 1 and 5
0 0 -0.631 0 0 0 -0.072 0.051 0 0.405 0 0 0 0.655 0

**** cluster 2 and 3
0 0 -0.011 0 0 0 -0.087 -0.961 0 -0.044 0 0 0 0.258 0

**** cluster 2 and 4
0 0 0.006 0 0 0 -0.881 -0.421 0 -0.081 0 0 0 0.2 0

**** cluster 2 and 5
0 0 -0.848 0 0 0 -0.232 -0.463 0 -0.112 0 0 0 -0.005 0

**** cluster 3 and 4
0 0 -0.002 0 0 0 -0.806 0.59 0 -0.025 0 0 0 -0.05 0

**** cluster 3 and 5
0 0 -0.947 0 0 0 -0.114 0.27 0 -0.048 0 0 0 -0.12 0

**** cluster 4 and 5
0 0 -0.898 0 0 0 0.397 -0.074 0 -0.071 0 0 0 -0.16 0

 empirical Separation index matrix (alpha= 0.05 )>>

-1 0.112 0.187 0.122 0.172
0.112 -1 0.083 0.2 0.079
0.187 0.083 -1 0.124 0.048
0.122 0.2 0.124 -1 0.054
0.172 0.079 0.048 0.054 -1

 empirical projection directions >>

**** cluster 1 and 2
-0.127 0.058 -0.405 0.082 -0.038 -0.124 0.078 0.115 -0.032 0.435 0.095 0.02 0.018 0.747 0.123

**** cluster 1 and 3
-0.105 0.008 -0.06 0.065 0.008 -0.015 0.132 0.43 0.236 0.736 -0.067 0.066 -0.042 0.412 -0.01

**** cluster 1 and 4
-0.054 -0.013 -0.035 0.051 -0.012 -0.046 0.17 -0.606 -0.139 0.246 -0.056 0.014 0.063 0.713 0.003

**** cluster 1 and 5
-0.124 0.014 -0.061 0.008 0.112 -0.096 -0.269 0.244 0.099 0.37 -0.078 -0.073 0.058 0.814 -0.06

**** cluster 2 and 3
-0.015 -0.011 0.804 -0.037 0.159 0.017 0.305 0.407 0.029 0.133 0.113 0.118 -0.004 -0.064 0.138

**** cluster 2 and 4
0.041 -0.006 0.923 0.023 -0.003 0.038 0.1 -0.28 -0.054 -0.056 0.046 0.064 -0.01 0.204 0.052

**** cluster 2 and 5
-0.036 0.087 0.934 0.053 0.135 0.009 -0.236 0.163 -0.056 0.037 -0.004 -0.055 -0.029 0.08 -0.014

**** cluster 3 and 4
0.085 0.034 0.009 0.091 -0.07 -0.067 -0.009 -0.936 -0.12 -0.11 -0.107 0.039 0 0.237 -0.05

**** cluster 3 and 5
-0.004 0.034 -0.173 0.102 -0.066 -0.036 -0.862 -0.32 -0.015 -0.099 -0.022 -0.18 0.1 0.233 -0.009

**** cluster 4 and 5
-0.117 0.038 -0.054 -0.059 0.098 -0.01 -0.719 0.628 0.005 0.107 0.084 -0.09 0.131 -0.043 0.106
