
 Log information for the data set datasetJLG2v10nv1out0_3.dat >>

 alpha = 0.05 sepVal = 0.01

 Number of clusters >> 2

 cluster sizes >>
50 50

 Number of data points >> 100

 Number of dimensions >> 11

 Number of noisy dimensions >> 1

 noisy variables >>
10

 Number of outliers >> 0

 initial eigenvalues for each cluster >> 
 (rows correspond to clusters)
5.786 6.651 4.505 1.548 5.745 6.731 3.711 5.318 5.359 5.11
8.948 3.523 7.022 3.233 7.591 8.575 7.474 8.044 5.267 7.403

 Mean vectors and covariance matrices before rotation --- 1th cluster >>

 mean vector (mu'=Q*mu)>>
-4.725 0 0 0 0 0 0 0 0 0 0

 covariance matrix (Sigma'=Q*Sigma*t(Q))>>

4.953 -0.689 0.085 1.54 -0.268 -0.695 0.541 -0.01 -0.054 -0.001 0
-0.689 6.257 -0.015 0.428 -0.23 -0.39 0.074 -0.018 -0.084 -0.025 0
0.085 -0.015 4.538 0.252 0.031 -0.018 0.125 0.006 0.025 0.012 0
1.54 0.428 0.252 2.766 0.533 0.398 0.792 0.067 0.291 0.12 0
-0.268 -0.23 0.031 0.533 5.659 -0.232 0.191 -0.003 -0.016 0.001 0
-0.695 -0.39 -0.018 0.398 -0.232 6.345 0.06 -0.019 -0.087 -0.027 0
0.541 0.074 0.125 0.792 0.191 0.06 4.15 0.028 0.12 0.053 0
-0.01 -0.018 0.006 0.067 -0.003 -0.019 0.028 5.318 0.002 0.001 0
-0.054 -0.084 0.025 0.291 -0.016 -0.087 0.12 0.002 5.364 0.005 0
-0.001 -0.025 0.012 0.12 0.001 -0.027 0.053 0.001 0.005 5.113 0
0 0 0 0 0 0 0 0 0 0 18.403

 Mean vectors and covariance matrices before rotation --- 2th cluster >>

 mean vector (mu'=Q*mu)>>
4.725 0 0 0 0 0 0 0 0 0 0

 covariance matrix (Sigma'=Q*Sigma*t(Q))>>

7 0.685 0.207 0.031 -0.014 -0.038 0.021 -0.157 1.189 0.038 0
0.685 3.718 0.282 0.008 0.255 0.02 0.181 0.192 0.488 0.17 0
0.207 0.282 7.289 0.012 0.204 0.009 0.151 0.128 0.61 0.145 0
0.031 0.008 0.012 3.233 0.011 0.001 0.008 0.009 0.021 0.008 0
-0.014 0.255 0.204 0.011 7.733 0.004 0.108 0.077 0.527 0.105 0
-0.038 0.02 0.009 0.001 0.004 8.575 0.003 -0.001 0.037 0.004 0
0.021 0.181 0.151 0.008 0.108 0.003 7.556 0.061 0.38 0.079 0
-0.157 0.192 0.128 0.009 0.077 -0.001 0.061 8.074 0.38 0.061 0
1.189 0.488 0.61 0.021 0.527 0.037 0.38 0.38 6.423 0.358 0
0.038 0.17 0.145 0.008 0.105 0.004 0.079 0.061 0.358 7.48 0
0 0 0 0 0 0 0 0 0 0 18.403

 Final eigenvalues for each cluster >> 
 (rows correspond to clusters)
18.403 6.731 6.651 5.786 5.745 5.359 5.318 5.11 4.505 3.711 1.548
18.403 8.948 8.575 8.044 7.591 7.474 7.403 7.022 5.267 3.523 3.233

 *************************************************

 ********************* rotation ******************

 *************************************************


 The orthogonal matrix Q >>
0.501 0.189 0.517 0.101 0.1 0.281 0.333 0.219 0.43 0.049
0.189 -0.976 0.065 0.013 0.013 0.035 0.042 0.028 0.054 0.006
0.517 0.065 -0.822 0.035 0.034 0.097 0.115 0.075 0.148 0.017
0.101 0.013 0.035 -0.993 0.007 0.019 0.023 0.015 0.029 0.003
0.1 0.013 0.034 0.007 -0.993 0.019 0.022 0.015 0.029 0.003
0.281 0.035 0.097 0.019 0.019 -0.947 0.062 0.041 0.081 0.009
0.333 0.042 0.115 0.023 0.022 0.062 -0.926 0.049 0.096 0.011
0.219 0.028 0.075 0.015 0.015 0.041 0.049 -0.968 0.063 0.007
0.43 0.054 0.148 0.029 0.029 0.081 0.096 0.063 -0.877 0.014
0.049 0.006 0.017 0.003 0.003 0.009 0.011 0.007 0.014 -0.998

 Mean vectors and covariance matrices after rotation --- 1th cluster >>

 mean vector (mu'=Q*mu)>>
-1.034 -1.576 -0.892 -2.033 -1.329 -2.442 -0.479 -0.472 -0.23 0 -2.369

 covariance matrix (Sigma'=Q*Sigma*t(Q))>>

5.301 -0.098 0.108 -0.031 0.081 -0.007 -0.355 0.04 -0.005 0 -0.053
-0.098 3.806 0.181 -0.126 0.084 -0.13 0.103 0.21 0.021 0 -0.21
0.108 0.181 6.487 0.165 -0.123 0.307 0.129 -0.128 0.001 0 0.241
-0.031 -0.126 0.165 5.304 0.112 0.003 -0.538 0.07 -0.006 0 -0.128
0.081 0.084 -0.123 0.112 6.63 0.253 -0.088 -0.121 -0.007 0 0.087
-0.007 -0.13 0.307 0.003 0.253 4.572 -0.732 0.145 0.004 0 0.173
-0.355 0.103 0.129 -0.538 -0.088 -0.732 2.378 0.364 0.025 0 -1.321
0.04 0.21 -0.128 0.07 -0.121 0.145 0.364 5.702 0.009 0 0.061
-0.005 0.021 0.001 -0.006 -0.007 0.004 0.025 0.009 5.111 0 -0.026
0 0 0 0 0 0 0 0 0 18.403 0
-0.053 -0.21 0.241 -0.128 0.087 0.173 -1.321 0.061 -0.026 0 5.171

 Mean vectors and covariance matrices after rotation --- 2th cluster >>

 mean vector (mu'=Q*mu)>>
1.034 1.576 0.892 2.033 1.329 2.442 0.479 0.472 0.23 0 2.369

 covariance matrix (Sigma'=Q*Sigma*t(Q))>>

8.052 0.018 0.078 0.096 -0.033 0.05 0.064 0.015 0.008 0 -0.113
0.018 7.474 -0.001 -0.073 -0.059 0.008 0.088 0.009 -0.003 0 0.018
0.078 -0.001 3.538 0.057 -0.13 -0.01 0.012 0.158 0.104 0 0.072
0.096 -0.073 0.057 5.392 -0.336 -0.112 0.019 0.296 0.201 0 -0.377
-0.033 -0.059 -0.13 -0.336 8.528 -0.101 0.07 -0.078 -0.065 0 -0.011
0.05 0.008 -0.01 -0.112 -0.101 7.041 0.131 0.046 0.015 0 0.127
0.064 0.088 0.012 0.019 0.07 0.131 3.289 0.013 -0.002 0 0.501
0.015 0.009 0.158 0.296 -0.078 0.046 0.013 7.681 0.07 0 -0.351
0.008 -0.003 0.104 0.201 -0.065 0.015 -0.002 0.07 7.457 0 -0.28
0 0 0 0 0 0 0 0 0 18.403 0
-0.113 0.018 0.072 -0.377 -0.011 0.127 0.501 -0.351 -0.28 0 8.627

 Final eigenvalues for each cluster >> 
 (rows correspond to clusters)
18.403 6.731 6.651 5.786 5.745 5.359 5.318 5.11 4.505 3.711 1.548
18.403 8.948 8.575 8.044 7.591 7.474 7.403 7.022 5.267 3.523 3.233

 theoretical Separation index matrix >>

-1 0.01
0.01 -1

 theoretical projection directions >>

**** cluster 1 and 2
0.187 0.337 0.136 0.467 0.195 0.489 0.382 0.051 0.042 0 0.433

 empirical Separation index matrix (alpha= 0.05 )>>

-1 -0.007
-0.007 -1

 empirical projection directions >>

**** cluster 1 and 2
-0.111 -0.26 -0.061 -0.356 -0.291 -0.513 -0.47 0.089 -0.079 -0.02 -0.454
