
 Log information for the data set datasetJLG5v5nv10out0_2.dat >>

 alpha = 0.05 sepVal = 0.01

 Number of clusters >> 5

 cluster sizes >>
50 50 50 50 50

 Number of data points >> 250

 Number of dimensions >> 15

 Number of noisy dimensions >> 10

 noisy variables >>
1 2 3 5 7 9 11 12 13 14

 Number of outliers >> 0

 initial eigenvalues for each cluster >> 
 (rows correspond to clusters)
4.209 1.656 3.274 1.854 5.115
4.283 5.505 2.85 1.304 6.805
8.99 7.353 1.297 2.685 4.707
7.481 6.102 7.443 2.565 4.513
8.711 4.757 9.995 8.862 1.684

 Mean vectors and covariance matrices before rotation --- 1th cluster >>

 mean vector (mu'=Q*mu)>>
-4.995 0 0 0 0 0.847 0.736 0.4 2.795 1.067 2.059 1.888 2.645 1.148 1.563

 covariance matrix (Sigma'=Q*Sigma*t(Q))>>

4.599 1.472 -0.17 0.494 -2.044 0 0 0 0 0 0 0 0 0 0
1.472 6.114 0.572 1.283 0.169 0 0 0 0 0 0 0 0 0 0
-0.17 0.572 5.506 0.21 -0.261 0 0 0 0 0 0 0 0 0 0
0.494 1.283 0.21 3.586 0.017 0 0 0 0 0 0 0 0 0 0
-2.044 0.169 -0.261 0.017 7.089 0 0 0 0 0 0 0 0 0 0
0 0 0 0 0 12.082 -0.015 0.763 0.085 0.052 -0.599 -0.028 2.256 0.674 -0.603
0 0 0 0 0 -0.015 15.008 0.003 -0.001 0 -0.004 -0.001 0.01 0.002 -0.004
0 0 0 0 0 0.763 0.003 10.967 0.346 0.046 0.102 0.255 0.856 0.512 0.168
0 0 0 0 0 0.085 -0.001 0.346 12.744 0.031 -0.027 0.128 0.74 0.353 0.006
0 0 0 0 0 0.052 0 0.046 0.031 11.427 0.005 0.022 0.089 0.049 0.011
0 0 0 0 0 -0.599 -0.004 0.102 -0.027 0.005 14.895 -0.039 0.374 0.078 -0.152
0 0 0 0 0 -0.028 -0.001 0.255 0.128 0.022 -0.039 12.969 0.569 0.257 -0.018
0 0 0 0 0 2.256 0.01 0.856 0.74 0.089 0.374 0.569 8.046 0.958 0.52
0 0 0 0 0 0.674 0.002 0.512 0.353 0.049 0.078 0.257 0.958 11.626 0.144
0 0 0 0 0 -0.603 -0.004 0.168 0.006 0.011 -0.152 -0.018 0.52 0.144 14.407

 Mean vectors and covariance matrices before rotation --- 2th cluster >>

 mean vector (mu'=Q*mu)>>
4.995 0 0 0 0 0.847 0.736 0.4 2.795 1.067 2.059 1.888 2.645 1.148 1.563

 covariance matrix (Sigma'=Q*Sigma*t(Q))>>

3.85 -0.715 0.609 1.181 -0.841 0 0 0 0 0 0 0 0 0 0
-0.715 5.727 -0.052 0.15 -0.297 0 0 0 0 0 0 0 0 0 0
0.609 -0.052 3.766 0.767 -0.182 0 0 0 0 0 0 0 0 0 0
1.181 0.15 0.767 2.2 -0.005 0 0 0 0 0 0 0 0 0 0
-0.841 -0.297 -0.182 -0.005 7.198 0 0 0 0 0 0 0 0 0 0
0 0 0 0 0 12.082 -0.015 0.763 0.085 0.052 -0.599 -0.028 2.256 0.674 -0.603
0 0 0 0 0 -0.015 15.008 0.003 -0.001 0 -0.004 -0.001 0.01 0.002 -0.004
0 0 0 0 0 0.763 0.003 10.967 0.346 0.046 0.102 0.255 0.856 0.512 0.168
0 0 0 0 0 0.085 -0.001 0.346 12.744 0.031 -0.027 0.128 0.74 0.353 0.006
0 0 0 0 0 0.052 0 0.046 0.031 11.427 0.005 0.022 0.089 0.049 0.011
0 0 0 0 0 -0.599 -0.004 0.102 -0.027 0.005 14.895 -0.039 0.374 0.078 -0.152
0 0 0 0 0 -0.028 -0.001 0.255 0.128 0.022 -0.039 12.969 0.569 0.257 -0.018
0 0 0 0 0 2.256 0.01 0.856 0.74 0.089 0.374 0.569 8.046 0.958 0.52
0 0 0 0 0 0.674 0.002 0.512 0.353 0.049 0.078 0.257 0.958 11.626 0.144
0 0 0 0 0 -0.603 -0.004 0.168 0.006 0.011 -0.152 -0.018 0.52 0.144 14.407

 Mean vectors and covariance matrices before rotation --- 3th cluster >>

 mean vector (mu'=Q*mu)>>
0 8.651 0 0 0 0.847 0.736 0.4 2.795 1.067 2.059 1.888 2.645 1.148 1.563

 covariance matrix (Sigma'=Q*Sigma*t(Q))>>

5.288 -0.295 1.274 1.322 1.234 0 0 0 0 0 0 0 0 0 0
-0.295 7.399 0.365 0.413 0.526 0 0 0 0 0 0 0 0 0 0
1.274 0.365 1.854 0.708 1.192 0 0 0 0 0 0 0 0 0 0
1.322 0.413 0.708 3.571 1.447 0 0 0 0 0 0 0 0 0 0
1.234 0.526 1.192 1.447 6.92 0 0 0 0 0 0 0 0 0 0
0 0 0 0 0 12.082 -0.015 0.763 0.085 0.052 -0.599 -0.028 2.256 0.674 -0.603
0 0 0 0 0 -0.015 15.008 0.003 -0.001 0 -0.004 -0.001 0.01 0.002 -0.004
0 0 0 0 0 0.763 0.003 10.967 0.346 0.046 0.102 0.255 0.856 0.512 0.168
0 0 0 0 0 0.085 -0.001 0.346 12.744 0.031 -0.027 0.128 0.74 0.353 0.006
0 0 0 0 0 0.052 0 0.046 0.031 11.427 0.005 0.022 0.089 0.049 0.011
0 0 0 0 0 -0.599 -0.004 0.102 -0.027 0.005 14.895 -0.039 0.374 0.078 -0.152
0 0 0 0 0 -0.028 -0.001 0.255 0.128 0.022 -0.039 12.969 0.569 0.257 -0.018
0 0 0 0 0 2.256 0.01 0.856 0.74 0.089 0.374 0.569 8.046 0.958 0.52
0 0 0 0 0 0.674 0.002 0.512 0.353 0.049 0.078 0.257 0.958 11.626 0.144
0 0 0 0 0 -0.603 -0.004 0.168 0.006 0.011 -0.152 -0.018 0.52 0.144 14.407

 Mean vectors and covariance matrices before rotation --- 4th cluster >>

 mean vector (mu'=Q*mu)>>
0 2.884 8.156 0 0 0.847 0.736 0.4 2.795 1.067 2.059 1.888 2.645 1.148 1.563

 covariance matrix (Sigma'=Q*Sigma*t(Q))>>

6.077 0.053 -0.205 1.19 1.231 0 0 0 0 0 0 0 0 0 0
0.053 6.112 0.009 0.088 0.112 0 0 0 0 0 0 0 0 0 0
-0.205 0.009 7.413 0.184 0.192 0 0 0 0 0 0 0 0 0 0
1.19 0.088 0.184 3.009 0.686 0 0 0 0 0 0 0 0 0 0
1.231 0.112 0.192 0.686 5.494 0 0 0 0 0 0 0 0 0 0
0 0 0 0 0 12.082 -0.015 0.763 0.085 0.052 -0.599 -0.028 2.256 0.674 -0.603
0 0 0 0 0 -0.015 15.008 0.003 -0.001 0 -0.004 -0.001 0.01 0.002 -0.004
0 0 0 0 0 0.763 0.003 10.967 0.346 0.046 0.102 0.255 0.856 0.512 0.168
0 0 0 0 0 0.085 -0.001 0.346 12.744 0.031 -0.027 0.128 0.74 0.353 0.006
0 0 0 0 0 0.052 0 0.046 0.031 11.427 0.005 0.022 0.089 0.049 0.011
0 0 0 0 0 -0.599 -0.004 0.102 -0.027 0.005 14.895 -0.039 0.374 0.078 -0.152
0 0 0 0 0 -0.028 -0.001 0.255 0.128 0.022 -0.039 12.969 0.569 0.257 -0.018
0 0 0 0 0 2.256 0.01 0.856 0.74 0.089 0.374 0.569 8.046 0.958 0.52
0 0 0 0 0 0.674 0.002 0.512 0.353 0.049 0.078 0.257 0.958 11.626 0.144
0 0 0 0 0 -0.603 -0.004 0.168 0.006 0.011 -0.152 -0.018 0.52 0.144 14.407

 Mean vectors and covariance matrices before rotation --- 5th cluster >>

 mean vector (mu'=Q*mu)>>
0 2.884 2.039 7.897 0 0.847 0.736 0.4 2.795 1.067 2.059 1.888 2.645 1.148 1.563

 covariance matrix (Sigma'=Q*Sigma*t(Q))>>

3.783 -0.24 -2.13 -0.934 1.988 0 0 0 0 0 0 0 0 0 0
-0.24 5.377 -0.273 -0.056 2.07 0 0 0 0 0 0 0 0 0 0
-2.13 -0.273 9.12 -0.401 0.33 0 0 0 0 0 0 0 0 0 0
-0.934 -0.056 -0.401 8.685 0.343 0 0 0 0 0 0 0 0 0 0
1.988 2.07 0.33 0.343 7.043 0 0 0 0 0 0 0 0 0 0
0 0 0 0 0 12.082 -0.015 0.763 0.085 0.052 -0.599 -0.028 2.256 0.674 -0.603
0 0 0 0 0 -0.015 15.008 0.003 -0.001 0 -0.004 -0.001 0.01 0.002 -0.004
0 0 0 0 0 0.763 0.003 10.967 0.346 0.046 0.102 0.255 0.856 0.512 0.168
0 0 0 0 0 0.085 -0.001 0.346 12.744 0.031 -0.027 0.128 0.74 0.353 0.006
0 0 0 0 0 0.052 0 0.046 0.031 11.427 0.005 0.022 0.089 0.049 0.011
0 0 0 0 0 -0.599 -0.004 0.102 -0.027 0.005 14.895 -0.039 0.374 0.078 -0.152
0 0 0 0 0 -0.028 -0.001 0.255 0.128 0.022 -0.039 12.969 0.569 0.257 -0.018
0 0 0 0 0 2.256 0.01 0.856 0.74 0.089 0.374 0.569 8.046 0.958 0.52
0 0 0 0 0 0.674 0.002 0.512 0.353 0.049 0.078 0.257 0.958 11.626 0.144
0 0 0 0 0 -0.603 -0.004 0.168 0.006 0.011 -0.152 -0.018 0.52 0.144 14.407

 Final eigenvalues for each cluster >> 
 (rows correspond to clusters)
15.037 15.008 14.563 14.403 12.886 12.554 11.423 11.082 10.492 8.54 7.028 6.724 5.466 3.096 2.764
15.037 15.008 14.563 14.403 12.886 12.554 11.423 11.082 10.492 7.459 6.724 6.034 4.694 3.124 1.429
15.037 15.008 14.563 14.403 12.886 12.554 11.423 11.082 10.492 8.99 7.353 6.724 4.707 2.685 1.297
15.037 15.008 14.563 14.403 12.886 12.554 11.423 11.082 10.492 7.481 7.443 6.724 6.102 4.513 2.565
15.037 15.008 14.563 14.403 12.886 12.554 11.423 11.082 10.492 9.995 8.862 8.711 6.724 4.757 1.684

 *************************************************

 ********************* rotation ******************

 *************************************************


 The orthogonal matrix Q >>
0.556 0.152 0.368 0.359 0.635
0.152 -0.985 0.036 0.035 0.062
0.368 0.036 -0.913 0.085 0.15
0.359 0.035 0.085 -0.917 0.147
0.635 0.062 0.15 0.147 -0.741

 Mean vectors and covariance matrices after rotation --- 1th cluster >>

 mean vector (mu'=Q*mu)>>
1.563 0.847 1.888 -1.84 0.4 -0.76 1.067 -1.794 1.148 -2.776 2.059 2.645 2.795 0.736 -3.172

 covariance matrix (Sigma'=Q*Sigma*t(Q))>>

14.407 -0.603 -0.018 0 0.168 0 0.011 0 0.144 0 -0.152 0.52 0.006 -0.004 0
-0.603 12.082 -0.028 0 0.763 0 0.052 0 0.674 0 -0.599 2.256 0.085 -0.015 0
-0.018 -0.028 12.969 0 0.255 0 0.022 0 0.257 0 -0.039 0.569 0.128 -0.001 0
0 0 0 5.375 0 -0.257 0 -0.066 0 -0.429 0 0 0 0 -0.066
0.168 0.763 0.255 0 10.967 0 0.046 0 0.512 0 0.102 0.856 0.346 0.003 0
0 0 0 -0.257 0 5.452 0 0.414 0 -1.907 0 0 0 0 -1.085
0.011 0.052 0.022 0 0.046 0 11.427 0 0.049 0 0.005 0.089 0.031 0 0
0 0 0 -0.066 0 0.414 0 3.173 0 -0.382 0 0 0 0 -0.047
0.144 0.674 0.257 0 0.512 0 0.049 0 11.626 0 0.078 0.958 0.353 0.002 0
0 0 0 -0.429 0 -1.907 0 -0.382 0 4.743 0 0 0 0 -0.714
-0.152 -0.599 -0.039 0 0.102 0 0.005 0 0.078 0 14.895 0.374 -0.027 -0.004 0
0.52 2.256 0.569 0 0.856 0 0.089 0 0.958 0 0.374 8.046 0.74 0.01 0
0.006 0.085 0.128 0 0.346 0 0.031 0 0.353 0 -0.027 0.74 12.744 -0.001 0
-0.004 -0.015 -0.001 0 0.003 0 0 0 0.002 0 -0.004 0.01 -0.001 15.008 0
0 0 0 -0.066 0 -1.085 0 -0.047 0 -0.714 0 0 0 0 8.151

 Mean vectors and covariance matrices after rotation --- 2th cluster >>

 mean vector (mu'=Q*mu)>>
1.563 0.847 1.888 1.84 0.4 0.76 1.067 1.794 1.148 2.776 2.059 2.645 2.795 0.736 3.172

 covariance matrix (Sigma'=Q*Sigma*t(Q))>>

14.407 -0.603 -0.018 0 0.168 0 0.011 0 0.144 0 -0.152 0.52 0.006 -0.004 0
-0.603 12.082 -0.028 0 0.763 0 0.052 0 0.674 0 -0.599 2.256 0.085 -0.015 0
-0.018 -0.028 12.969 0 0.255 0 0.022 0 0.257 0 -0.039 0.569 0.128 -0.001 0
0 0 0 3.33 0 0.105 0 0.222 0 -0.163 0 0 0 0 -0.664
0.168 0.763 0.255 0 10.967 0 0.046 0 0.512 0 0.102 0.856 0.346 0.003 0
0 0 0 0.105 0 5.931 0 0.253 0 0.388 0 0 0 0 0.084
0.011 0.052 0.022 0 0.046 0 11.427 0 0.049 0 0.005 0.089 0.031 0 0
0 0 0 0.222 0 0.253 0 1.553 0 -0.077 0 0 0 0 -0.681
0.144 0.674 0.257 0 0.512 0 0.049 0 11.626 0 0.078 0.958 0.353 0.002 0
0 0 0 -0.163 0 0.388 0 -0.077 0 5.094 0 0 0 0 -1.034
-0.152 -0.599 -0.039 0 0.102 0 0.005 0 0.078 0 14.895 0.374 -0.027 -0.004 0
0.52 2.256 0.569 0 0.856 0 0.089 0 0.958 0 0.374 8.046 0.74 0.01 0
0.006 0.085 0.128 0 0.346 0 0.031 0 0.353 0 -0.027 0.74 12.744 -0.001 0
-0.004 -0.015 -0.001 0 0.003 0 0 0 0.002 0 -0.004 0.01 -0.001 15.008 0
0 0 0 -0.664 0 0.084 0 -0.681 0 -1.034 0 0 0 0 6.832

 Mean vectors and covariance matrices after rotation --- 3th cluster >>

 mean vector (mu'=Q*mu)>>
1.563 0.847 1.888 0.312 0.4 -8.523 1.067 0.304 1.148 1.316 2.059 2.645 2.795 0.736 0.537

 covariance matrix (Sigma'=Q*Sigma*t(Q))>>

14.407 -0.603 -0.018 0 0.168 0 0.011 0 0.144 0 -0.152 0.52 0.006 -0.004 0
-0.603 12.082 -0.028 0 0.763 0 0.052 0 0.674 0 -0.599 2.256 0.085 -0.015 0
-0.018 -0.028 12.969 0 0.255 0 0.022 0 0.257 0 -0.039 0.569 0.128 -0.001 0
0 0 0 1.393 0 0.236 0 0.035 0 0.714 0 0 0 0 0.18
0.168 0.763 0.255 0 10.967 0 0.046 0 0.512 0 0.102 0.856 0.346 0.003 0
0 0 0 0.236 0 7.371 0 0.195 0 -0.269 0 0 0 0 0.213
0.011 0.052 0.022 0 0.046 0 11.427 0 0.049 0 0.005 0.089 0.031 0 0
0 0 0 0.035 0 0.195 0 2.697 0 -0.168 0 0 0 0 0.075
0.144 0.674 0.257 0 0.512 0 0.049 0 11.626 0 0.078 0.958 0.353 0.002 0
0 0 0 0.714 0 -0.269 0 -0.168 0 8.77 0 0 0 0 -0.652
-0.152 -0.599 -0.039 0 0.102 0 0.005 0 0.078 0 14.895 0.374 -0.027 -0.004 0
0.52 2.256 0.569 0 0.856 0 0.089 0 0.958 0 0.374 8.046 0.74 0.01 0
0.006 0.085 0.128 0 0.346 0 0.031 0 0.353 0 -0.027 0.74 12.744 -0.001 0
-0.004 -0.015 -0.001 0 0.003 0 0 0 0.002 0 -0.004 0.01 -0.001 15.008 0
0 0 0 0.18 0 0.213 0 0.075 0 -0.652 0 0 0 0 4.8

 Mean vectors and covariance matrices after rotation --- 4th cluster >>

 mean vector (mu'=Q*mu)>>
1.563 0.847 1.888 -7.341 0.4 -2.547 1.067 0.795 1.148 3.444 2.059 2.645 2.795 0.736 1.406

 covariance matrix (Sigma'=Q*Sigma*t(Q))>>

14.407 -0.603 -0.018 0 0.168 0 0.011 0 0.144 0 -0.152 0.52 0.006 -0.004 0
-0.603 12.082 -0.028 0 0.763 0 0.052 0 0.674 0 -0.599 2.256 0.085 -0.015 0
-0.018 -0.028 12.969 0 0.255 0 0.022 0 0.257 0 -0.039 0.569 0.128 -0.001 0
0 0 0 7.443 0 0.01 0 -0.003 0 0.011 0 0 0 0 -0.054
0.168 0.763 0.255 0 10.967 0 0.046 0 0.512 0 0.102 0.856 0.346 0.003 0
0 0 0 0.01 0 6.109 0 0 0 0.098 0 0 0 0 -0.008
0.011 0.052 0.022 0 0.046 0 11.427 0 0.049 0 0.005 0.089 0.031 0 0
0 0 0 -0.003 0 0 0 2.616 0 0.488 0 0 0 0 0.074
0.144 0.674 0.257 0 0.512 0 0.049 0 11.626 0 0.078 0.958 0.353 0.002 0
0 0 0 0.011 0 0.098 0 0.488 0 7.381 0 0 0 0 0.35
-0.152 -0.599 -0.039 0 0.102 0 0.005 0 0.078 0 14.895 0.374 -0.027 -0.004 0
0.52 2.256 0.569 0 0.856 0 0.089 0 0.958 0 0.374 8.046 0.74 0.01 0
0.006 0.085 0.128 0 0.346 0 0.031 0 0.353 0 -0.027 0.74 12.744 -0.001 0
-0.004 -0.015 -0.001 0 0.003 0 0 0 0.002 0 -0.004 0.01 -0.001 15.008 0
0 0 0 -0.054 0 -0.008 0 0.074 0 0.35 0 0 0 0 4.557

 Mean vectors and covariance matrices after rotation --- 5th cluster >>

 mean vector (mu'=Q*mu)>>
1.563 0.847 1.888 -1.086 0.4 -2.49 1.067 -6.968 1.148 4.026 2.059 2.645 2.795 0.736 1.643

 covariance matrix (Sigma'=Q*Sigma*t(Q))>>

14.407 -0.603 -0.018 0 0.168 0 0.011 0 0.144 0 -0.152 0.52 0.006 -0.004 0
-0.603 12.082 -0.028 0 0.763 0 0.052 0 0.674 0 -0.599 2.256 0.085 -0.015 0
-0.018 -0.028 12.969 0 0.255 0 0.022 0 0.257 0 -0.039 0.569 0.128 -0.001 0
0 0 0 9.949 0 -0.312 0 0.014 0 0.022 0 0 0 0 -0.137
0.168 0.763 0.255 0 10.967 0 0.046 0 0.512 0 0.102 0.856 0.346 0.003 0
0 0 0 -0.312 0 5.204 0 -0.256 0 -0.96 0 0 0 0 1.221
0.011 0.052 0.022 0 0.046 0 11.427 0 0.049 0 0.005 0.089 0.031 0 0
0 0 0 0.014 0 -0.256 0 8.707 0 -0.495 0 0 0 0 -0.789
0.144 0.674 0.257 0 0.512 0 0.049 0 11.626 0 0.078 0.958 0.353 0.002 0
0 0 0 0.022 0 -0.96 0 -0.495 0 7.176 0 0 0 0 -2.307
-0.152 -0.599 -0.039 0 0.102 0 0.005 0 0.078 0 14.895 0.374 -0.027 -0.004 0
0.52 2.256 0.569 0 0.856 0 0.089 0 0.958 0 0.374 8.046 0.74 0.01 0
0.006 0.085 0.128 0 0.346 0 0.031 0 0.353 0 -0.027 0.74 12.744 -0.001 0
-0.004 -0.015 -0.001 0 0.003 0 0 0 0.002 0 -0.004 0.01 -0.001 15.008 0
0 0 0 -0.137 0 1.221 0 -0.789 0 -2.307 0 0 0 0 2.973

 Final eigenvalues for each cluster >> 
 (rows correspond to clusters)
15.037 15.008 14.563 14.403 12.886 12.554 11.423 11.082 10.492 8.54 7.028 6.724 5.466 3.096 2.764
15.037 15.008 14.563 14.403 12.886 12.554 11.423 11.082 10.492 7.459 6.724 6.034 4.694 3.124 1.429
15.037 15.008 14.563 14.403 12.886 12.554 11.423 11.082 10.492 8.99 7.353 6.724 4.707 2.685 1.297
15.037 15.008 14.563 14.403 12.886 12.554 11.423 11.082 10.492 7.481 7.443 6.724 6.102 4.513 2.565
15.037 15.008 14.563 14.403 12.886 12.554 11.423 11.082 10.492 9.995 8.862 8.711 6.724 4.757 1.684

 theoretical Separation index matrix >>

-1 0.141 0.01 0.018 0.053
0.141 -1 0.01 0.057 0.084
0.01 0.01 -1 0.088 0.023
0.018 0.057 0.088 -1 0.01
0.053 0.084 0.023 0.01 -1

 theoretical projection directions >>

**** cluster 1 and 2
0 0 0 0.359 0 0.161 0 0.618 0 0.537 0 0 0 0 0.418

**** cluster 1 and 3
0 0 0 0.357 0 -0.654 0 0.509 0 0.29 0 0 0 0 0.318

**** cluster 1 and 4
0 0 0 -0.474 0 -0.07 0 0.506 0 0.583 0 0 0 0 0.417

**** cluster 1 and 5
0 0 0 0.074 0 0.016 0 -0.328 0 0.707 0 0 0 0 0.622

**** cluster 2 and 3
0 0 0 -0.318 0 -0.804 0 -0.371 0 -0.15 0 0 0 0 -0.303

**** cluster 2 and 4
0 0 0 -0.915 0 -0.258 0 -0.215 0 0.041 0 0 0 0 -0.221

**** cluster 2 and 5
0 0 0 -0.209 0 -0.197 0 -0.928 0 -0.013 0 0 0 0 -0.235

**** cluster 3 and 4
0 0 0 -0.912 0 0.361 0 0.057 0 0.162 0 0 0 0 0.091

**** cluster 3 and 5
0 0 0 -0.178 0 0.546 0 -0.782 0 0.225 0 0 0 0 0.093

**** cluster 4 and 5
0 0 0 0.428 0 0.002 0 -0.902 0 0.058 0 0 0 0 -0.005

 empirical Separation index matrix (alpha= 0.05 )>>

-1 0.061 0.181 0.067 0.169
0.061 -1 0 0.08 0.03
0.181 0 -1 0.052 0.091
0.067 0.08 0.052 -1 0.086
0.169 0.03 0.091 0.086 -1

 empirical projection directions >>

**** cluster 1 and 2
0.161 -0.183 0.032 0.293 0.044 -0.653 0.07 0.368 0.017 0.456 -0.027 0.151 -0.016 0.07 0.219

**** cluster 1 and 3
0 0.001 -0.076 0.09 0.107 -0.002 0.091 -0.185 -0.064 0.78 -0.025 -0.016 0.046 0.067 0.559

**** cluster 1 and 4
0.046 -0.05 0.033 -0.461 0.027 -0.151 0.104 0.36 -0.071 0.566 0.034 0.106 0.017 0.054 0.526

**** cluster 1 and 5
0.057 0.056 0.026 0.348 -0.035 0.146 0.08 0.547 -0.046 0.508 0.08 -0.07 0.042 0.013 0.519

**** cluster 2 and 3
-0.193 0.045 -0.041 -0.012 0.074 0.493 -0.043 -0.77 0.028 0.124 0.028 -0.233 0.133 -0.037 0.158

**** cluster 2 and 4
-0.074 0.009 0.02 -0.932 0.013 0.292 -0.036 -0.099 0.052 -0.032 0.02 -0.082 -0.008 -0.033 0.131

**** cluster 2 and 5
-0.05 0.101 0.014 0.386 -0.058 0.771 0.031 0.369 -0.005 -0.024 -0.022 -0.083 -0.031 0.044 0.304

**** cluster 3 and 4
0.162 0.073 0.03 -0.523 -0.085 0.045 0.028 0.779 0.012 -0.196 -0.046 -0.052 -0.007 -0.001 -0.181

**** cluster 3 and 5
0.097 0.008 0.009 0.093 -0.136 0.346 0.001 0.863 -0.041 -0.064 -0.033 0.088 -0.07 0.09 0.268

**** cluster 4 and 5
0.064 0.072 -0.038 0.84 -0.019 0.23 0.064 0.368 0.005 0.026 -0.026 -0.055 -0.134 0.055 0.254
