
 Log information for the data set datasetJHG2v22nv0out0_2.dat >>

 alpha = 0.05 sepVal = 0.34

 Number of clusters >> 2

 cluster sizes >>
50 50

 Number of data points >> 100

 Number of dimensions >> 22

 Number of noisy dimensions >> 0

 noisy variables >>
0

 Number of outliers >> 0

 initial eigenvalues for each cluster >> 
 (rows correspond to clusters)
7.06 3.616 1.492 2.946 2.055 6.562 1.907 9.17 6.818 8.142 3.142 2.43 7.978 4.132 4.689 8.239 9.029 3.17 9.656 3.767 3.781 7.179
4.569 5.853 2.147 4.964 8.943 5.066 2.298 3.478 2.29 8.914 6.799 2.018 2.699 8.985 4.503 7.642 3.599 2.043 2.518 7.3 2.416 1.599

 Mean vectors and covariance matrices before rotation --- 1th cluster >>

 mean vector (mu'=Q*mu)>>
-8.278 0 0 0 0 0 0 0 0 0 0 0 0 0 0 0 0 0 0 0 0 0

 covariance matrix (Sigma'=Q*Sigma*t(Q))>>

5.617 0.251 1.023 0.615 0.441 -0.137 0.116 -0.133 -0.064 -0.611 0.005 0.234 -0.174 0.147 0.286 -0.655 -1.05 0.93 -1.167 0.75 0.241 -0.49
0.251 3.694 0.217 0.162 0.1 0.046 0.026 0 0.015 0.028 0.001 0.056 0.01 0.055 0.149 0.026 0.003 0.257 -0.018 0.244 0.079 0.074
1.023 0.217 2.049 0.437 0.262 0.17 0.067 0.019 0.058 0.18 0.004 0.148 0.058 0.158 0.442 0.18 0.163 0.7 0.109 0.686 0.221 0.311
0.615 0.162 0.437 3.278 0.203 0.108 0.052 0.005 0.036 0.088 0.003 0.114 0.03 0.116 0.317 0.086 0.052 0.529 0.009 0.509 0.164 0.184
0.441 0.1 0.262 0.203 2.177 0.075 0.031 0.007 0.025 0.074 0.002 0.069 0.024 0.072 0.201 0.073 0.06 0.325 0.035 0.316 0.102 0.133
-0.137 0.046 0.17 0.108 0.075 6.553 0.019 -0.017 -0.005 -0.072 0.001 0.04 -0.02 0.029 0.064 -0.078 -0.133 0.165 -0.151 0.14 0.045 -0.048
0.116 0.026 0.067 0.052 0.031 0.019 1.915 0.002 0.007 0.02 0 0.018 0.006 0.019 0.052 0.02 0.017 0.084 0.01 0.082 0.026 0.035
-0.133 0 0.019 0.005 0.007 -0.017 0.002 9.162 -0.007 -0.041 0 0.003 -0.012 -0.002 -0.012 -0.044 -0.063 0.005 -0.065 -0.003 -0.001 -0.043
-0.064 0.015 0.058 0.036 0.025 -0.005 0.007 -0.007 6.815 -0.029 0 0.013 -0.008 0.009 0.019 -0.032 -0.052 0.054 -0.059 0.045 0.014 -0.022
-0.611 0.028 0.18 0.088 0.074 -0.072 0.02 -0.041 -0.029 7.933 0.001 0.037 -0.061 0.011 -0.006 -0.221 -0.33 0.126 -0.352 0.078 0.025 -0.2
0.005 0.001 0.004 0.003 0.002 0.001 0 0 0 0.001 3.142 0.001 0 0.001 0.003 0.001 0 0.005 0 0.004 0.001 0.002
0.234 0.056 0.148 0.114 0.069 0.04 0.018 0.003 0.013 0.037 0.001 2.469 0.012 0.04 0.112 0.036 0.028 0.182 0.013 0.177 0.057 0.07
-0.174 0.01 0.058 0.03 0.024 -0.02 0.006 -0.012 -0.008 -0.061 0 0.012 7.96 0.004 0.002 -0.064 -0.097 0.043 -0.104 0.028 0.009 -0.057
0.147 0.055 0.158 0.116 0.072 0.029 0.019 -0.002 0.009 0.011 0.001 0.04 0.004 4.17 0.102 0.009 -0.012 0.183 -0.028 0.172 0.055 0.042
0.286 0.149 0.442 0.317 0.201 0.064 0.052 -0.012 0.019 -0.006 0.003 0.112 0.002 0.102 4.956 -0.013 -0.084 0.499 -0.13 0.463 0.149 0.079
-0.655 0.026 0.18 0.086 0.073 -0.078 0.02 -0.044 -0.032 -0.221 0.001 0.036 -0.064 0.009 -0.013 8.005 -0.347 0.121 -0.37 0.071 0.022 -0.214
-1.05 0.003 0.163 0.052 0.06 -0.133 0.017 -0.063 -0.052 -0.33 0 0.028 -0.097 -0.012 -0.084 -0.347 8.529 0.06 -0.523 -0.007 -0.003 -0.34
0.93 0.257 0.7 0.529 0.325 0.165 0.084 0.005 0.054 0.126 0.005 0.182 0.043 0.183 0.499 0.121 0.06 4.012 -0.009 0.807 0.26 0.277
-1.167 -0.018 0.109 0.009 0.035 -0.151 0.01 -0.065 -0.059 -0.352 0 0.013 -0.104 -0.028 -0.13 -0.37 -0.523 -0.009 9.115 -0.075 -0.025 -0.375
0.75 0.244 0.686 0.509 0.316 0.14 0.082 -0.003 0.045 0.078 0.004 0.177 0.028 0.172 0.463 0.071 -0.007 0.807 -0.075 4.533 0.247 0.22
0.241 0.079 0.221 0.164 0.102 0.045 0.026 -0.001 0.014 0.025 0.001 0.057 0.009 0.055 0.149 0.022 -0.003 0.26 -0.025 0.247 3.861 0.07
-0.49 0.074 0.311 0.184 0.133 -0.048 0.035 -0.043 -0.022 -0.2 0.002 0.07 -0.057 0.042 0.079 -0.214 -0.34 0.277 -0.375 0.22 0.07 7.014

 Mean vectors and covariance matrices before rotation --- 2th cluster >>

 mean vector (mu'=Q*mu)>>
8.278 0 0 0 0 0 0 0 0 0 0 0 0 0 0 0 0 0 0 0 0 0

 covariance matrix (Sigma'=Q*Sigma*t(Q))>>

4.721 -0.099 0.368 -0.008 -0.466 -0.026 0.293 0.386 0.495 -1.352 -0.671 0.731 0.174 -1.23 0.04 -0.239 0.303 0.722 0.296 -0.544 0.375 0.855
-0.099 5.838 0.013 -0.003 -0.042 -0.008 0.009 -0.002 0.016 -0.122 -0.075 0.026 0.004 -0.11 -0.016 -0.024 -0.004 0.026 0.008 -0.056 0.011 0.035
0.368 0.013 2.23 0.007 -0.023 0.017 0.069 0.135 0.116 -0.067 0.012 0.162 0.045 -0.062 0.065 -0.005 0.114 0.161 0.073 -0.005 0.09 0.178
-0.008 -0.003 0.007 4.963 -0.012 -0.001 0.006 0.006 0.01 -0.035 -0.019 0.015 0.003 -0.032 -0.001 -0.006 0.005 0.015 0.006 -0.015 0.007 0.018
-0.466 -0.042 -0.023 -0.012 8.86 -0.029 -0.021 -0.089 -0.036 -0.243 -0.182 -0.041 -0.018 -0.219 -0.079 -0.052 -0.08 -0.042 -0.027 -0.129 -0.031 -0.031
-0.026 -0.008 0.017 -0.001 -0.029 5.063 0.013 0.013 0.022 -0.086 -0.047 0.034 0.007 -0.078 -0.004 -0.016 0.009 0.033 0.013 -0.037 0.017 0.041
0.293 0.009 0.069 0.006 -0.021 0.013 2.355 0.109 0.095 -0.062 0.005 0.134 0.037 -0.057 0.052 -0.005 0.092 0.133 0.06 -0.007 0.074 0.147
0.386 -0.002 0.135 0.006 -0.089 0.013 0.109 3.665 0.185 -0.257 -0.083 0.264 0.069 -0.235 0.07 -0.039 0.155 0.261 0.114 -0.081 0.142 0.297
0.495 0.016 0.116 0.01 -0.036 0.022 0.095 0.185 2.45 -0.104 0.009 0.225 0.062 -0.096 0.088 -0.009 0.155 0.223 0.101 -0.011 0.125 0.247
-1.352 -0.122 -0.067 -0.035 -0.243 -0.086 -0.062 -0.257 -0.104 8.206 -0.53 -0.118 -0.053 -0.639 -0.231 -0.153 -0.233 -0.119 -0.077 -0.375 -0.088 -0.089
-0.671 -0.075 0.012 -0.019 -0.182 -0.047 0.005 -0.083 0.009 -0.53 6.444 0.031 -0.005 -0.48 -0.113 -0.108 -0.081 0.029 -0.002 -0.259 0.002 0.061
0.731 0.026 0.162 0.015 -0.041 0.034 0.134 0.264 0.225 -0.118 0.031 2.332 0.087 -0.11 0.13 -0.007 0.222 0.312 0.142 -0.003 0.175 0.344
0.174 0.004 0.045 0.003 -0.018 0.007 0.037 0.069 0.062 -0.053 -0.005 0.087 2.723 -0.049 0.031 -0.006 0.058 0.087 0.039 -0.011 0.048 0.096
-1.23 -0.11 -0.062 -0.032 -0.219 -0.078 -0.057 -0.235 -0.096 -0.639 -0.48 -0.11 -0.049 8.409 -0.21 -0.138 -0.213 -0.111 -0.071 -0.339 -0.081 -0.085
0.04 -0.016 0.065 -0.001 -0.079 -0.004 0.052 0.07 0.088 -0.231 -0.113 0.13 0.031 -0.21 4.513 -0.041 0.056 0.128 0.053 -0.092 0.067 0.151
-0.239 -0.024 -0.005 -0.006 -0.052 -0.016 -0.005 -0.039 -0.009 -0.153 -0.108 -0.007 -0.006 -0.138 -0.041 7.61 -0.036 -0.008 -0.008 -0.078 -0.009 0
0.303 -0.004 0.114 0.005 -0.08 0.009 0.092 0.155 0.155 -0.233 -0.081 0.222 0.058 -0.213 0.056 -0.036 3.726 0.22 0.096 -0.076 0.119 0.251
0.722 0.026 0.161 0.015 -0.042 0.033 0.133 0.261 0.223 -0.119 0.029 0.312 0.087 -0.111 0.128 -0.008 0.22 2.353 0.141 -0.004 0.174 0.342
0.296 0.008 0.073 0.006 -0.027 0.013 0.06 0.114 0.101 -0.077 -0.002 0.142 0.039 -0.071 0.053 -0.008 0.096 0.141 2.581 -0.013 0.078 0.156
-0.544 -0.056 -0.005 -0.015 -0.129 -0.037 -0.007 -0.081 -0.011 -0.375 -0.259 -0.003 -0.011 -0.339 -0.092 -0.078 -0.076 -0.004 -0.013 7.112 -0.013 0.017
0.375 0.011 0.09 0.007 -0.031 0.017 0.074 0.142 0.125 -0.088 0.002 0.175 0.048 -0.081 0.067 -0.009 0.119 0.174 0.078 -0.013 2.513 0.193
0.855 0.035 0.178 0.018 -0.031 0.041 0.147 0.297 0.247 -0.089 0.061 0.344 0.096 -0.085 0.151 0 0.251 0.342 0.156 0.017 0.193 1.973

 Final eigenvalues for each cluster >> 
 (rows correspond to clusters)
9.656 9.17 9.029 8.239 8.142 7.978 7.179 7.06 6.818 6.562 4.689 4.132 3.781 3.767 3.616 3.17 3.142 2.946 2.43 2.055 1.907 1.492
8.985 8.943 8.914 7.642 7.3 6.799 5.853 5.066 4.964 4.569 4.503 3.599 3.478 2.699 2.518 2.416 2.298 2.29 2.147 2.043 2.018 1.599

 *************************************************

 ********************* rotation ******************

 *************************************************


 The orthogonal matrix Q >>
0.109 0.218 0.215 0.031 0.122 0.049 0.057 0.054 0.227 0.151 0.122 0.119 0.368 0.085 0.326 0.246 0.109 0.241 0.016 0.45 0.049 0.427
0.218 -0.957 0.042 0.006 0.024 0.01 0.011 0.011 0.045 0.03 0.024 0.023 0.072 0.017 0.064 0.048 0.022 0.047 0.003 0.089 0.01 0.084
0.215 0.042 -0.958 0.006 0.024 0.009 0.011 0.01 0.044 0.029 0.024 0.023 0.071 0.017 0.063 0.048 0.021 0.047 0.003 0.087 0.009 0.083
0.031 0.006 0.006 -0.999 0.003 0.001 0.002 0.002 0.006 0.004 0.003 0.003 0.01 0.002 0.009 0.007 0.003 0.007 0 0.013 0.001 0.012
0.122 0.024 0.024 0.003 -0.987 0.005 0.006 0.006 0.025 0.017 0.013 0.013 0.04 0.009 0.036 0.027 0.012 0.026 0.002 0.049 0.005 0.047
0.049 0.01 0.009 0.001 0.005 -0.998 0.002 0.002 0.01 0.007 0.005 0.005 0.016 0.004 0.014 0.011 0.005 0.011 0.001 0.02 0.002 0.019
0.057 0.011 0.011 0.002 0.006 0.002 -0.997 0.003 0.012 0.008 0.006 0.006 0.019 0.004 0.017 0.013 0.006 0.012 0.001 0.023 0.003 0.022
0.054 0.011 0.01 0.002 0.006 0.002 0.003 -0.997 0.011 0.007 0.006 0.006 0.018 0.004 0.016 0.012 0.005 0.012 0.001 0.022 0.002 0.021
0.227 0.045 0.044 0.006 0.025 0.01 0.012 0.011 -0.954 0.031 0.025 0.024 0.075 0.017 0.067 0.05 0.022 0.049 0.003 0.092 0.01 0.087
0.151 0.03 0.029 0.004 0.017 0.007 0.008 0.007 0.031 -0.98 0.017 0.016 0.05 0.012 0.044 0.033 0.015 0.033 0.002 0.061 0.007 0.058
0.122 0.024 0.024 0.003 0.013 0.005 0.006 0.006 0.025 0.017 -0.987 0.013 0.041 0.009 0.036 0.027 0.012 0.027 0.002 0.05 0.005 0.047
0.119 0.023 0.023 0.003 0.013 0.005 0.006 0.006 0.024 0.016 0.013 -0.987 0.039 0.009 0.035 0.026 0.012 0.026 0.002 0.048 0.005 0.046
0.368 0.072 0.071 0.01 0.04 0.016 0.019 0.018 0.075 0.05 0.041 0.039 -0.878 0.028 0.108 0.082 0.036 0.08 0.005 0.149 0.016 0.142
0.085 0.017 0.017 0.002 0.009 0.004 0.004 0.004 0.017 0.012 0.009 0.009 0.028 -0.993 0.025 0.019 0.008 0.019 0.001 0.035 0.004 0.033
0.326 0.064 0.063 0.009 0.036 0.014 0.017 0.016 0.067 0.044 0.036 0.035 0.108 0.025 -0.904 0.072 0.032 0.071 0.005 0.132 0.014 0.126
0.246 0.048 0.048 0.007 0.027 0.011 0.013 0.012 0.05 0.033 0.027 0.026 0.082 0.019 0.072 -0.945 0.024 0.053 0.004 0.1 0.011 0.095
0.109 0.022 0.021 0.003 0.012 0.005 0.006 0.005 0.022 0.015 0.012 0.012 0.036 0.008 0.032 0.024 -0.989 0.024 0.002 0.044 0.005 0.042
0.241 0.047 0.047 0.007 0.026 0.011 0.012 0.012 0.049 0.033 0.027 0.026 0.08 0.019 0.071 0.053 0.024 -0.948 0.004 0.098 0.011 0.093
0.016 0.003 0.003 0 0.002 0.001 0.001 0.001 0.003 0.002 0.002 0.002 0.005 0.001 0.005 0.004 0.002 0.004 -1 0.007 0.001 0.006
0.45 0.089 0.087 0.013 0.049 0.02 0.023 0.022 0.092 0.061 0.05 0.048 0.149 0.035 0.132 0.1 0.044 0.098 0.007 -0.817 0.02 0.173
0.049 0.01 0.009 0.001 0.005 0.002 0.003 0.002 0.01 0.007 0.005 0.005 0.016 0.004 0.014 0.011 0.005 0.011 0.001 0.02 -0.998 0.019
0.427 0.084 0.083 0.012 0.047 0.019 0.022 0.021 0.087 0.058 0.047 0.046 0.142 0.033 0.126 0.095 0.042 0.093 0.006 0.173 0.019 -0.836

 Mean vectors and covariance matrices after rotation --- 1th cluster >>

 mean vector (mu'=Q*mu)>>
-0.448 -3.727 -3.533 -0.905 -1.807 -0.906 -1.013 -0.472 -0.404 -0.256 -1.777 -1.247 -0.707 -0.985 -2.7 -1.993 -2.036 -0.402 -1.008 -1.876 -0.135 -3.044

 covariance matrix (Sigma'=Q*Sigma*t(Q))>>

9.167 -0.014 -0.011 -0.042 0.011 0.005 0.026 0.005 -0.023 -0.06 -0.028 -0.006 -0.007 0.007 -0.011 -0.054 -0.008 -0.013 -0.009 0.005 0.02 -0.007
-0.014 3.958 0.03 0.328 0.105 0.438 0.092 0.047 0.013 -0.067 0.067 0.21 0.035 0.08 0.12 0.059 0.102 0.125 0.053 -0.104 0.617 -0.325
-0.011 0.03 7.171 -0.014 0.115 0.168 0.181 0.047 -0.112 -0.338 -0.107 0.045 -0.02 0.073 0.011 -0.242 0.01 -0.025 -0.02 0.015 0.294 -0.101
-0.042 0.328 -0.014 7.026 0.391 0.286 0.492 0.156 -0.227 -0.737 -0.029 0.049 -0.002 0.259 0.161 -0.382 -0.035 -0.069 0.063 0.068 0.576 -0.231
0.011 0.105 0.115 0.391 3.694 0.253 0.082 0.027 -0.019 -0.108 -0.017 0.14 0.015 0.046 0.084 -0.031 0.118 0.054 0.01 0.013 0.323 -0.047
0.005 0.438 0.168 0.286 0.253 8.779 0.18 0.082 0.004 -0.048 0.29 -0.102 0.066 0.159 0.255 0.191 -0.021 -0.073 0.154 0.206 -0.334 0.294
0.026 0.092 0.181 0.492 0.082 0.18 3.232 0.022 -0.036 -0.137 -0.048 0.118 0.01 0.039 0.086 -0.068 0.142 0.023 -0.004 0.083 0.197 0.104
0.005 0.047 0.047 0.156 0.027 0.082 0.022 1.916 0.001 -0.018 0.007 0.049 0.009 0.016 0.036 0.009 0.044 0.022 0.008 0.007 0.099 -0.007
-0.023 0.013 -0.112 -0.227 -0.019 0.004 -0.036 0.001 3.817 0.09 0.072 -0.018 0.008 0.001 -0.012 0.087 -0.068 0.025 0.027 -0.088 0.044 -0.169
-0.06 -0.067 -0.338 -0.737 -0.108 -0.048 -0.137 -0.018 0.09 3.202 0.138 -0.082 0.004 -0.034 -0.096 0.19 -0.206 0.049 0.04 -0.245 0.037 -0.433
-0.028 0.067 -0.107 -0.029 -0.017 0.29 -0.048 0.007 0.072 0.138 1.59 0.128 0.027 0.011 0.028 0.159 0.006 0.125 0.043 -0.187 0.427 -0.392
-0.006 0.21 0.045 0.049 0.14 -0.102 0.118 0.049 -0.018 -0.082 0.128 8.086 0.026 0.091 0.115 0.049 -0.033 -0.043 0.074 0.084 -0.109 0.087
-0.007 0.035 -0.02 -0.002 0.015 0.066 0.01 0.009 0.008 0.004 0.027 0.026 4.139 0.015 0.017 0.026 -0.001 0.023 0.015 -0.033 0.103 -0.085
0.007 0.08 0.073 0.259 0.046 0.159 0.039 0.016 0.001 -0.034 0.011 0.091 0.015 2.458 0.061 0.014 0.075 0.042 0.015 0.002 0.198 -0.036
-0.011 0.12 0.011 0.161 0.084 0.255 0.086 0.036 -0.012 -0.096 0.028 0.115 0.017 0.061 4.76 -0.004 0.05 0.06 0.031 -0.052 0.375 -0.194
-0.054 0.059 -0.242 -0.382 -0.031 0.191 -0.068 0.009 0.087 0.19 0.159 0.049 0.026 0.014 -0.004 3.376 -0.103 0.11 0.065 -0.247 0.345 -0.506
-0.008 0.102 0.01 -0.035 0.118 -0.021 0.142 0.044 -0.068 -0.206 0.006 -0.033 -0.001 0.075 0.05 -0.103 8.21 -0.05 0.023 0.06 0.021 0.025
-0.013 0.125 -0.025 -0.069 0.054 -0.073 0.023 0.022 0.025 0.049 0.125 -0.043 0.023 0.042 0.06 0.11 -0.05 6.556 0.059 0.002 -0.075 -0.021
-0.009 0.053 -0.02 0.063 0.01 0.154 -0.004 0.008 0.027 0.04 0.043 0.074 0.015 0.015 0.031 0.065 0.023 0.059 2.077 -0.069 0.219 -0.159
0.005 -0.104 0.015 0.068 0.013 0.206 0.083 0.007 -0.088 -0.245 -0.187 0.084 -0.033 0.002 -0.052 -0.247 0.06 0.002 -0.069 6.81 0.295 -0.072
0.02 0.617 0.294 0.576 0.323 -0.334 0.197 0.099 0.044 0.037 0.427 -0.109 0.103 0.198 0.375 0.345 0.021 -0.075 0.219 0.295 9.166 0.466
-0.007 -0.325 -0.101 -0.231 -0.047 0.294 0.104 -0.007 -0.169 -0.433 -0.392 0.087 -0.085 -0.036 -0.194 -0.506 0.025 -0.021 -0.159 -0.072 0.466 7.767

 Mean vectors and covariance matrices after rotation --- 2th cluster >>

 mean vector (mu'=Q*mu)>>
0.448 3.727 3.533 0.905 1.807 0.906 1.013 0.472 0.404 0.256 1.777 1.247 0.707 0.985 2.7 1.993 2.036 0.402 1.008 1.876 0.135 3.044

 covariance matrix (Sigma'=Q*Sigma*t(Q))>>

3.606 -0.338 0.058 -0.227 -0.124 0.075 -0.108 0.06 0.089 -0.01 0.014 -0.26 -0.199 0.153 -0.108 0.101 -0.188 -0.012 -0.142 0.047 0.082 -0.109
-0.338 6.952 -0.093 -0.765 -0.118 -0.259 0.071 -0.164 -0.237 -0.017 -0.065 0.266 0.336 -0.399 -0.139 -0.278 -0.238 -0.034 -0.037 -0.164 -0.209 0.124
0.058 -0.093 1.909 0.751 -0.004 0.088 0.385 0.003 -0.015 0.018 0.141 0.532 0.563 -0.021 0.137 0.104 -0.129 0.048 0.068 0.124 -0.028 0.259
-0.227 -0.765 0.751 4.605 -0.168 -0.105 0.189 -0.072 -0.159 -0.002 0.302 0.285 0.466 -0.201 0.05 0.139 -0.539 -0.001 -0.192 0.207 -0.181 0.647
-0.124 -0.118 -0.004 -0.168 5.816 -0.088 0.09 -0.065 -0.096 -0.003 -0.009 0.194 0.22 -0.162 -0.028 -0.099 -0.093 -0.005 0.007 -0.05 -0.086 0.082
0.075 -0.259 0.088 -0.105 -0.088 3.647 -0.04 0.036 0.049 -0.006 0.03 -0.125 -0.076 0.088 -0.06 0.077 -0.153 -0.006 -0.097 0.046 0.043 -0.027
-0.108 0.071 0.385 0.189 0.09 -0.04 6.635 0.01 -0.019 0.006 0.173 -0.231 -0.225 0.022 0.145 0.154 0.053 -0.006 -0.056 0.155 -0.042 0.336
0.06 -0.164 0.003 -0.072 -0.065 0.036 0.01 2.318 0.031 -0.004 -0.004 -0.027 0.002 0.047 -0.053 0.025 -0.101 -0.001 -0.047 0.007 0.03 -0.058
0.089 -0.237 -0.015 -0.159 -0.096 0.049 -0.019 0.031 2.467 -0.007 -0.015 -0.088 -0.048 0.078 -0.088 0.033 -0.139 -0.005 -0.077 0.004 0.05 -0.107
-0.01 -0.017 0.018 -0.002 -0.003 -0.006 0.006 -0.004 -0.007 4.963 0.007 0.012 0.016 -0.01 0.002 0 -0.013 0 -0.003 0.004 -0.007 0.019
0.014 -0.065 0.141 0.302 -0.009 0.03 0.173 -0.004 -0.015 0.007 2.209 0.244 0.262 -0.023 0.054 0.039 -0.073 0.02 0.025 0.051 -0.02 0.122
-0.26 0.266 0.532 0.285 0.194 -0.125 -0.231 -0.027 -0.088 0.012 0.244 8.653 -0.281 -0.067 0.257 0.16 0.173 -0.01 -0.025 0.195 -0.117 0.56
-0.199 0.336 0.563 0.466 0.22 -0.076 -0.225 0.002 -0.048 0.016 0.262 -0.281 8.67 0.001 0.292 0.213 0.217 -0.001 -0.011 0.23 -0.082 0.553
0.153 -0.399 -0.021 -0.201 -0.162 0.088 0.022 0.047 0.078 -0.01 -0.023 -0.067 0.001 2.134 -0.14 0.05 -0.243 -0.004 -0.113 0.006 0.077 -0.167
-0.108 -0.139 0.137 0.05 -0.028 -0.06 0.145 -0.053 -0.088 0.002 0.054 0.257 0.292 -0.14 4.528 -0.034 -0.119 0.006 0.006 0.012 -0.087 0.185
0.101 -0.278 0.104 0.139 -0.099 0.077 0.154 0.025 0.033 0 0.039 0.16 0.213 0.05 -0.034 2.105 -0.197 0.014 -0.043 0.047 0.029 0.004
-0.188 -0.238 -0.129 -0.539 -0.093 -0.153 0.053 -0.101 -0.139 -0.013 -0.073 0.173 0.217 -0.243 -0.119 -0.197 7.483 -0.022 -0.022 -0.129 -0.118 0.008
-0.012 -0.034 0.048 -0.001 -0.005 -0.006 -0.006 -0.001 -0.005 0 0.02 -0.01 -0.001 -0.004 0.006 0.014 -0.022 5.065 -0.014 0.016 -0.008 0.038
-0.142 -0.037 0.068 -0.192 0.007 -0.097 -0.056 -0.047 -0.077 -0.003 0.025 -0.025 -0.011 -0.113 0.006 -0.043 -0.022 -0.014 8.921 -0.009 -0.075 0.129
0.047 -0.164 0.124 0.207 -0.05 0.046 0.155 0.007 0.004 0.004 0.051 0.195 0.23 0.006 0.012 0.047 -0.129 0.016 -0.009 2.337 0 0.071
0.082 -0.209 -0.028 -0.181 -0.086 0.043 -0.042 0.03 0.05 -0.007 -0.02 -0.117 -0.082 0.077 -0.087 0.029 -0.118 -0.008 -0.075 0 2.567 -0.112
-0.109 0.124 0.259 0.647 0.082 -0.027 0.336 -0.058 -0.107 0.019 0.122 0.56 0.553 -0.167 0.185 0.004 0.008 0.038 0.129 0.071 -0.112 3.049

 Final eigenvalues for each cluster >> 
 (rows correspond to clusters)
9.656 9.17 9.029 8.239 8.142 7.978 7.179 7.06 6.818 6.562 4.689 4.132 3.781 3.767 3.616 3.17 3.142 2.946 2.43 2.055 1.907 1.492
8.985 8.943 8.914 7.642 7.3 6.799 5.853 5.066 4.964 4.569 4.503 3.599 3.478 2.699 2.518 2.416 2.298 2.29 2.147 2.043 2.018 1.599

 theoretical Separation index matrix >>

-1 0.34
0.34 -1

 theoretical projection directions >>

**** cluster 1 and 2
0.049 0.36 0.366 0.053 0.185 0.014 0.024 0.114 0.1 0.066 0.435 0.004 -0.022 0.251 0.273 0.402 0.149 0.016 0.084 0.223 -0.069 0.308

 empirical Separation index matrix (alpha= 0.05 )>>

-1 0.379
0.379 -1

 empirical projection directions >>

**** cluster 1 and 2
-0.156 -0.319 -0.209 -0.017 -0.373 -0.028 -0.173 -0.061 -0.046 -0.173 -0.533 0.029 0.031 -0.262 -0.158 -0.199 -0.167 0.036 -0.083 -0.345 0.027 -0.222
