
 Log information for the data set datasetJHG2v24nv0out0_2.dat >>

 alpha = 0.05 sepVal = 0.34

 Number of clusters >> 2

 cluster sizes >>
50 50

 Number of data points >> 100

 Number of dimensions >> 24

 Number of noisy dimensions >> 0

 noisy variables >>
0

 Number of outliers >> 0

 initial eigenvalues for each cluster >> 
 (rows correspond to clusters)
1.93 3.726 9.34 1.899 7.022 6.601 5.057 5.7 3.344 9.209 8.941 5.618 1.523 1.69 2.253 7.271 7.061 8.151 4.965 2.516 8.387 7.289 8.504 8.927
4.101 6.126 2.086 9.417 8.747 4.42 4.561 9.579 4.202 6.582 3.017 5.975 7.374 7.321 1.615 7.828 7.496 9.341 4.693 8.078 7.325 5.303 6.78 9.635

 Mean vectors and covariance matrices before rotation --- 1th cluster >>

 mean vector (mu'=Q*mu)>>
-9.569 0 0 0 0 0 0 0 0 0 0 0 0 0 0 0 0 0 0 0 0 0 0 0

 covariance matrix (Sigma'=Q*Sigma*t(Q))>>

5.894 0.145 -0.686 0.258 -0.159 -0.217 0.002 -0.021 0.177 -1.167 -1.124 -0.165 0.949 0.542 0.807 -0.242 -0.559 -0.039 0.032 0.535 -0.892 -0.153 -0.694 -1.105
0.145 3.722 -0.083 0.01 -0.026 -0.04 -0.01 -0.007 0 -0.142 -0.14 -0.061 0.04 0.022 0.025 -0.037 -0.091 -0.005 -0.038 0.014 -0.117 -0.024 -0.09 -0.137
-0.686 -0.083 9.098 -0.044 -0.098 -0.164 -0.064 -0.035 -0.074 -0.419 -0.421 -0.316 -0.132 -0.082 -0.167 -0.137 -0.341 -0.017 -0.25 -0.129 -0.371 -0.086 -0.282 -0.416
0.258 0.01 -0.044 1.915 -0.01 -0.014 0 -0.001 0.012 -0.075 -0.072 -0.01 0.062 0.035 0.053 -0.015 -0.035 -0.002 0.003 0.035 -0.057 -0.01 -0.044 -0.071
-0.159 -0.026 -0.098 -0.01 6.984 -0.062 -0.022 -0.012 -0.022 -0.17 -0.17 -0.114 -0.027 -0.018 -0.042 -0.053 -0.131 -0.007 -0.087 -0.034 -0.148 -0.033 -0.113 -0.168
-0.217 -0.04 -0.164 -0.014 -0.062 6.501 -0.035 -0.02 -0.034 -0.283 -0.283 -0.183 -0.034 -0.023 -0.06 -0.086 -0.214 -0.011 -0.138 -0.05 -0.245 -0.054 -0.187 -0.279
0.002 -0.01 -0.064 0 -0.022 -0.035 5.046 -0.007 -0.008 -0.11 -0.109 -0.061 0.006 0.002 -0.004 -0.032 -0.077 -0.004 -0.043 -0.006 -0.093 -0.02 -0.071 -0.107
-0.021 -0.007 -0.035 -0.001 -0.012 -0.02 -0.007 5.696 -0.005 -0.06 -0.059 -0.035 -0.001 -0.002 -0.007 -0.018 -0.043 -0.002 -0.026 -0.007 -0.051 -0.011 -0.039 -0.058
0.177 0 -0.074 0.012 -0.022 -0.034 -0.008 -0.005 3.347 -0.127 -0.124 -0.049 0.046 0.026 0.033 -0.032 -0.077 -0.005 -0.028 0.019 -0.103 -0.02 -0.079 -0.122
-1.167 -0.142 -0.419 -0.075 -0.17 -0.283 -0.11 -0.06 -0.127 8.482 -0.731 -0.544 -0.223 -0.139 -0.285 -0.236 -0.59 -0.03 -0.431 -0.221 -0.644 -0.148 -0.489 -0.72
-1.124 -0.14 -0.421 -0.072 -0.17 -0.283 -0.109 -0.059 -0.124 -0.731 8.206 -0.541 -0.213 -0.134 -0.276 -0.237 -0.59 -0.03 -0.427 -0.215 -0.646 -0.148 -0.491 -0.724
-0.165 -0.061 -0.316 -0.01 -0.114 -0.183 -0.061 -0.035 -0.049 -0.544 -0.541 5.296 -0.008 -0.011 -0.06 -0.16 -0.395 -0.021 -0.235 -0.057 -0.465 -0.101 -0.355 -0.533
0.949 0.04 -0.132 0.062 -0.027 -0.034 0.006 -0.001 0.046 -0.223 -0.213 -0.008 1.748 0.129 0.196 -0.042 -0.094 -0.007 0.03 0.131 -0.166 -0.026 -0.13 -0.21
0.542 0.022 -0.082 0.035 -0.018 -0.023 0.002 -0.002 0.026 -0.139 -0.134 -0.011 0.129 1.763 0.111 -0.027 -0.062 -0.005 0.012 0.074 -0.105 -0.017 -0.082 -0.132
0.807 0.025 -0.167 0.053 -0.042 -0.06 -0.004 -0.007 0.033 -0.285 -0.276 -0.06 0.196 0.111 2.415 -0.063 -0.148 -0.01 -0.012 0.106 -0.222 -0.04 -0.172 -0.272
-0.242 -0.037 -0.137 -0.015 -0.053 -0.086 -0.032 -0.018 -0.032 -0.236 -0.237 -0.16 -0.042 -0.027 -0.063 7.198 -0.183 -0.009 -0.123 -0.051 -0.206 -0.046 -0.157 -0.233
-0.559 -0.091 -0.341 -0.035 -0.131 -0.214 -0.077 -0.043 -0.077 -0.59 -0.59 -0.395 -0.094 -0.062 -0.148 -0.183 6.607 -0.024 -0.302 -0.12 -0.513 -0.115 -0.391 -0.582
-0.039 -0.005 -0.017 -0.002 -0.007 -0.011 -0.004 -0.002 -0.005 -0.03 -0.03 -0.021 -0.007 -0.005 -0.01 -0.009 -0.024 8.15 -0.017 -0.008 -0.026 -0.006 -0.02 -0.029
0.032 -0.038 -0.25 0.003 -0.087 -0.138 -0.043 -0.026 -0.028 -0.431 -0.427 -0.235 0.03 0.012 -0.012 -0.123 -0.302 -0.017 4.799 -0.021 -0.364 -0.077 -0.279 -0.421
0.535 0.014 -0.129 0.035 -0.034 -0.05 -0.006 -0.007 0.019 -0.221 -0.215 -0.057 0.131 0.074 0.106 -0.051 -0.12 -0.008 -0.021 2.584 -0.174 -0.032 -0.135 -0.211
-0.892 -0.117 -0.371 -0.057 -0.148 -0.245 -0.093 -0.051 -0.103 -0.644 -0.646 -0.465 -0.166 -0.105 -0.222 -0.206 -0.513 -0.026 -0.364 -0.174 7.82 -0.129 -0.431 -0.637
-0.153 -0.024 -0.086 -0.01 -0.033 -0.054 -0.02 -0.011 -0.02 -0.148 -0.148 -0.101 -0.026 -0.017 -0.04 -0.046 -0.115 -0.006 -0.077 -0.032 -0.129 7.26 -0.098 -0.146
-0.694 -0.09 -0.282 -0.044 -0.113 -0.187 -0.071 -0.039 -0.079 -0.489 -0.491 -0.355 -0.13 -0.082 -0.172 -0.157 -0.391 -0.02 -0.279 -0.135 -0.431 -0.098 8.176 -0.484
-1.105 -0.137 -0.416 -0.071 -0.168 -0.279 -0.107 -0.058 -0.122 -0.72 -0.724 -0.533 -0.21 -0.132 -0.272 -0.233 -0.582 -0.029 -0.421 -0.211 -0.637 -0.146 -0.484 8.213

 Mean vectors and covariance matrices before rotation --- 2th cluster >>

 mean vector (mu'=Q*mu)>>
9.569 0 0 0 0 0 0 0 0 0 0 0 0 0 0 0 0 0 0 0 0 0 0 0

 covariance matrix (Sigma'=Q*Sigma*t(Q))>>

6.784 0.144 0.211 -0.828 -0.129 0.317 0.394 -0.82 0.273 0 1.057 0.146 -0.122 -0.195 0.301 -0.258 -0.226 -0.543 0.601 -0.358 -0.006 0.294 -0.025 -0.603
0.144 6.004 0.032 -0.391 -0.069 0.007 0.002 -0.379 0.012 -0.001 0.127 -0.085 -0.123 -0.208 0.049 -0.19 -0.205 -0.259 -0.008 -0.235 -0.007 -0.043 -0.095 -0.276
0.211 0.032 2.099 -0.01 0 0.026 0.034 -0.011 0.022 0 0.072 0.026 0.009 0.016 0.018 0.008 0.013 -0.006 0.054 0.006 0.001 0.032 0.013 -0.009
-0.828 -0.391 -0.01 8.748 -0.126 -0.125 -0.173 -0.639 -0.091 -0.004 -0.14 -0.294 -0.274 -0.468 -0.005 -0.389 -0.445 -0.447 -0.294 -0.464 -0.015 -0.248 -0.243 -0.464
-0.129 -0.069 0 -0.126 8.723 -0.02 -0.028 -0.12 -0.014 -0.001 -0.017 -0.051 -0.05 -0.085 0.001 -0.071 -0.081 -0.084 -0.048 -0.086 -0.003 -0.042 -0.044 -0.087
0.317 0.007 0.026 -0.125 -0.02 4.456 0.045 -0.123 0.032 0 0.13 0.01 -0.023 -0.038 0.038 -0.044 -0.042 -0.082 0.068 -0.059 -0.001 0.03 -0.01 -0.09
0.394 0.002 0.034 -0.173 -0.028 0.045 4.616 -0.17 0.04 0 0.166 0.008 -0.035 -0.058 0.049 -0.064 -0.062 -0.114 0.082 -0.085 -0.002 0.034 -0.018 -0.125
-0.82 -0.379 -0.011 -0.639 -0.12 -0.123 -0.17 8.969 -0.09 -0.004 -0.143 -0.285 -0.263 -0.449 -0.007 -0.373 -0.428 -0.426 -0.288 -0.445 -0.015 -0.242 -0.234 -0.443
0.273 0.012 0.022 -0.091 -0.014 0.032 0.04 -0.09 4.23 0 0.109 0.013 -0.015 -0.024 0.031 -0.03 -0.027 -0.06 0.06 -0.041 -0.001 0.029 -0.004 -0.066
0 -0.001 0 -0.004 -0.001 0 0 -0.004 0 6.582 0.001 -0.001 -0.001 -0.002 0 -0.002 -0.002 -0.003 0 -0.002 0 -0.001 -0.001 -0.003
1.057 0.127 0.072 -0.14 -0.017 0.13 0.166 -0.143 0.109 0.001 3.396 0.108 0.015 0.03 0.101 -0.007 0.015 -0.09 0.259 -0.025 0.001 0.148 0.041 -0.106
0.146 -0.085 0.026 -0.294 -0.051 0.01 0.008 -0.285 0.013 -0.001 0.108 5.917 -0.09 -0.152 0.04 -0.14 -0.151 -0.195 0.004 -0.174 -0.005 -0.026 -0.069 -0.208
-0.122 -0.123 0.009 -0.274 -0.05 -0.023 -0.035 -0.263 -0.015 -0.001 0.015 -0.09 7.275 -0.169 0.016 -0.146 -0.163 -0.182 -0.064 -0.177 -0.006 -0.066 -0.083 -0.191
-0.195 -0.208 0.016 -0.468 -0.085 -0.038 -0.058 -0.449 -0.024 -0.002 0.03 -0.152 -0.169 7.034 0.028 -0.249 -0.277 -0.311 -0.106 -0.302 -0.009 -0.111 -0.141 -0.327
0.301 0.049 0.018 -0.005 0.001 0.038 0.049 -0.007 0.031 0 0.101 0.04 0.016 0.028 1.64 0.015 0.024 -0.003 0.078 0.014 0.001 0.048 0.021 -0.006
-0.258 -0.19 0.008 -0.389 -0.071 -0.044 -0.064 -0.373 -0.03 -0.002 -0.007 -0.14 -0.146 -0.249 0.015 7.615 -0.239 -0.259 -0.113 -0.257 -0.008 -0.108 -0.125 -0.271
-0.226 -0.205 0.013 -0.445 -0.081 -0.042 -0.062 -0.428 -0.027 -0.002 0.015 -0.151 -0.163 -0.277 0.024 -0.239 7.228 -0.296 -0.111 -0.29 -0.009 -0.112 -0.138 -0.311
-0.543 -0.259 -0.006 -0.447 -0.084 -0.082 -0.114 -0.426 -0.06 -0.003 -0.09 -0.195 -0.182 -0.311 -0.003 -0.259 -0.296 9.043 -0.194 -0.309 -0.01 -0.164 -0.161 -0.31
0.601 -0.008 0.054 -0.294 -0.048 0.068 0.082 -0.288 0.06 0 0.259 0.004 -0.064 -0.106 0.078 -0.113 -0.111 -0.194 4.815 -0.148 -0.003 0.048 -0.035 -0.211
-0.358 -0.235 0.006 -0.464 -0.086 -0.059 -0.085 -0.445 -0.041 -0.002 -0.025 -0.174 -0.177 -0.302 0.014 -0.257 -0.29 -0.309 -0.148 7.769 -0.01 -0.137 -0.152 -0.323
-0.006 -0.007 0.001 -0.015 -0.003 -0.001 -0.002 -0.015 -0.001 0 0.001 -0.005 -0.006 -0.009 0.001 -0.008 -0.009 -0.01 -0.003 -0.01 7.325 -0.004 -0.005 -0.011
0.294 -0.043 0.032 -0.248 -0.042 0.03 0.034 -0.242 0.029 -0.001 0.148 -0.026 -0.066 -0.111 0.048 -0.108 -0.112 -0.164 0.048 -0.137 -0.004 5.308 -0.045 -0.177
-0.025 -0.095 0.013 -0.243 -0.044 -0.01 -0.018 -0.234 -0.004 -0.001 0.041 -0.069 -0.083 -0.141 0.021 -0.125 -0.138 -0.161 -0.035 -0.152 -0.005 -0.045 6.713 -0.171
-0.603 -0.276 -0.009 -0.464 -0.087 -0.09 -0.125 -0.443 -0.066 -0.003 -0.106 -0.208 -0.191 -0.327 -0.006 -0.271 -0.311 -0.31 -0.211 -0.323 -0.011 -0.177 -0.171 9.313

 Final eigenvalues for each cluster >> 
 (rows correspond to clusters)
9.34 9.209 8.941 8.927 8.504 8.387 8.151 7.289 7.271 7.061 7.022 6.601 5.7 5.618 5.057 4.965 3.726 3.344 2.516 2.253 1.93 1.899 1.69 1.523
9.635 9.579 9.417 9.341 8.747 8.078 7.828 7.496 7.374 7.325 7.321 6.78 6.582 6.126 5.975 5.303 4.693 4.561 4.42 4.202 4.101 3.017 2.086 1.615

 *************************************************

 ********************* rotation ******************

 *************************************************


 The orthogonal matrix Q >>
0.28 0.125 0.058 0.34 0.033 0.049 0.019 0.278 0.313 0.016 0.132 0.09 0.332 0.125 0.065 0.315 0.234 0.058 0.228 0.336 0.224 0.17 0.144 0.171
0.125 -0.988 0.006 0.033 0.003 0.005 0.002 0.027 0.031 0.002 0.013 0.009 0.032 0.012 0.006 0.031 0.023 0.006 0.022 0.033 0.022 0.017 0.014 0.017
0.058 0.006 -0.997 0.015 0.002 0.002 0.001 0.013 0.014 0.001 0.006 0.004 0.015 0.006 0.003 0.014 0.011 0.003 0.01 0.015 0.01 0.008 0.007 0.008
0.34 0.033 0.015 -0.91 0.009 0.013 0.005 0.074 0.083 0.004 0.035 0.024 0.088 0.033 0.017 0.084 0.062 0.016 0.061 0.089 0.059 0.045 0.038 0.046
0.033 0.003 0.002 0.009 -0.999 0.001 0 0.007 0.008 0 0.003 0.002 0.009 0.003 0.002 0.008 0.006 0.002 0.006 0.009 0.006 0.004 0.004 0.004
0.049 0.005 0.002 0.013 0.001 -0.998 0.001 0.011 0.012 0.001 0.005 0.003 0.013 0.005 0.002 0.012 0.009 0.002 0.009 0.013 0.009 0.007 0.006 0.007
0.019 0.002 0.001 0.005 0 0.001 -1 0.004 0.005 0 0.002 0.001 0.005 0.002 0.001 0.005 0.004 0.001 0.003 0.005 0.003 0.003 0.002 0.003
0.278 0.027 0.013 0.074 0.007 0.011 0.004 -0.94 0.068 0.004 0.029 0.019 0.072 0.027 0.014 0.068 0.051 0.013 0.05 0.073 0.049 0.037 0.031 0.037
0.313 0.031 0.014 0.083 0.008 0.012 0.005 0.068 -0.924 0.004 0.032 0.022 0.081 0.031 0.016 0.077 0.057 0.014 0.056 0.082 0.055 0.042 0.035 0.042
0.016 0.002 0.001 0.004 0 0.001 0 0.004 0.004 -1 0.002 0.001 0.004 0.002 0.001 0.004 0.003 0.001 0.003 0.004 0.003 0.002 0.002 0.002
0.132 0.013 0.006 0.035 0.003 0.005 0.002 0.029 0.032 0.002 -0.986 0.009 0.034 0.013 0.007 0.032 0.024 0.006 0.024 0.035 0.023 0.018 0.015 0.018
0.09 0.009 0.004 0.024 0.002 0.003 0.001 0.019 0.022 0.001 0.009 -0.994 0.023 0.009 0.005 0.022 0.016 0.004 0.016 0.024 0.016 0.012 0.01 0.012
0.332 0.032 0.015 0.088 0.009 0.013 0.005 0.072 0.081 0.004 0.034 0.023 -0.914 0.032 0.017 0.082 0.061 0.015 0.059 0.087 0.058 0.044 0.037 0.044
0.125 0.012 0.006 0.033 0.003 0.005 0.002 0.027 0.031 0.002 0.013 0.009 0.032 -0.988 0.006 0.031 0.023 0.006 0.022 0.033 0.022 0.017 0.014 0.017
0.065 0.006 0.003 0.017 0.002 0.002 0.001 0.014 0.016 0.001 0.007 0.005 0.017 0.006 -0.997 0.016 0.012 0.003 0.012 0.017 0.011 0.009 0.007 0.009
0.315 0.031 0.014 0.084 0.008 0.012 0.005 0.068 0.077 0.004 0.032 0.022 0.082 0.031 0.016 -0.923 0.058 0.014 0.056 0.083 0.055 0.042 0.035 0.042
0.234 0.023 0.011 0.062 0.006 0.009 0.004 0.051 0.057 0.003 0.024 0.016 0.061 0.023 0.012 0.058 -0.957 0.011 0.042 0.062 0.041 0.031 0.026 0.031
0.058 0.006 0.003 0.016 0.002 0.002 0.001 0.013 0.014 0.001 0.006 0.004 0.015 0.006 0.003 0.014 0.011 -0.997 0.01 0.015 0.01 0.008 0.007 0.008
0.228 0.022 0.01 0.061 0.006 0.009 0.003 0.05 0.056 0.003 0.024 0.016 0.059 0.022 0.012 0.056 0.042 0.01 -0.959 0.06 0.04 0.03 0.026 0.031
0.336 0.033 0.015 0.089 0.009 0.013 0.005 0.073 0.082 0.004 0.035 0.024 0.087 0.033 0.017 0.083 0.062 0.015 0.06 -0.912 0.059 0.045 0.038 0.045
0.224 0.022 0.01 0.059 0.006 0.009 0.003 0.049 0.055 0.003 0.023 0.016 0.058 0.022 0.011 0.055 0.041 0.01 0.04 0.059 -0.961 0.03 0.025 0.03
0.17 0.017 0.008 0.045 0.004 0.007 0.003 0.037 0.042 0.002 0.018 0.012 0.044 0.017 0.009 0.042 0.031 0.008 0.03 0.045 0.03 -0.977 0.019 0.023
0.144 0.014 0.007 0.038 0.004 0.006 0.002 0.031 0.035 0.002 0.015 0.01 0.037 0.014 0.007 0.035 0.026 0.007 0.026 0.038 0.025 0.019 -0.984 0.019
0.171 0.017 0.008 0.046 0.004 0.007 0.003 0.037 0.042 0.002 0.018 0.012 0.044 0.017 0.009 0.042 0.031 0.008 0.031 0.045 0.03 0.023 0.019 -0.977

 Mean vectors and covariance matrices after rotation --- 1th cluster >>

 mean vector (mu'=Q*mu)>>
-0.32 -2.184 -1.199 -3.219 -0.554 -0.859 -0.155 -0.559 -1.262 -3.012 -1.195 -1.379 -3.176 -2.682 -0.473 -2.992 -1.631 -0.618 -1.641 -3.257 -0.183 -2.141 -2.241 -2.659

 covariance matrix (Sigma'=Q*Sigma*t(Q))>>

7.004 -0.012 0.01 0.066 -0.048 -0.067 -0.098 0.007 -0.079 0.033 0.011 -0.043 0.064 0.172 -0.033 0.075 0.015 -0.044 -0.071 0.104 -0.014 -0.05 -0.038 0.062
-0.012 4.936 -0.006 0.107 -0.004 -0.066 0.035 -0.018 -0.025 -0.057 0.01 -0.04 0.098 0.178 -0.022 0.118 -0.032 -0.132 -0.043 0.218 -0.017 -0.064 -0.054 0.026
0.01 -0.006 1.702 0.007 0.029 0.045 0.109 -0.029 0.033 -0.119 -0.003 -0.01 0.031 0.1 0.02 -0.022 -0.062 0.019 0.006 0.015 0.009 -0.031 -0.022 -0.086
0.066 0.107 0.007 2.664 0.215 0.163 0.46 -0.028 0.336 -0.054 0.044 0.171 0.125 0.339 0.105 0.134 -0.02 -0.092 0.29 0.243 0.026 0.197 0.17 -0.019
-0.048 -0.004 0.029 0.215 9.214 -0.189 -0.286 0.037 -0.197 0.172 0.045 -0.088 0.194 0.539 -0.088 0.253 0.084 -0.138 -0.161 0.327 -0.039 -0.088 -0.061 0.237
-0.067 -0.066 0.045 0.163 -0.189 5.408 -0.353 0.008 -0.317 0.024 0.021 -0.189 0.186 0.539 -0.113 0.167 0.003 -0.075 -0.298 0.247 -0.041 -0.234 -0.179 0.125
-0.098 0.035 0.109 0.46 -0.286 -0.353 8.548 0.087 -0.439 0.397 0.111 -0.184 0.445 1.4 -0.176 0.508 0.195 -0.165 -0.351 0.62 -0.07 -0.176 -0.105 0.499
0.007 -0.018 -0.029 -0.028 0.037 0.008 0.087 8.141 0.052 -0.042 -0.013 0.018 -0.043 -0.205 0.011 -0.017 -0.021 -0.051 0.04 -0.001 -0.001 0.015 0.003 -0.033
-0.079 -0.025 0.033 0.336 -0.197 -0.317 -0.439 0.052 8.626 0.248 0.065 -0.149 0.297 0.776 -0.146 0.404 0.12 -0.254 -0.263 0.535 -0.067 -0.155 -0.115 0.365
0.033 -0.057 -0.119 -0.054 0.172 0.024 0.397 -0.042 0.248 7.121 -0.038 0.096 -0.125 -0.724 0.047 0.002 -0.074 -0.263 0.196 0.1 -0.006 0.089 0.034 -0.094
0.011 0.01 -0.003 0.044 0.045 0.021 0.111 -0.013 0.065 -0.038 3.734 0.024 0.038 0.073 0.018 0.043 -0.019 -0.048 0.049 0.087 0.002 0.021 0.018 -0.011
-0.043 -0.04 -0.01 0.171 -0.088 -0.189 -0.184 0.018 -0.149 0.096 0.024 8.423 0.135 0.255 -0.08 0.222 0.044 -0.205 -0.131 0.32 -0.042 -0.092 -0.078 0.18
0.064 0.098 0.031 0.125 0.194 0.186 0.445 -0.043 0.297 -0.125 0.038 0.135 1.657 0.43 0.107 0.08 -0.058 -0.016 0.241 0.181 0.033 0.143 0.133 -0.085
0.172 0.178 0.1 0.339 0.539 0.539 1.4 -0.205 0.776 -0.724 0.073 0.255 0.43 3.244 0.301 0.148 -0.36 -0.042 0.548 0.544 0.097 0.186 0.197 -0.482
-0.033 -0.022 0.02 0.105 -0.088 -0.113 -0.176 0.011 -0.146 0.047 0.018 -0.08 0.107 0.301 6.545 0.116 0.02 -0.061 -0.132 0.162 -0.023 -0.095 -0.072 0.097
0.075 0.118 -0.022 0.134 0.253 0.167 0.508 -0.017 0.404 0.002 0.043 0.222 0.08 0.148 0.116 3.491 0.012 -0.143 0.364 0.246 0.025 0.269 0.221 0.016
0.015 -0.032 -0.062 -0.02 0.084 0.003 0.195 -0.021 0.12 -0.074 -0.019 0.044 -0.058 -0.36 0.02 0.012 7.252 -0.145 0.093 0.067 -0.005 0.04 0.013 -0.041
-0.044 -0.132 0.019 -0.092 -0.138 -0.075 -0.165 -0.051 -0.254 -0.263 -0.048 -0.205 -0.016 -0.042 -0.061 -0.143 -0.145 2.336 -0.284 -0.123 -0.01 -0.293 -0.24 -0.186
-0.071 -0.043 0.006 0.29 -0.161 -0.298 -0.351 0.04 -0.263 0.196 0.049 -0.131 0.241 0.548 -0.132 0.364 0.093 -0.284 8.703 0.501 -0.064 -0.142 -0.113 0.316
0.104 0.218 0.015 0.243 0.327 0.247 0.62 -0.001 0.535 0.1 0.087 0.32 0.181 0.544 0.162 0.246 0.067 -0.123 0.501 2.255 0.04 0.403 0.347 0.091
-0.014 -0.017 0.009 0.026 -0.039 -0.041 -0.07 -0.001 -0.067 -0.006 0.002 -0.042 0.033 0.097 -0.023 0.025 -0.005 -0.01 -0.064 0.04 5.049 -0.053 -0.041 0.016
-0.05 -0.064 -0.031 0.197 -0.088 -0.234 -0.176 0.015 -0.155 0.089 0.021 -0.092 0.143 0.186 -0.095 0.269 0.04 -0.293 -0.142 0.403 -0.053 8.278 -0.099 0.203
-0.038 -0.054 -0.022 0.17 -0.061 -0.179 -0.105 0.003 -0.115 0.034 0.018 -0.078 0.133 0.197 -0.072 0.221 0.013 -0.24 -0.113 0.347 -0.041 -0.099 6.973 0.142
0.062 0.026 -0.086 -0.019 0.237 0.125 0.499 -0.033 0.365 -0.094 -0.011 0.18 -0.085 -0.482 0.097 0.016 -0.041 -0.186 0.316 0.091 0.016 0.203 0.142 5.62

 Mean vectors and covariance matrices after rotation --- 2th cluster >>

 mean vector (mu'=Q*mu)>>
0.32 2.184 1.199 3.219 0.554 0.859 0.155 0.559 1.262 3.012 1.195 1.379 3.176 2.682 0.473 2.992 1.631 0.618 1.641 3.257 0.183 2.141 2.241 2.659

 covariance matrix (Sigma'=Q*Sigma*t(Q))>>

8.739 -0.002 -0.034 0.006 0.01 -0.025 0.003 -0.035 -0.016 0.011 -0.031 -0.003 0.029 0.145 -0.015 0.063 -0.003 0.011 -0.021 -0.017 -0.032 0.041 -0.01 -0.023
-0.002 4.715 0.017 -0.136 0.02 0.02 -0.006 0.036 0.03 -0.123 0.023 -0.021 -0.129 0.136 0.013 0.018 0.006 0.025 -0.069 -0.174 0.019 -0.115 -0.05 -0.131
-0.034 0.017 7.198 -0.034 0.043 -0.074 0.007 -0.139 0.007 -0.009 -0.094 -0.021 0.054 0.546 -0.03 0.197 -0.001 0.05 -0.115 -0.137 -0.078 0.103 -0.062 -0.147
0.006 -0.136 -0.034 8.021 -0.003 -0.087 0.001 0.07 -0.27 -0.051 -0.101 -0.03 -0.041 -0.148 -0.106 0.116 -0.079 -0.018 0.007 -0.049 -0.165 -0.018 -0.037 -0.019
0.01 0.02 0.043 -0.003 2.089 0.027 -0.002 0.05 0.009 -0.006 0.035 0.012 -0.019 0.048 0.011 0 0.016 0.003 0.021 0.008 0.017 -0.036 0.02 0.019
-0.025 0.02 -0.074 -0.087 0.027 5.945 0.001 -0.09 0.05 -0.067 -0.043 -0.028 -0.035 0.276 0 0.073 -0.001 0.035 -0.11 -0.163 -0.013 0.006 -0.07 -0.155
0.003 -0.006 0.007 0.001 -0.002 0.001 6.581 0.014 -0.014 0 0.002 0.001 -0.003 -0.023 -0.004 -0.001 -0.002 -0.003 0.009 0.007 -0.005 -0.006 0.004 0.01
-0.035 0.036 -0.139 0.07 0.05 -0.09 0.014 9.167 -0.001 0.091 -0.112 0.003 0.172 0.77 -0.041 0.279 0.016 0.056 -0.081 -0.035 -0.109 0.211 -0.019 -0.075
-0.016 0.03 0.007 -0.27 0.009 0.05 -0.014 -0.001 3.165 -0.249 0.051 -0.059 -0.271 -0.171 0.061 -0.15 -0.004 0.022 -0.152 -0.325 0.115 -0.231 -0.125 -0.26
0.011 -0.123 -0.009 -0.051 -0.006 -0.067 0 0.091 -0.249 7.779 -0.076 -0.024 -0.049 -0.178 -0.092 0.088 -0.069 -0.02 0.022 -0.032 -0.141 -0.036 -0.024 0
-0.031 0.023 -0.094 -0.101 0.035 -0.043 0.002 -0.112 0.051 -0.076 6.068 -0.033 -0.034 0.373 -0.005 0.107 -0.002 0.045 -0.134 -0.197 -0.026 0.016 -0.084 -0.188
-0.003 -0.021 -0.021 -0.03 0.012 -0.028 0.001 0.003 -0.059 -0.024 -0.033 6.771 -0.011 0.118 -0.028 0.076 -0.013 0.01 -0.022 -0.051 -0.051 0.001 -0.019 -0.04
0.029 -0.129 0.054 -0.041 -0.019 -0.035 -0.003 0.172 -0.271 -0.049 -0.034 -0.011 7.298 -0.344 -0.086 0.035 -0.066 -0.037 0.077 0.021 -0.121 -0.088 0.008 0.064
0.145 0.136 0.546 -0.148 0.048 0.276 -0.023 0.77 -0.171 -0.178 0.373 0.118 -0.344 4.724 0.029 0.171 0.136 0.035 0.27 -0.01 0.046 -0.536 0.214 0.18
-0.015 0.013 -0.03 -0.106 0.011 0 -0.004 -0.041 0.061 -0.092 -0.005 -0.028 -0.086 0.029 4.437 -0.023 -0.004 0.017 -0.084 -0.149 0.028 -0.058 -0.063 -0.129
0.063 0.018 0.197 0.116 0 0.073 -0.001 0.279 -0.15 0.088 0.107 0.076 0.035 0.171 -0.023 4.303 0.043 -0.014 0.201 0.216 -0.039 -0.06 0.154 0.242
-0.003 0.006 -0.001 -0.079 0.016 -0.001 -0.002 0.016 -0.004 -0.069 -0.002 -0.013 -0.066 0.136 -0.004 0.043 5.303 0.018 -0.045 -0.109 -0.01 -0.054 -0.033 -0.084
0.011 0.025 0.05 -0.018 0.003 0.035 -0.003 0.056 0.022 -0.02 0.045 0.01 -0.037 0.035 0.017 -0.014 0.018 1.618 0.016 -0.007 0.029 -0.054 0.016 0.008
-0.021 -0.069 -0.115 0.007 0.021 -0.11 0.009 -0.081 -0.152 0.022 -0.134 -0.022 0.077 0.27 -0.084 0.201 -0.045 0.016 9.584 -0.049 -0.154 0.119 -0.042 -0.059
-0.017 -0.174 -0.137 -0.049 0.008 -0.163 0.007 -0.035 -0.325 -0.032 -0.197 -0.051 0.021 -0.01 -0.149 0.216 -0.109 -0.007 -0.049 9.328 -0.245 0.083 -0.079 -0.077
-0.032 0.019 -0.078 -0.165 0.017 -0.013 -0.005 -0.109 0.115 -0.141 -0.026 -0.051 -0.121 0.046 0.028 -0.039 -0.01 0.029 -0.154 -0.245 4.606 -0.065 -0.113 -0.224
0.041 -0.115 0.103 -0.018 -0.036 0.006 -0.006 0.211 -0.231 -0.036 0.016 0.001 -0.088 -0.536 -0.058 -0.06 -0.054 -0.054 0.119 0.083 -0.065 7.203 0.037 0.123
-0.01 -0.05 -0.062 -0.037 0.02 -0.07 0.004 -0.019 -0.125 -0.024 -0.084 -0.019 0.008 0.214 -0.063 0.154 -0.033 0.016 -0.042 -0.079 -0.113 0.037 7.458 -0.068
-0.023 -0.131 -0.147 -0.019 0.019 -0.155 0.01 -0.075 -0.26 0 -0.188 -0.04 0.064 0.18 -0.129 0.242 -0.084 0.008 -0.059 -0.077 -0.224 0.123 -0.068 9.5

 Final eigenvalues for each cluster >> 
 (rows correspond to clusters)
9.34 9.209 8.941 8.927 8.504 8.387 8.151 7.289 7.271 7.061 7.022 6.601 5.7 5.618 5.057 4.965 3.726 3.344 2.516 2.253 1.93 1.899 1.69 1.523
9.635 9.579 9.417 9.341 8.747 8.078 7.828 7.496 7.374 7.325 7.321 6.78 6.582 6.126 5.975 5.303 4.693 4.561 4.42 4.202 4.101 3.017 2.086 1.615

 theoretical Separation index matrix >>

-1 0.34
0.34 -1

 theoretical projection directions >>

**** cluster 1 and 2
0.009 0.253 0.144 0.333 0 0.056 -0.077 0.022 0.085 0.269 0.134 0.079 0.405 0.337 0.039 0.354 0.167 0.291 0.059 0.276 0.044 0.148 0.154 0.215

 empirical Separation index matrix (alpha= 0.05 )>>

-1 0.434
0.434 -1

 empirical projection directions >>

**** cluster 1 and 2
0.052 0.267 0.184 0.232 0.08 -0.025 -0.173 0.104 -0.007 0.299 0.159 0.047 0.407 0.136 0.086 0.47 0.134 0.384 -0.01 0.099 0.04 0.151 0.039 0.245
