
 Log information for the data set datasetJHG2v24nv3out0_1.dat >>

 alpha = 0.05 sepVal = 0.34

 Number of clusters >> 2

 cluster sizes >>
50 50

 Number of data points >> 100

 Number of dimensions >> 27

 Number of noisy dimensions >> 3

 noisy variables >>
12 17 27

 Number of outliers >> 0

 initial eigenvalues for each cluster >> 
 (rows correspond to clusters)
3.64 3.595 9.658 7.502 4.713 9.493 2.566 2.184 1.276 4.657 2.445 2.276 2.336 1.279 4.512 1.911 5.714 3.503 7.782 9.748 6.409 7.958 1.6 7.775
5.637 1.898 7.092 8.344 9.082 3.46 3.577 5.51 8.251 5.554 5.035 1.827 7.509 3.791 3.498 6.351 7.751 5.995 5.219 6.179 9.904 9.881 4.618 2.018

 Mean vectors and covariance matrices before rotation --- 1th cluster >>

 mean vector (mu'=Q*mu)>>
-8.521 0 0 0 0 0 0 0 0 0 0 0 0 0 0 0 0 0 0 0 0 0 0 0 0 0 0

 covariance matrix (Sigma'=Q*Sigma*t(Q))>>

4.42 0.252 -0.395 -0.301 -0.099 -0.668 0.305 0.241 0.869 -0.106 0.394 0.454 0.29 0.197 -0.059 0.513 -0.326 0.129 -0.875 -0.747 -0.263 -0.784 0.283 -0.453 0 0 0
0.252 3.676 -0.119 -0.09 -0.026 -0.201 0.095 0.075 0.268 -0.028 0.123 0.141 0.09 0.061 -0.013 0.159 -0.096 0.041 -0.263 -0.225 -0.078 -0.235 0.087 -0.136 0 0 0
-0.395 -0.119 9.602 -0.058 -0.113 -0.097 -0.049 -0.029 -0.056 -0.141 -0.057 -0.058 -0.039 -0.013 -0.143 -0.051 -0.117 -0.053 -0.161 -0.105 -0.069 -0.139 -0.023 -0.083 0 0 0
-0.301 -0.09 -0.058 7.445 -0.096 -0.1 -0.031 -0.016 -0.019 -0.12 -0.035 -0.034 -0.023 -0.004 -0.12 -0.026 -0.106 -0.04 -0.159 -0.11 -0.065 -0.139 -0.01 -0.082 0 0 0
-0.099 -0.026 -0.113 -0.096 4.621 -0.193 0.029 0.029 0.135 -0.111 0.041 0.052 0.032 0.031 -0.103 0.069 -0.139 -0.009 -0.274 -0.214 -0.095 -0.243 0.041 -0.142 0 0 0
-0.668 -0.201 -0.097 -0.1 -0.193 9.327 -0.082 -0.048 -0.092 -0.24 -0.096 -0.097 -0.065 -0.021 -0.243 -0.084 -0.2 -0.09 -0.275 -0.181 -0.117 -0.239 -0.037 -0.143 0 0 0
0.305 0.095 -0.049 -0.031 0.029 -0.082 2.642 0.056 0.182 0.039 0.096 0.107 0.069 0.041 0.048 0.115 -0.011 0.046 -0.093 -0.093 -0.02 -0.085 0.061 -0.048 0 0 0
0.241 0.075 -0.029 -0.016 0.029 -0.048 0.056 2.224 0.129 0.038 0.07 0.078 0.05 0.029 0.045 0.083 0.002 0.036 -0.051 -0.055 -0.008 -0.047 0.044 -0.026 0 0 0
0.869 0.268 -0.056 -0.019 0.135 -0.092 0.182 0.129 1.668 0.175 0.226 0.248 0.161 0.089 0.194 0.258 0.06 0.126 -0.07 -0.107 0.01 -0.069 0.134 -0.036 0 0 0
-0.106 -0.028 -0.141 -0.12 -0.111 -0.24 0.039 0.038 0.175 4.523 0.055 0.069 0.043 0.039 -0.124 0.09 -0.171 -0.008 -0.341 -0.267 -0.118 -0.302 0.053 -0.177 0 0 0
0.394 0.123 -0.057 -0.035 0.041 -0.096 0.096 0.07 0.226 0.055 2.565 0.134 0.087 0.051 0.066 0.143 -0.008 0.059 -0.107 -0.109 -0.021 -0.098 0.076 -0.055 0 0 0
0.454 0.141 -0.058 -0.034 0.052 -0.097 0.107 0.078 0.248 0.069 0.134 2.425 0.096 0.056 0.082 0.158 0 0.067 -0.104 -0.11 -0.018 -0.096 0.084 -0.054 0 0 0
0.29 0.09 -0.039 -0.023 0.032 -0.065 0.069 0.05 0.161 0.043 0.087 0.096 2.399 0.037 0.051 0.103 -0.002 0.043 -0.071 -0.074 -0.013 -0.065 0.054 -0.037 0 0 0
0.197 0.061 -0.013 -0.004 0.031 -0.021 0.041 0.029 0.089 0.039 0.051 0.056 0.037 1.299 0.044 0.058 0.014 0.028 -0.016 -0.024 0.002 -0.016 0.03 -0.008 0 0 0
-0.059 -0.013 -0.143 -0.12 -0.103 -0.243 0.048 0.045 0.194 -0.124 0.066 0.082 0.051 0.044 4.399 0.103 -0.166 -0.002 -0.342 -0.27 -0.116 -0.303 0.06 -0.177 0 0 0
0.513 0.159 -0.051 -0.026 0.069 -0.084 0.115 0.083 0.258 0.09 0.143 0.158 0.103 0.058 0.103 2.077 0.016 0.075 -0.083 -0.096 -0.008 -0.078 0.088 -0.043 0 0 0
-0.326 -0.096 -0.117 -0.106 -0.139 -0.2 -0.011 0.002 0.06 -0.171 -0.008 0 -0.002 0.014 -0.166 0.016 5.539 -0.041 -0.299 -0.221 -0.112 -0.263 0.015 -0.155 0 0 0
0.129 0.041 -0.053 -0.04 -0.009 -0.09 0.046 0.036 0.126 -0.008 0.059 0.067 0.043 0.028 -0.002 0.075 -0.041 3.524 -0.116 -0.101 -0.034 -0.104 0.041 -0.06 0 0 0
-0.875 -0.263 -0.161 -0.159 -0.274 -0.275 -0.093 -0.051 -0.07 -0.341 -0.107 -0.104 -0.071 -0.016 -0.342 -0.083 -0.299 -0.116 7.341 -0.302 -0.181 -0.384 -0.033 -0.229 0 0 0
-0.747 -0.225 -0.105 -0.11 -0.214 -0.181 -0.093 -0.055 -0.107 -0.267 -0.109 -0.11 -0.074 -0.024 -0.27 -0.096 -0.221 -0.101 -0.302 9.551 -0.129 -0.262 -0.043 -0.156 0 0 0
-0.263 -0.078 -0.069 -0.065 -0.095 -0.117 -0.02 -0.008 0.01 -0.118 -0.021 -0.018 -0.013 0.002 -0.116 -0.008 -0.112 -0.034 -0.181 -0.129 6.339 -0.158 0 -0.094 0 0 0
-0.784 -0.235 -0.139 -0.139 -0.243 -0.239 -0.085 -0.047 -0.069 -0.302 -0.098 -0.096 -0.065 -0.016 -0.303 -0.078 -0.263 -0.104 -0.384 -0.262 -0.158 7.623 -0.032 -0.199 0 0 0
0.283 0.087 -0.023 -0.01 0.041 -0.037 0.061 0.044 0.134 0.053 0.076 0.084 0.054 0.03 0.06 0.088 0.015 0.041 -0.033 -0.043 0 -0.032 1.646 -0.017 0 0 0
-0.453 -0.136 -0.083 -0.082 -0.142 -0.143 -0.048 -0.026 -0.036 -0.177 -0.055 -0.054 -0.037 -0.008 -0.177 -0.043 -0.155 -0.06 -0.229 -0.156 -0.094 -0.199 -0.017 7.656 0 0 0
0 0 0 0 0 0 0 0 0 0 0 0 0 0 0 0 0 0 0 0 0 0 0 0 25.714 15.421 -10.403
0 0 0 0 0 0 0 0 0 0 0 0 0 0 0 0 0 0 0 0 0 0 0 0 15.421 34.596 18.277
0 0 0 0 0 0 0 0 0 0 0 0 0 0 0 0 0 0 0 0 0 0 0 0 -10.403 18.277 42.679

 Mean vectors and covariance matrices before rotation --- 2th cluster >>

 mean vector (mu'=Q*mu)>>
8.521 0 0 0 0 0 0 0 0 0 0 0 0 0 0 0 0 0 0 0 0 0 0 0 0 0 0

 covariance matrix (Sigma'=Q*Sigma*t(Q))>>

6.079 0.738 -0.242 -0.12 -0.67 0.316 0.325 0.043 -0.712 0.14 0.209 0.917 -0.254 0.607 0.506 -0.095 -0.31 0.005 0.115 -0.004 -0.388 -1.233 0.45 0.089 0 0 0
0.738 2.118 0.095 0.012 0.023 0.122 0.129 0.055 0.076 0.196 0.156 0.272 0.06 0.254 0.197 0.155 0.057 0.099 0.102 0.016 -0.002 -0.006 0.258 0.027 0 0 0
-0.242 0.095 6.978 -0.039 -0.197 0.027 0.026 -0.016 -0.234 -0.058 -0.02 0.119 -0.1 0.042 0.043 -0.103 -0.114 -0.047 -0.018 -0.009 -0.106 -0.338 -0.003 0.011 0 0 0
-0.12 0.012 -0.039 8.332 -0.058 -0.001 -0.002 -0.008 -0.072 -0.03 -0.016 0.015 -0.033 -0.006 -0.002 -0.04 -0.036 -0.02 -0.012 -0.004 -0.03 -0.095 -0.019 0.001 0 0 0
-0.67 0.023 -0.197 -0.058 8.808 -0.021 -0.025 -0.047 -0.348 -0.17 -0.1 0.032 -0.162 -0.063 -0.035 -0.21 -0.178 -0.11 -0.072 -0.019 -0.141 -0.448 -0.125 0.002 0 0 0
0.316 0.122 0.027 -0.001 -0.021 3.523 0.066 0.024 -0.002 0.085 0.072 0.15 0.013 0.129 0.102 0.058 0.009 0.04 0.046 0.006 -0.018 -0.058 0.124 0.015 0 0 0
0.325 0.129 0.026 -0.002 -0.025 0.066 3.646 0.025 -0.006 0.087 0.075 0.159 0.011 0.136 0.107 0.058 0.007 0.041 0.048 0.006 -0.021 -0.067 0.129 0.016 0 0 0
0.043 0.055 -0.016 -0.008 -0.047 0.024 0.025 5.514 -0.049 0.013 0.017 0.068 -0.017 0.047 0.039 -0.004 -0.021 0.002 0.01 0 -0.027 -0.087 0.036 0.007 0 0 0
-0.712 0.076 -0.234 -0.072 -0.348 -0.002 -0.006 -0.049 7.817 -0.178 -0.096 0.097 -0.197 -0.029 -0.005 -0.238 -0.218 -0.121 -0.072 -0.022 -0.182 -0.579 -0.108 0.009 0 0 0
0.14 0.196 -0.058 -0.03 -0.17 0.085 0.087 0.013 -0.178 5.597 0.059 0.243 -0.062 0.164 0.136 -0.018 -0.077 0.005 0.033 -0.001 -0.099 -0.314 0.124 0.024 0 0 0
0.209 0.156 -0.02 -0.016 -0.1 0.072 0.075 0.017 -0.096 0.059 5.097 0.194 -0.028 0.143 0.116 0.015 -0.037 0.019 0.037 0.002 -0.061 -0.192 0.119 0.019 0 0 0
0.917 0.272 0.119 0.015 0.032 0.15 0.159 0.068 0.097 0.243 0.194 2.161 0.076 0.314 0.243 0.193 0.072 0.123 0.126 0.02 -0.001 -0.003 0.319 0.033 0 0 0
-0.254 0.06 -0.1 -0.033 -0.162 0.013 0.011 -0.017 -0.197 -0.062 -0.028 0.076 7.423 0.015 0.02 -0.095 -0.097 -0.046 -0.023 -0.009 -0.086 -0.275 -0.022 0.007 0 0 0
0.607 0.254 0.042 -0.006 -0.063 0.129 0.136 0.047 -0.029 0.164 0.143 0.314 0.015 4.055 0.209 0.105 0.005 0.075 0.09 0.011 -0.049 -0.153 0.248 0.031 0 0 0
0.506 0.197 0.043 -0.002 -0.035 0.102 0.107 0.039 -0.005 0.136 0.116 0.243 0.02 0.209 3.662 0.092 0.013 0.064 0.074 0.01 -0.031 -0.096 0.199 0.024 0 0 0
-0.095 0.155 -0.103 -0.04 -0.21 0.058 0.058 -0.004 -0.238 -0.018 0.015 0.193 -0.095 0.105 0.092 6.275 -0.111 -0.029 0.003 -0.006 -0.117 -0.37 0.056 0.018 0 0 0
-0.31 0.057 -0.114 -0.036 -0.178 0.009 0.007 -0.021 -0.218 -0.077 -0.037 0.072 -0.097 0.005 0.013 -0.111 7.643 -0.055 -0.029 -0.01 -0.094 -0.3 -0.036 0.007 0 0 0
0.005 0.099 -0.047 -0.02 -0.11 0.04 0.041 0.002 -0.121 0.005 0.019 0.123 -0.046 0.075 0.064 -0.029 -0.055 5.987 0.009 -0.002 -0.062 -0.197 0.049 0.012 0 0 0
0.115 0.102 -0.018 -0.012 -0.072 0.046 0.048 0.01 -0.072 0.033 0.037 0.126 -0.023 0.09 0.074 0.003 -0.029 0.009 5.241 0.001 -0.043 -0.138 0.073 0.012 0 0 0
-0.004 0.016 -0.009 -0.004 -0.019 0.006 0.006 0 -0.022 -0.001 0.002 0.02 -0.009 0.011 0.01 -0.006 -0.01 -0.002 0.001 6.178 -0.011 -0.035 0.007 0.002 0 0 0
-0.388 -0.002 -0.106 -0.03 -0.141 -0.018 -0.021 -0.027 -0.182 -0.099 -0.061 -0.001 -0.086 -0.049 -0.031 -0.117 -0.094 -0.062 -0.043 -0.011 9.832 -0.228 -0.08 -0.001 0 0 0
-1.233 -0.006 -0.338 -0.095 -0.448 -0.058 -0.067 -0.087 -0.579 -0.314 -0.192 -0.003 -0.275 -0.153 -0.096 -0.37 -0.3 -0.197 -0.138 -0.035 -0.228 9.156 -0.254 -0.001 0 0 0
0.45 0.258 -0.003 -0.019 -0.125 0.124 0.129 0.036 -0.108 0.124 0.119 0.319 -0.022 0.248 0.199 0.056 -0.036 0.049 0.073 0.007 -0.08 -0.254 4.835 0.031 0 0 0
0.089 0.027 0.011 0.001 0.002 0.015 0.016 0.007 0.009 0.024 0.019 0.033 0.007 0.031 0.024 0.018 0.007 0.012 0.012 0.002 -0.001 -0.001 0.031 2.021 0 0 0
0 0 0 0 0 0 0 0 0 0 0 0 0 0 0 0 0 0 0 0 0 0 0 0 25.714 15.421 -10.403
0 0 0 0 0 0 0 0 0 0 0 0 0 0 0 0 0 0 0 0 0 0 0 0 15.421 34.596 18.277
0 0 0 0 0 0 0 0 0 0 0 0 0 0 0 0 0 0 0 0 0 0 0 0 -10.403 18.277 42.679

 Final eigenvalues for each cluster >> 
 (rows correspond to clusters)
57.461 41.493 9.748 9.658 9.493 7.958 7.782 7.775 7.502 6.409 5.714 4.713 4.657 4.512 4.035 3.64 3.595 3.503 2.566 2.445 2.336 2.276 2.184 1.911 1.6 1.279 1.276
57.461 41.493 9.904 9.881 9.082 8.344 8.251 7.751 7.509 7.092 6.351 6.179 5.995 5.637 5.554 5.51 5.219 5.035 4.618 4.035 3.791 3.577 3.498 3.46 2.018 1.898 1.827

 *************************************************

 ********************* rotation ******************

 *************************************************


 The orthogonal matrix Q >>
0.042 0.246 0.061 0.016 0.123 0.049 0.266 0.257 0.233 0.175 0.308 0.315 0.199 0.017 0.025 0.063 0.323 0.258 0.315 0.235 0.185 0.107 0.124 0.266
0.246 -0.942 0.014 0.004 0.029 0.012 0.063 0.061 0.055 0.041 0.073 0.074 0.047 0.004 0.006 0.015 0.076 0.061 0.074 0.055 0.044 0.025 0.029 0.063
0.061 0.014 -0.996 0.001 0.007 0.003 0.016 0.015 0.014 0.01 0.018 0.018 0.012 0.001 0.001 0.004 0.019 0.015 0.019 0.014 0.011 0.006 0.007 0.016
0.016 0.004 0.001 -1 0.002 0.001 0.004 0.004 0.004 0.003 0.005 0.005 0.003 0 0 0.001 0.005 0.004 0.005 0.004 0.003 0.002 0.002 0.004
0.123 0.029 0.007 0.002 -0.986 0.006 0.031 0.03 0.027 0.021 0.036 0.037 0.023 0.002 0.003 0.007 0.038 0.03 0.037 0.028 0.022 0.013 0.015 0.031
0.049 0.012 0.003 0.001 0.006 -0.998 0.013 0.012 0.011 0.008 0.015 0.015 0.009 0.001 0.001 0.003 0.015 0.012 0.015 0.011 0.009 0.005 0.006 0.013
0.266 0.063 0.016 0.004 0.031 0.013 -0.932 0.066 0.059 0.045 0.078 0.08 0.051 0.004 0.006 0.016 0.082 0.066 0.08 0.06 0.047 0.027 0.032 0.068
0.257 0.061 0.015 0.004 0.03 0.012 0.066 -0.936 0.058 0.043 0.076 0.078 0.049 0.004 0.006 0.016 0.08 0.064 0.078 0.058 0.046 0.026 0.031 0.066
0.233 0.055 0.014 0.004 0.027 0.011 0.059 0.058 -0.948 0.039 0.069 0.07 0.044 0.004 0.006 0.014 0.072 0.058 0.07 0.053 0.041 0.024 0.028 0.059
0.175 0.041 0.01 0.003 0.021 0.008 0.045 0.043 0.039 -0.971 0.052 0.053 0.033 0.003 0.004 0.011 0.054 0.043 0.053 0.04 0.031 0.018 0.021 0.045
0.308 0.073 0.018 0.005 0.036 0.015 0.078 0.076 0.069 0.052 -0.909 0.093 0.059 0.005 0.007 0.019 0.095 0.076 0.093 0.07 0.055 0.032 0.037 0.078
0.315 0.074 0.018 0.005 0.037 0.015 0.08 0.078 0.07 0.053 0.093 -0.905 0.06 0.005 0.008 0.019 0.097 0.078 0.095 0.071 0.056 0.032 0.037 0.08
0.199 0.047 0.012 0.003 0.023 0.009 0.051 0.049 0.044 0.033 0.059 0.06 -0.962 0.003 0.005 0.012 0.062 0.049 0.06 0.045 0.035 0.02 0.024 0.051
0.017 0.004 0.001 0 0.002 0.001 0.004 0.004 0.004 0.003 0.005 0.005 0.003 -1 0 0.001 0.005 0.004 0.005 0.004 0.003 0.002 0.002 0.004
0.025 0.006 0.001 0 0.003 0.001 0.006 0.006 0.006 0.004 0.007 0.008 0.005 0 -0.999 0.002 0.008 0.006 0.008 0.006 0.004 0.003 0.003 0.006
0.063 0.015 0.004 0.001 0.007 0.003 0.016 0.016 0.014 0.011 0.019 0.019 0.012 0.001 0.002 -0.996 0.02 0.016 0.019 0.014 0.011 0.007 0.008 0.016
0.323 0.076 0.019 0.005 0.038 0.015 0.082 0.08 0.072 0.054 0.095 0.097 0.062 0.005 0.008 0.02 -0.9 0.08 0.098 0.073 0.057 0.033 0.038 0.082
0.258 0.061 0.015 0.004 0.03 0.012 0.066 0.064 0.058 0.043 0.076 0.078 0.049 0.004 0.006 0.016 0.08 -0.936 0.078 0.058 0.046 0.026 0.031 0.066
0.315 0.074 0.019 0.005 0.037 0.015 0.08 0.078 0.07 0.053 0.093 0.095 0.06 0.005 0.008 0.019 0.098 0.078 -0.905 0.071 0.056 0.032 0.037 0.08
0.235 0.055 0.014 0.004 0.028 0.011 0.06 0.058 0.053 0.04 0.07 0.071 0.045 0.004 0.006 0.014 0.073 0.058 0.071 -0.947 0.042 0.024 0.028 0.06
0.185 0.044 0.011 0.003 0.022 0.009 0.047 0.046 0.041 0.031 0.055 0.056 0.035 0.003 0.004 0.011 0.057 0.046 0.056 0.042 -0.967 0.019 0.022 0.047
0.107 0.025 0.006 0.002 0.013 0.005 0.027 0.026 0.024 0.018 0.032 0.032 0.02 0.002 0.003 0.007 0.033 0.026 0.032 0.024 0.019 -0.989 0.013 0.027
0.124 0.029 0.007 0.002 0.015 0.006 0.032 0.031 0.028 0.021 0.037 0.037 0.024 0.002 0.003 0.008 0.038 0.031 0.037 0.028 0.022 0.013 -0.985 0.032
0.266 0.063 0.016 0.004 0.031 0.013 0.068 0.066 0.059 0.045 0.078 0.08 0.051 0.004 0.006 0.016 0.082 0.066 0.08 0.06 0.047 0.027 0.032 -0.932

 Mean vectors and covariance matrices after rotation --- 1th cluster >>

 mean vector (mu'=Q*mu)>>
-2.624 -1.045 -2.263 -2.68 -2.094 -1.573 -2.752 -0.142 -0.212 -1.055 -0.541 0 -2.263 -0.139 -1.692 -2.196 0 -2.682 -0.361 -0.418 -0.91 -1.985 -0.522 -2.006 -1.491 -2.194 0

 covariance matrix (Sigma'=Q*Sigma*t(Q))>>

2.524 0.11 0.067 0.082 0.069 0.003 0.032 -0.029 0.153 0.028 -0.055 0 -0.097 0.124 0.049 0.046 0 0.039 0.251 0.199 0.227 -0.006 0.061 -0.096 0.13 0.091 0
0.11 4.682 0.091 0.118 0.02 -0.035 -0.033 0.003 -0.061 0.056 0.007 0 -0.085 -0.029 0.072 0.058 0 -0.129 0.133 -0.062 -0.084 0.107 -0.05 -0.144 -0.033 0.109 0
0.067 0.091 2.624 0.069 0.055 0.006 0.031 -0.028 0.124 0.022 -0.055 0 -0.078 0.106 0.041 0.041 0 0.04 0.208 0.174 0.197 -0.012 0.054 -0.076 0.108 0.081 0
0.082 0.118 0.069 2.361 0.078 0.001 0.03 -0.026 0.17 0.03 -0.046 0 -0.105 0.128 0.051 0.046 0 0.034 0.273 0.203 0.231 0.004 0.06 -0.106 0.14 0.091 0
0.069 0.02 0.055 0.078 3.617 -0.071 -0.086 -0.004 0.055 0.041 -0.003 0 -0.187 0.035 0.047 0.014 0 -0.167 0.069 0.031 0.016 0.068 -0.029 -0.231 0.02 0.075 0
0.003 -0.035 0.006 0.001 -0.071 6.382 -0.037 -0.043 -0.06 -0.01 -0.117 0 -0.077 0.033 -0.004 0 0 -0.043 -0.183 0.067 0.053 -0.092 0.012 -0.084 -0.046 0.046 0
0.032 -0.033 0.031 0.03 -0.086 -0.037 5.668 -0.066 -0.068 -0.002 -0.175 0 -0.127 0.064 0.012 0.016 0 -0.061 -0.194 0.123 0.106 -0.12 0.023 -0.144 -0.045 0.094 0
-0.029 0.003 -0.028 -0.026 -0.004 -0.043 -0.066 1.291 0.042 -0.004 0.032 0 -0.078 0 -0.016 -0.037 0 -0.088 -0.075 -0.017 -0.025 0.017 -0.022 -0.083 -0.001 -0.035 0
0.153 -0.061 0.124 0.17 0.055 -0.06 -0.068 0.042 4.414 0.093 0.105 0 -0.102 -0.102 0.106 0.073 0 -0.237 0.235 -0.205 -0.245 0.244 -0.116 -0.2 -0.066 0.122 0
0.028 0.056 0.022 0.03 0.041 -0.01 -0.002 -0.004 0.093 1.614 0.001 0 -0.061 0.052 0.019 0.01 0 -0.006 0.119 0.076 0.088 0.017 0.019 -0.062 0.066 0.026 0
-0.055 0.007 -0.055 -0.046 -0.003 -0.117 -0.175 0.032 0.105 0.001 1.998 0 -0.215 -0.003 -0.027 -0.086 0 -0.246 -0.158 -0.054 -0.077 0.067 -0.064 -0.239 -0.003 -0.072 0
0 0 0 0 0 0 0 0 0 0 0 42.679 0 0 0 0 -10.403 0 0 0 0 0 0 0 0 0 18.277
-0.097 -0.085 -0.078 -0.105 -0.187 -0.077 -0.127 -0.078 -0.102 -0.061 -0.215 0 7.615 0.054 -0.073 -0.076 0 -0.109 -0.597 0.111 0.079 -0.24 0.017 -0.15 -0.116 -0.013 0
0.124 -0.029 0.106 0.128 0.035 0.033 0.064 0 -0.102 0.052 -0.003 0 0.054 7.462 0.079 0.094 0 0.013 0.236 -0.059 -0.066 0.09 -0.02 0.014 -0.024 0.119 0
0.049 0.072 0.041 0.051 0.047 -0.004 0.012 -0.016 0.106 0.019 -0.027 0 -0.073 0.079 2.367 0.026 0 0.012 0.161 0.124 0.14 0.004 0.035 -0.074 0.085 0.055 0
0.046 0.058 0.041 0.046 0.014 0 0.016 -0.037 0.073 0.01 -0.086 0 -0.076 0.094 0.026 3.532 0 0.029 0.085 0.16 0.175 -0.051 0.05 -0.073 0.067 0.072 0
0 0 0 0 0 0 0 0 0 0 0 -10.403 0 0 0 0 25.714 0 0 0 0 0 0 0 0 0 15.421
0.039 -0.129 0.04 0.034 -0.167 -0.043 -0.061 -0.088 -0.237 -0.006 -0.246 0 -0.109 0.013 0.012 0.029 0 7.683 -0.384 0.056 0.013 -0.164 -0.003 -0.145 -0.158 0.128 0
0.251 0.133 0.208 0.273 0.069 -0.183 -0.194 -0.075 0.235 0.119 -0.158 0 -0.597 0.236 0.161 0.085 0 -0.384 3.926 0.331 0.314 0.084 0.003 -0.707 0.145 0.311 0
0.199 -0.062 0.174 0.203 0.031 0.067 0.123 -0.017 -0.205 0.076 -0.054 0 0.111 -0.059 0.124 0.16 0 0.056 0.331 9.422 -0.083 0.099 -0.018 0.051 -0.057 0.207 0
0.227 -0.084 0.197 0.231 0.016 0.053 0.106 -0.025 -0.245 0.088 -0.077 0 0.079 -0.066 0.14 0.175 0 0.013 0.314 -0.083 7.853 0.107 -0.031 0.002 -0.083 0.244 0
-0.006 0.107 -0.012 0.004 0.068 -0.092 -0.12 0.017 0.244 0.017 0.067 0 -0.24 0.09 0.004 -0.051 0 -0.164 0.084 0.099 0.107 1.342 -0.007 -0.251 0.117 -0.022 0
0.061 -0.05 0.054 0.06 -0.029 0.012 0.023 -0.022 -0.116 0.019 -0.064 0 0.017 -0.02 0.035 0.05 0 -0.003 0.003 -0.018 -0.031 -0.007 9.651 -0.007 -0.055 0.081 0
-0.096 -0.144 -0.076 -0.106 -0.231 -0.084 -0.144 -0.083 -0.2 -0.062 -0.239 0 -0.15 0.014 -0.074 -0.073 0 -0.145 -0.707 0.051 0.002 -0.251 -0.007 9.594 -0.185 -0.002 0
0.13 -0.033 0.108 0.14 0.02 -0.046 -0.045 -0.001 -0.066 0.066 -0.003 0 -0.116 -0.024 0.085 0.067 0 -0.158 0.145 -0.057 -0.083 0.117 -0.055 -0.185 4.621 0.132 0
0.091 0.109 0.081 0.091 0.075 0.046 0.094 -0.035 0.122 0.026 -0.072 0 -0.013 0.119 0.055 0.072 0 0.128 0.311 0.207 0.244 -0.022 0.081 -0.002 0.132 2.289 0
0 0 0 0 0 0 0 0 0 0 0 18.277 0 0 0 0 15.421 0 0 0 0 0 0 0 0 0 34.596

 Mean vectors and covariance matrices after rotation --- 2th cluster >>

 mean vector (mu'=Q*mu)>>
2.624 1.045 2.263 2.68 2.094 1.573 2.752 0.142 0.212 1.055 0.541 0 2.263 0.139 1.692 2.196 0 2.682 0.361 0.418 0.91 1.985 0.522 2.006 1.491 2.194 0

 covariance matrix (Sigma'=Q*Sigma*t(Q))>>

5.057 0.114 0.082 0.103 0.07 -0.097 -0.078 -0.142 -0.114 -0.057 0.056 0 0.262 0.031 -0.006 -0.004 0 0.026 0.029 -0.049 0.292 0.086 0.08 -0.03 0.003 0.01 0
0.114 8.984 0.175 0.23 0.172 -0.018 0.046 -0.164 -0.108 -0.103 -0.146 0 0.297 -0.026 -0.005 0.073 0 0.157 0.034 -0.032 -0.176 -0.102 -0.111 0.143 -0.062 0.142 0
0.082 0.175 3.688 0.123 0.087 -0.028 0.015 -0.107 -0.088 -0.006 0.102 0 0.261 0.042 0.057 0.056 0 0.08 0.31 -0.032 0.366 0.183 0.12 0.01 0.063 0.054 0
0.103 0.23 0.123 2.018 0.143 -0.068 -0.022 0.021 0.005 0.119 0.225 0 0.239 0.061 0.067 0.058 0 0.064 0.564 0.019 0.475 0.246 0.211 -0.052 0.158 0.02 0
0.07 0.172 0.087 0.143 2.005 -0.064 -0.033 0.025 0.009 0.095 0.176 0 0.174 0.047 0.043 0.035 0 0.037 0.41 0.016 0.362 0.18 0.164 -0.052 0.12 0.004 0
-0.097 -0.018 -0.028 -0.068 -0.064 9.803 -0.132 -0.22 -0.169 -0.191 -0.094 0 0.135 -0.002 -0.081 -0.086 0 -0.063 -0.538 -0.093 0.058 -0.082 -0.049 -0.04 -0.139 -0.042 0
-0.078 0.046 0.015 -0.022 -0.033 -0.132 7.601 -0.293 -0.228 -0.22 -0.068 0 0.263 0.014 -0.073 -0.078 0 -0.04 -0.494 -0.118 0.209 -0.026 -0.009 -0.043 -0.135 -0.027 0
-0.142 -0.164 -0.107 0.021 0.025 -0.22 -0.293 4.025 0.174 0.125 0.049 0 -0.199 -0.018 -0.166 -0.163 0 -0.199 -0.358 0.078 -0.225 -0.233 -0.009 -0.206 0.001 -0.19 0
-0.114 -0.108 -0.088 0.005 0.009 -0.169 -0.228 0.174 3.625 0.094 0.049 0 -0.152 -0.01 -0.124 -0.128 0 -0.158 -0.274 0.056 -0.136 -0.161 0.006 -0.166 0.003 -0.151 0
-0.057 -0.103 -0.006 0.119 0.095 -0.191 -0.22 0.125 0.094 4.7 0.04 0 -0.009 -0.008 -0.117 -0.094 0 -0.095 -0.164 0.049 -0.115 -0.156 0.005 -0.129 0.011 -0.101 0
0.056 -0.146 0.102 0.225 0.176 -0.094 -0.068 0.049 0.049 0.04 6.293 0 0.111 -0.027 -0.059 0.008 0 0.051 0.035 0.041 -0.253 -0.163 -0.072 0.025 -0.002 0.036 0
0 0 0 0 0 0 0 0 0 0 0 42.679 0 0 0 0 -10.403 0 0 0 0 0 0 0 0 0 18.277
0.262 0.297 0.261 0.239 0.174 0.135 0.263 -0.199 -0.152 -0.009 0.111 0 2.471 0.057 0.205 0.225 0 0.287 0.874 -0.045 0.513 0.376 0.153 0.186 0.133 0.233 0
0.031 -0.026 0.042 0.061 0.047 -0.002 0.014 -0.018 -0.01 -0.008 -0.027 0 0.057 8.338 0.001 0.02 0 0.038 0.039 0.001 -0.052 -0.024 -0.024 0.033 -0.005 0.033 0
-0.006 -0.005 0.057 0.067 0.043 -0.081 -0.073 -0.166 -0.124 -0.117 -0.059 0 0.205 0.001 7.468 -0.021 0 0.019 -0.208 -0.058 0.055 -0.043 -0.026 0.007 -0.071 0.019 0
-0.004 0.073 0.056 0.058 0.035 -0.086 -0.078 -0.163 -0.128 -0.094 0.008 0 0.225 0.02 -0.021 5.977 0 0.011 -0.11 -0.06 0.212 0.04 0.038 -0.021 -0.036 0.005 0
0 0 0 0 0 0 0 0 0 0 0 -10.403 0 0 0 0 25.714 0 0 0 0 0 0 0 0 0 15.421
0.026 0.157 0.08 0.064 0.037 -0.063 -0.04 -0.199 -0.158 -0.095 0.051 0 0.287 0.038 0.019 0.011 0 5.259 0.031 -0.073 0.368 0.136 0.089 -0.01 -0.007 0.028 0
0.029 0.034 0.31 0.564 0.41 -0.538 -0.494 -0.358 -0.274 -0.164 0.035 0 0.874 0.039 -0.208 -0.11 0 0.031 5.319 -0.101 0.392 -0.128 0.086 -0.148 -0.074 -0.017 0
-0.049 -0.032 -0.032 0.019 0.016 -0.093 -0.118 0.078 0.056 0.049 0.041 0 -0.045 0.001 -0.058 -0.06 0 -0.073 -0.101 3.485 -0.02 -0.059 0.02 -0.087 0.011 -0.073 0
0.292 -0.176 0.366 0.475 0.362 0.058 0.209 -0.225 -0.136 -0.115 -0.253 0 0.513 -0.052 0.055 0.212 0 0.368 0.392 -0.02 9.497 -0.139 -0.204 0.335 -0.05 0.328 0
0.086 -0.102 0.183 0.246 0.18 -0.082 -0.026 -0.233 -0.161 -0.156 -0.163 0 0.376 -0.024 -0.043 0.04 0 0.136 -0.128 -0.059 -0.139 8.116 -0.116 0.116 -0.1 0.124 0
0.08 -0.111 0.12 0.211 0.164 -0.049 -0.009 -0.009 0.006 0.005 -0.072 0 0.153 -0.024 -0.026 0.038 0 0.089 0.086 0.02 -0.204 -0.116 7.02 0.067 -0.008 0.073 0
-0.03 0.143 0.01 -0.052 -0.052 -0.04 -0.043 -0.206 -0.166 -0.129 0.025 0 0.186 0.033 0.007 -0.021 0 -0.01 -0.148 -0.087 0.335 0.116 0.067 6.152 -0.044 -0.007 0
0.003 -0.062 0.063 0.158 0.12 -0.139 -0.135 0.001 0.003 0.011 -0.002 0 0.133 -0.005 -0.071 -0.036 0 -0.007 -0.074 0.011 -0.05 -0.1 -0.008 -0.044 5.546 -0.019 0
0.01 0.142 0.054 0.02 0.004 -0.042 -0.027 -0.19 -0.151 -0.101 0.036 0 0.233 0.033 0.019 0.005 0 0.028 -0.017 -0.073 0.328 0.124 0.073 -0.007 -0.019 5.531 0
0 0 0 0 0 0 0 0 0 0 0 18.277 0 0 0 0 15.421 0 0 0 0 0 0 0 0 0 34.596

 Final eigenvalues for each cluster >> 
 (rows correspond to clusters)
57.461 41.493 9.748 9.658 9.493 7.958 7.782 7.775 7.502 6.409 5.714 4.713 4.657 4.512 4.035 3.64 3.595 3.503 2.566 2.445 2.336 2.276 2.184 1.911 1.6 1.279 1.276
57.461 41.493 9.904 9.881 9.082 8.344 8.251 7.751 7.509 7.092 6.351 6.179 5.995 5.637 5.554 5.51 5.219 5.035 4.618 4.035 3.791 3.577 3.498 3.46 2.018 1.898 1.827

 theoretical Separation index matrix >>

-1 0.34
0.34 -1

 theoretical projection directions >>

**** cluster 1 and 2
0.322 0.043 0.305 0.517 0.324 0.121 0.228 0.122 0.032 0.183 0.079 0 0.192 -0.015 0.168 0.226 0 0.206 -0.004 0.004 -0.021 0.204 0.011 0.158 0.125 0.253 0

 empirical Separation index matrix (alpha= 0.05 )>>

-1 0.439
0.439 -1

 empirical projection directions >>

**** cluster 1 and 2
0.242 0.072 0.13 0.422 0.143 0.117 0.096 0.132 0.127 0.328 0.165 0.045 0.084 -0.065 0.178 0.207 0.032 0.253 0.042 0.009 0.08 0.279 0.013 0.071 -0.023 0.533 -0.03
