
 Log information for the data set datasetJHG2v24nv3out0_3.dat >>

 alpha = 0.05 sepVal = 0.34

 Number of clusters >> 2

 cluster sizes >>
50 50

 Number of data points >> 100

 Number of dimensions >> 27

 Number of noisy dimensions >> 3

 noisy variables >>
6 9 18

 Number of outliers >> 0

 initial eigenvalues for each cluster >> 
 (rows correspond to clusters)
7.623 6.379 4.901 3.206 2.673 1.857 6.305 9.162 5.544 3.493 3.55 8.526 5.022 8.695 8.621 3.485 3.869 6.572 8.415 2.052 6.272 6.269 9.838 7.242
2.112 3.473 1.005 5.069 5.121 7.555 6.215 2.608 2.05 5.287 3.834 9.209 7.94 6.224 8.47 7.784 3.294 3.236 8.493 9.729 8.784 7.883 6.378 6.106

 Mean vectors and covariance matrices before rotation --- 1th cluster >>

 mean vector (mu'=Q*mu)>>
-8.976 0 0 0 0 0 0 0 0 0 0 0 0 0 0 0 0 0 0 0 0 0 0 0 0 0 0

 covariance matrix (Sigma'=Q*Sigma*t(Q))>>

5.474 -0.068 0.256 0.717 0.116 0.217 -0.037 -0.123 0.083 0.535 0.379 -0.833 0.008 -0.282 -0.066 0.36 0.686 -0.014 -0.593 1.177 -0.128 -0.009 -1.211 -0.147 0 0 0
-0.068 6.386 0.061 0.104 0.016 0.028 0.005 -0.008 0.052 0.081 0.058 -0.044 0.002 -0.016 -0.004 0.054 0.111 0.001 -0.031 0.153 0.019 0.001 -0.082 -0.002 0 0 0
0.256 0.061 5.167 0.373 0.055 0.093 0.039 -0.006 0.269 0.296 0.212 -0.002 0.009 -0.005 -0.001 0.199 0.421 0.009 0.005 0.514 0.144 0.01 -0.101 0.032 0 0 0
0.717 0.104 0.373 3.675 0.067 0.111 0.065 0.009 0.402 0.377 0.271 0.121 0.013 0.035 0.009 0.253 0.547 0.015 0.096 0.618 0.242 0.017 0.025 0.071 0 0 0
0.116 0.016 0.055 0.067 2.683 0.016 0.01 0.002 0.06 0.054 0.039 0.021 0.002 0.006 0.002 0.037 0.079 0.002 0.017 0.088 0.037 0.003 0.008 0.011 0 0 0
0.217 0.028 0.093 0.111 0.016 1.882 0.017 0.004 0.103 0.09 0.065 0.043 0.003 0.013 0.003 0.06 0.131 0.004 0.033 0.143 0.064 0.005 0.024 0.02 0 0 0
-0.037 0.005 0.039 0.065 0.01 0.017 6.308 -0.005 0.033 0.051 0.036 -0.026 0.001 -0.009 -0.002 0.034 0.07 0.001 -0.018 0.095 0.013 0.001 -0.049 -0.001 0 0 0
-0.123 -0.008 -0.006 0.009 0.002 0.004 -0.005 9.157 -0.015 0.005 0.004 -0.041 0 -0.013 -0.003 0.004 0.004 -0.001 -0.029 0.022 -0.016 -0.001 -0.052 -0.009 0 0 0
0.083 0.052 0.269 0.402 0.06 0.103 0.033 -0.015 5.803 0.317 0.227 -0.063 0.009 -0.025 -0.006 0.213 0.445 0.007 -0.039 0.569 0.126 0.009 -0.184 0.019 0 0 0
0.535 0.081 0.296 0.377 0.054 0.09 0.051 0.005 0.317 3.797 0.218 0.084 0.01 0.024 0.006 0.204 0.439 0.012 0.067 0.501 0.188 0.013 0.004 0.054 0 0 0
0.379 0.058 0.212 0.271 0.039 0.065 0.036 0.004 0.227 0.218 3.707 0.059 0.007 0.016 0.004 0.147 0.315 0.009 0.047 0.361 0.134 0.009 0 0.038 0 0 0
-0.833 -0.044 -0.002 0.121 0.021 0.043 -0.026 -0.041 -0.063 0.084 0.059 8.237 0 -0.096 -0.023 0.057 0.094 -0.008 -0.207 0.232 -0.094 -0.007 -0.386 -0.062 0 0 0
0.008 0.002 0.009 0.013 0.002 0.003 0.001 0 0.009 0.01 0.007 0 5.023 0 0 0.007 0.015 0 0 0.018 0.005 0 -0.004 0.001 0 0 0
-0.282 -0.016 -0.005 0.035 0.006 0.013 -0.009 -0.013 -0.025 0.024 0.016 -0.096 0 8.663 -0.008 0.016 0.025 -0.003 -0.069 0.07 -0.033 -0.002 -0.127 -0.021 0 0 0
-0.066 -0.004 -0.001 0.009 0.002 0.003 -0.002 -0.003 -0.006 0.006 0.004 -0.023 0 -0.008 8.619 0.004 0.007 -0.001 -0.016 0.017 -0.008 -0.001 -0.03 -0.005 0 0 0
0.36 0.054 0.199 0.253 0.037 0.06 0.034 0.004 0.213 0.204 0.147 0.057 0.007 0.016 0.004 3.621 0.295 0.008 0.045 0.336 0.126 0.009 0.003 0.036 0 0 0
0.686 0.111 0.421 0.547 0.079 0.131 0.07 0.004 0.445 0.439 0.315 0.094 0.015 0.025 0.007 0.295 4.501 0.016 0.077 0.732 0.259 0.018 -0.029 0.071 0 0 0
-0.014 0.001 0.009 0.015 0.002 0.004 0.001 -0.001 0.007 0.012 0.009 -0.008 0 -0.003 -0.001 0.008 0.016 6.572 -0.005 0.023 0.002 0 -0.014 -0.001 0 0 0
-0.593 -0.031 0.005 0.096 0.017 0.033 -0.018 -0.029 -0.039 0.067 0.047 -0.207 0 -0.069 -0.016 0.045 0.077 -0.005 8.266 0.179 -0.064 -0.004 -0.279 -0.044 0 0 0
1.177 0.153 0.514 0.618 0.088 0.143 0.095 0.022 0.569 0.501 0.361 0.232 0.018 0.07 0.017 0.336 0.732 0.023 0.179 2.851 0.354 0.025 0.122 0.112 0 0 0
-0.128 0.019 0.144 0.242 0.037 0.064 0.013 -0.016 0.126 0.188 0.134 -0.094 0.005 -0.033 -0.008 0.126 0.259 0.002 -0.064 0.354 6.32 0.003 -0.178 -0.003 0 0 0
-0.009 0.001 0.01 0.017 0.003 0.005 0.001 -0.001 0.009 0.013 0.009 -0.007 0 -0.002 -0.001 0.009 0.018 0 -0.004 0.025 0.003 6.269 -0.013 0 0 0 0
-1.211 -0.082 -0.101 0.025 0.008 0.024 -0.049 -0.052 -0.184 0.004 0 -0.386 -0.004 -0.127 -0.03 0.003 -0.029 -0.014 -0.279 0.122 -0.178 -0.013 9.358 -0.094 0 0 0
-0.147 -0.002 0.032 0.071 0.011 0.02 -0.001 -0.009 0.019 0.054 0.038 -0.062 0.001 -0.021 -0.005 0.036 0.071 -0.001 -0.044 0.112 -0.003 0 -0.094 7.233 0 0 0
0 0 0 0 0 0 0 0 0 0 0 0 0 0 0 0 0 0 0 0 0 0 0 0 26.962 -5.262 17.569
0 0 0 0 0 0 0 0 0 0 0 0 0 0 0 0 0 0 0 0 0 0 0 0 -5.262 53.618 12.575
0 0 0 0 0 0 0 0 0 0 0 0 0 0 0 0 0 0 0 0 0 0 0 0 17.569 12.575 69.987

 Mean vectors and covariance matrices before rotation --- 2th cluster >>

 mean vector (mu'=Q*mu)>>
8.976 0 0 0 0 0 0 0 0 0 0 0 0 0 0 0 0 0 0 0 0 0 0 0 0 0 0

 covariance matrix (Sigma'=Q*Sigma*t(Q))>>

5.569 0.078 0.941 0.075 0.055 -0.153 -0.319 0.849 0.389 0.012 0.373 -0.207 -0.156 -0.069 -0.053 -0.523 0.464 0.089 -0.2 -1.362 -0.986 -0.202 -0.002 -0.182 0 0 0
0.078 3.473 0.025 -0.013 -0.013 -0.01 -0.031 0.017 0.009 -0.018 0.001 -0.011 -0.009 -0.007 -0.003 -0.032 0.006 0.001 -0.011 -0.07 -0.054 -0.012 0 -0.019 0 0 0
0.941 0.025 1.245 0.082 0.073 -0.016 0.015 0.242 0.105 0.08 0.132 -0.03 -0.018 0.003 -0.007 -0.058 0.145 0.027 -0.026 -0.206 -0.136 -0.023 0 0.015 0 0 0
0.075 -0.013 0.082 4.847 -0.211 -0.098 -0.378 -0.021 0.01 -0.28 -0.102 -0.101 -0.092 -0.082 -0.029 -0.317 -0.059 -0.01 -0.107 -0.627 -0.504 -0.12 -0.002 -0.239 0 0 0
0.055 -0.013 0.073 -0.211 4.92 -0.092 -0.358 -0.024 0.008 -0.266 -0.099 -0.095 -0.086 -0.078 -0.027 -0.3 -0.058 -0.01 -0.101 -0.591 -0.475 -0.113 -0.002 -0.227 0 0 0
-0.153 -0.01 -0.016 -0.098 -0.092 7.521 -0.143 -0.054 -0.016 -0.119 -0.063 -0.032 -0.03 -0.031 -0.009 -0.106 -0.05 -0.009 -0.034 -0.193 -0.161 -0.04 -0.001 -0.092 0 0 0
-0.319 -0.031 0.015 -0.378 -0.358 -0.143 5.627 -0.144 -0.033 -0.467 -0.217 -0.141 -0.132 -0.127 -0.041 -0.461 -0.157 -0.028 -0.152 -0.869 -0.712 -0.174 -0.004 -0.375 0 0 0
0.849 0.017 0.242 -0.021 -0.024 -0.054 -0.144 2.809 0.096 -0.047 0.072 -0.068 -0.054 -0.031 -0.018 -0.182 0.102 0.02 -0.067 -0.44 -0.327 -0.07 -0.001 -0.086 0 0 0
0.389 0.009 0.105 0.01 0.008 -0.016 -0.033 0.096 2.094 0.004 0.043 -0.023 -0.017 -0.007 -0.006 -0.056 0.053 0.01 -0.022 -0.148 -0.107 -0.022 0 -0.019 0 0 0
0.012 -0.018 0.08 -0.28 -0.266 -0.119 -0.467 -0.047 0.004 4.936 -0.137 -0.121 -0.111 -0.101 -0.035 -0.386 -0.085 -0.015 -0.129 -0.755 -0.608 -0.146 -0.003 -0.296 0 0 0
0.373 0.001 0.132 -0.102 -0.099 -0.063 -0.217 0.072 0.043 -0.137 3.821 -0.07 -0.06 -0.047 -0.019 -0.207 0.016 0.004 -0.072 -0.441 -0.344 -0.079 -0.001 -0.135 0 0 0
-0.207 -0.011 -0.03 -0.101 -0.095 -0.032 -0.141 -0.068 -0.023 -0.121 -0.07 9.18 -0.029 -0.03 -0.009 -0.1 -0.057 -0.011 -0.032 -0.176 -0.149 -0.038 -0.001 -0.09 0 0 0
-0.156 -0.009 -0.018 -0.092 -0.086 -0.03 -0.132 -0.054 -0.017 -0.111 -0.06 -0.029 7.913 -0.029 -0.008 -0.097 -0.048 -0.009 -0.031 -0.175 -0.146 -0.037 -0.001 -0.085 0 0 0
-0.069 -0.007 0.003 -0.082 -0.078 -0.031 -0.127 -0.031 -0.007 -0.101 -0.047 -0.03 -0.029 6.197 -0.009 -0.1 -0.034 -0.006 -0.033 -0.188 -0.154 -0.038 -0.001 -0.081 0 0 0
-0.053 -0.003 -0.007 -0.029 -0.027 -0.009 -0.041 -0.018 -0.006 -0.035 -0.019 -0.009 -0.008 -0.009 8.468 -0.03 -0.016 -0.003 -0.009 -0.052 -0.044 -0.011 0 -0.026 0 0 0
-0.523 -0.032 -0.058 -0.317 -0.3 -0.106 -0.461 -0.182 -0.056 -0.386 -0.207 -0.1 -0.097 -0.1 -0.03 7.443 -0.164 -0.03 -0.11 -0.614 -0.512 -0.128 -0.003 -0.295 0 0 0
0.464 0.006 0.145 -0.059 -0.058 -0.05 -0.157 0.102 0.053 -0.085 0.016 -0.057 -0.048 -0.034 -0.016 -0.164 3.335 0.008 -0.058 -0.367 -0.281 -0.063 -0.001 -0.097 0 0 0
0.089 0.001 0.027 -0.01 -0.01 -0.009 -0.028 0.02 0.01 -0.015 0.004 -0.011 -0.009 -0.006 -0.003 -0.03 0.008 3.237 -0.011 -0.067 -0.052 -0.011 0 -0.017 0 0 0
-0.2 -0.011 -0.026 -0.107 -0.101 -0.034 -0.152 -0.067 -0.022 -0.129 -0.072 -0.032 -0.031 -0.033 -0.009 -0.11 -0.058 -0.011 8.458 -0.195 -0.164 -0.041 -0.001 -0.097 0 0 0
-1.362 -0.07 -0.206 -0.627 -0.591 -0.193 -0.869 -0.44 -0.148 -0.755 -0.441 -0.176 -0.175 -0.188 -0.052 -0.614 -0.367 -0.067 -0.195 8.663 -0.904 -0.23 -0.005 -0.559 0 0 0
-0.986 -0.054 -0.136 -0.504 -0.475 -0.161 -0.712 -0.327 -0.107 -0.608 -0.344 -0.149 -0.146 -0.154 -0.044 -0.512 -0.281 -0.052 -0.164 -0.904 8.022 -0.192 -0.004 -0.457 0 0 0
-0.202 -0.012 -0.023 -0.12 -0.113 -0.04 -0.174 -0.07 -0.022 -0.146 -0.079 -0.038 -0.037 -0.038 -0.011 -0.128 -0.063 -0.011 -0.041 -0.23 -0.192 7.835 -0.001 -0.111 0 0 0
-0.002 0 0 -0.002 -0.002 -0.001 -0.004 -0.001 0 -0.003 -0.001 -0.001 -0.001 -0.001 0 -0.003 -0.001 0 -0.001 -0.005 -0.004 -0.001 6.378 -0.002 0 0 0
-0.182 -0.019 0.015 -0.239 -0.227 -0.092 -0.375 -0.086 -0.019 -0.296 -0.135 -0.09 -0.085 -0.081 -0.026 -0.295 -0.097 -0.017 -0.097 -0.559 -0.457 -0.111 -0.002 5.867 0 0 0
0 0 0 0 0 0 0 0 0 0 0 0 0 0 0 0 0 0 0 0 0 0 0 0 26.962 -5.262 17.569
0 0 0 0 0 0 0 0 0 0 0 0 0 0 0 0 0 0 0 0 0 0 0 0 -5.262 53.618 12.575
0 0 0 0 0 0 0 0 0 0 0 0 0 0 0 0 0 0 0 0 0 0 0 0 17.569 12.575 69.987

 Final eigenvalues for each cluster >> 
 (rows correspond to clusters)
80.273 52.096 18.197 9.838 9.162 8.696 8.621 8.526 8.415 7.623 7.242 6.572 6.379 6.305 6.272 6.269 5.544 5.022 4.901 3.869 3.55 3.493 3.485 3.206 2.673 2.052 1.857
80.273 52.096 18.197 9.729 9.209 8.784 8.493 8.47 7.94 7.883 7.784 7.555 6.378 6.224 6.215 6.106 5.287 5.121 5.069 3.834 3.473 3.294 3.236 2.608 2.112 2.05 1.005

 *************************************************

 ********************* rotation ******************

 *************************************************


 The orthogonal matrix Q >>
0.085 0.317 0.208 0.278 0.206 0.163 0.183 0.101 0.303 0.225 0.373 0.151 0.158 0.161 0.051 0.158 0.169 0.325 0.027 0.04 0.139 0.14 0.26 0.184
0.317 -0.908 0.061 0.081 0.06 0.048 0.053 0.029 0.088 0.066 0.109 0.044 0.046 0.047 0.015 0.046 0.049 0.095 0.008 0.012 0.04 0.041 0.076 0.054
0.208 0.061 -0.96 0.053 0.039 0.031 0.035 0.019 0.058 0.043 0.072 0.029 0.03 0.031 0.01 0.03 0.032 0.062 0.005 0.008 0.027 0.027 0.05 0.035
0.278 0.081 0.053 -0.929 0.053 0.042 0.047 0.026 0.078 0.058 0.095 0.039 0.04 0.041 0.013 0.04 0.043 0.083 0.007 0.01 0.036 0.036 0.067 0.047
0.206 0.06 0.039 0.053 -0.961 0.031 0.035 0.019 0.057 0.043 0.071 0.029 0.03 0.031 0.01 0.03 0.032 0.062 0.005 0.008 0.026 0.027 0.049 0.035
0.163 0.048 0.031 0.042 0.031 -0.976 0.027 0.015 0.045 0.034 0.056 0.023 0.024 0.024 0.008 0.024 0.025 0.049 0.004 0.006 0.021 0.021 0.039 0.028
0.183 0.053 0.035 0.047 0.035 0.027 -0.969 0.017 0.051 0.038 0.063 0.025 0.027 0.027 0.009 0.027 0.029 0.055 0.005 0.007 0.023 0.024 0.044 0.031
0.101 0.029 0.019 0.026 0.019 0.015 0.017 -0.991 0.028 0.021 0.035 0.014 0.015 0.015 0.005 0.015 0.016 0.03 0.003 0.004 0.013 0.013 0.024 0.017
0.303 0.088 0.058 0.078 0.057 0.045 0.051 0.028 -0.915 0.063 0.104 0.042 0.044 0.045 0.014 0.044 0.047 0.091 0.008 0.011 0.039 0.039 0.073 0.051
0.225 0.066 0.043 0.058 0.043 0.034 0.038 0.021 0.063 -0.953 0.077 0.031 0.033 0.033 0.011 0.033 0.035 0.067 0.006 0.008 0.029 0.029 0.054 0.038
0.373 0.109 0.072 0.095 0.071 0.056 0.063 0.035 0.104 0.077 -0.872 0.052 0.054 0.055 0.018 0.054 0.058 0.112 0.009 0.014 0.048 0.048 0.089 0.063
0.151 0.044 0.029 0.039 0.029 0.023 0.025 0.014 0.042 0.031 0.052 -0.979 0.022 0.022 0.007 0.022 0.023 0.045 0.004 0.006 0.019 0.019 0.036 0.026
0.158 0.046 0.03 0.04 0.03 0.024 0.027 0.015 0.044 0.033 0.054 0.022 -0.977 0.023 0.007 0.023 0.025 0.047 0.004 0.006 0.02 0.02 0.038 0.027
0.161 0.047 0.031 0.041 0.031 0.024 0.027 0.015 0.045 0.033 0.055 0.022 0.023 -0.976 0.008 0.023 0.025 0.048 0.004 0.006 0.021 0.021 0.039 0.027
0.051 0.015 0.01 0.013 0.01 0.008 0.009 0.005 0.014 0.011 0.018 0.007 0.007 0.008 -0.998 0.007 0.008 0.015 0.001 0.002 0.007 0.007 0.012 0.009
0.158 0.046 0.03 0.04 0.03 0.024 0.027 0.015 0.044 0.033 0.054 0.022 0.023 0.023 0.007 -0.977 0.025 0.047 0.004 0.006 0.02 0.02 0.038 0.027
0.169 0.049 0.032 0.043 0.032 0.025 0.029 0.016 0.047 0.035 0.058 0.023 0.025 0.025 0.008 0.025 -0.974 0.051 0.004 0.006 0.022 0.022 0.041 0.029
0.325 0.095 0.062 0.083 0.062 0.049 0.055 0.03 0.091 0.067 0.112 0.045 0.047 0.048 0.015 0.047 0.051 -0.903 0.008 0.012 0.042 0.042 0.078 0.055
0.027 0.008 0.005 0.007 0.005 0.004 0.005 0.003 0.008 0.006 0.009 0.004 0.004 0.004 0.001 0.004 0.004 0.008 -0.999 0.001 0.003 0.003 0.007 0.005
0.04 0.012 0.008 0.01 0.008 0.006 0.007 0.004 0.011 0.008 0.014 0.006 0.006 0.006 0.002 0.006 0.006 0.012 0.001 -0.999 0.005 0.005 0.01 0.007
0.139 0.04 0.027 0.036 0.026 0.021 0.023 0.013 0.039 0.029 0.048 0.019 0.02 0.021 0.007 0.02 0.022 0.042 0.003 0.005 -0.982 0.018 0.033 0.024
0.14 0.041 0.027 0.036 0.027 0.021 0.024 0.013 0.039 0.029 0.048 0.019 0.02 0.021 0.007 0.02 0.022 0.042 0.003 0.005 0.018 -0.982 0.034 0.024
0.26 0.076 0.05 0.067 0.049 0.039 0.044 0.024 0.073 0.054 0.089 0.036 0.038 0.039 0.012 0.038 0.041 0.078 0.007 0.01 0.033 0.034 -0.937 0.044
0.184 0.054 0.035 0.047 0.035 0.028 0.031 0.017 0.051 0.038 0.063 0.026 0.027 0.027 0.009 0.027 0.029 0.055 0.005 0.007 0.024 0.024 0.044 -0.969

 Mean vectors and covariance matrices after rotation --- 1th cluster >>

 mean vector (mu'=Q*mu)>>
-1.414 -2.021 -3.347 -1.846 -0.243 0 -0.903 -0.764 0 -1.87 -2.914 -1.42 -1.463 -2.841 -1.519 -2.719 -0.459 0 -1.643 -1.654 -1.446 -0.358 -1.352 -2.338 -1.256 -1.246 -2.494

 covariance matrix (Sigma'=Q*Sigma*t(Q))>>

5.068 -0.049 0.076 0.101 0.099 0 -0.005 0.247 0 -0.044 0.03 -0.029 0.064 0.034 -0.147 -0.011 0.001 0 0.02 0.017 0.016 -0.309 0.119 0.14 0.018 0.004 -0.061
-0.049 3.533 0.021 0.033 0.187 0 -0.082 0.018 0 0.055 -0.203 0.027 0.048 -0.124 0.074 0.049 -0.033 0 -0.067 -0.07 -0.081 0.001 0.135 0.003 -0.073 0.078 0.052
0.076 0.021 3.777 0.222 0.274 0 -0.033 0.675 0 0.035 -0.002 0.022 0.169 0.055 -0.109 0.105 -0.005 0 0.036 0.029 0.015 -0.424 0.303 0.276 0.016 0.099 0.027
0.101 0.033 0.222 2.863 0.152 0 0.02 0.698 0 0.037 0.122 0.029 0.136 0.137 -0.09 0.109 0.016 0 0.08 0.077 0.068 -0.33 0.214 0.261 0.06 0.07 0.04
0.099 0.187 0.274 0.152 8.299 0 0.028 0.075 0 0.116 0.187 0.131 0.138 0.158 0.147 0.132 0.013 0 0.091 0.065 0.027 0.146 -0.1 -0.104 0.079 0.016 0.243
0 0 0 0 0 26.962 0 0 -5.262 0 0 0 0 0 0 0 0 17.569 0 0 0 0 0 0 0 0 0
-0.005 -0.082 -0.033 0.02 0.028 0 9.132 -0.206 0 -0.085 -0.053 -0.054 0.008 -0.056 -0.136 -0.093 -0.013 0 -0.032 -0.039 -0.038 -0.196 0.003 -0.017 -0.02 -0.047 -0.099
0.247 0.018 0.675 0.698 0.075 0 -0.206 6.604 0 -0.208 0.034 0.036 0.56 0.002 -0.507 -0.198 -0.081 0 0.007 -0.127 -0.247 -1.098 -0.085 -0.345 0.045 -0.197 0.075
0 0 0 0 0 -5.262 0 0 53.618 0 0 0 0 0 0 0 0 12.575 0 0 0 0 0 0 0 0 0
-0.044 0.055 0.035 0.037 0.116 0 -0.085 -0.208 0 4.947 -0.186 0.037 0.056 -0.125 0.085 0.024 -0.036 0 -0.068 -0.08 -0.099 0.052 0.047 -0.098 -0.067 0.044 0.075
0.03 -0.203 -0.002 0.122 0.187 0 -0.053 0.034 0 -0.186 6.5 -0.131 0.064 -0.063 -0.386 -0.158 -0.019 0 -0.035 -0.044 -0.035 -0.668 0.176 0.176 -0.021 -0.056 -0.251
-0.029 0.027 0.022 0.029 0.131 0 -0.054 0.036 0 0.037 -0.131 3.503 0.037 -0.078 0.044 0.036 -0.021 0 -0.042 -0.044 -0.052 -0.013 0.098 0.012 -0.046 0.054 0.035
0.064 0.048 0.169 0.136 0.138 0 0.008 0.56 0 0.056 0.064 0.037 1.96 0.089 -0.021 0.109 0.009 0 0.053 0.053 0.044 -0.193 0.18 0.196 0.035 0.076 0.059
0.034 -0.124 0.055 0.137 0.158 0 -0.056 0.002 0 -0.125 -0.063 -0.078 0.089 6.331 -0.278 -0.102 -0.02 0 -0.026 -0.04 -0.044 -0.52 0.138 0.109 -0.016 -0.035 -0.15
-0.147 0.074 -0.109 -0.09 0.147 0 -0.136 -0.507 0 0.085 -0.386 0.044 -0.021 -0.278 4.101 0.019 -0.06 0 -0.155 -0.159 -0.173 0.327 0.021 -0.222 -0.15 0.073 0.096
-0.011 0.049 0.105 0.109 0.132 0 -0.093 -0.198 0 0.024 -0.158 0.036 0.109 -0.102 0.019 5.558 -0.038 0 -0.055 -0.077 -0.104 -0.088 0.063 -0.085 -0.053 0.03 0.071
0.001 -0.033 -0.005 0.016 0.013 0 -0.013 -0.081 0 -0.036 -0.019 -0.021 0.009 -0.02 -0.06 -0.038 8.615 0 -0.012 -0.016 -0.016 -0.092 0.003 -0.006 -0.007 -0.02 -0.039
0 0 0 0 0 17.569 0 0 12.575 0 0 0 0 0 0 0 0 69.987 0 0 0 0 0 0 0 0 0
0.02 -0.067 0.036 0.08 0.091 0 -0.032 0.007 0 -0.068 -0.035 -0.042 0.053 -0.026 -0.155 -0.055 -0.012 0 6.291 -0.022 -0.025 -0.294 0.08 0.062 -0.009 -0.018 -0.081
0.017 -0.07 0.029 0.077 0.065 0 -0.039 -0.127 0 -0.08 -0.044 -0.044 0.053 -0.04 -0.159 -0.077 -0.016 0 -0.022 7.207 -0.041 -0.281 0.041 0.011 -0.013 -0.036 -0.082
0.016 -0.081 0.015 0.068 0.027 0 -0.038 -0.247 0 -0.099 -0.035 -0.052 0.044 -0.044 -0.173 -0.104 -0.016 0 -0.025 -0.041 8.649 -0.273 -0.003 -0.03 -0.011 -0.061 -0.095
-0.309 0.001 -0.424 -0.33 0.146 0 -0.196 -1.098 0 0.052 -0.668 -0.013 -0.193 -0.52 0.327 -0.088 -0.092 0 -0.294 -0.281 -0.273 2.682 -0.062 -0.402 -0.272 0.055 0.001
0.119 0.135 0.303 0.214 -0.1 0 0.003 -0.085 0 0.047 0.176 0.098 0.18 0.138 0.021 0.063 0.003 0 0.08 0.041 -0.003 -0.062 8.423 -0.123 0.077 -0.028 0.183
0.14 0.003 0.276 0.261 -0.104 0 -0.017 -0.345 0 -0.098 0.176 0.012 0.196 0.109 -0.222 -0.085 -0.006 0 0.062 0.011 -0.03 -0.402 -0.123 9.709 0.077 -0.119 0.024
0.018 -0.073 0.016 0.06 0.079 0 -0.02 0.045 0 -0.067 -0.021 -0.046 0.035 -0.016 -0.15 -0.053 -0.007 0 -0.009 -0.013 -0.011 -0.272 0.077 0.077 6.264 -0.017 -0.089
0.004 0.078 0.099 0.07 0.016 0 -0.047 -0.197 0 0.044 -0.056 0.054 0.076 -0.035 0.073 0.03 -0.02 0 -0.018 -0.036 -0.061 0.055 -0.028 -0.119 -0.017 6.284 0.105
-0.061 0.052 0.027 0.04 0.243 0 -0.099 0.075 0 0.075 -0.251 0.035 0.059 -0.15 0.096 0.071 -0.039 0 -0.081 -0.082 -0.095 0.001 0.183 0.024 -0.089 0.105 3.272

 Mean vectors and covariance matrices after rotation --- 2th cluster >>

 mean vector (mu'=Q*mu)>>
1.414 2.021 3.347 1.846 0.243 0 0.903 0.764 0 1.87 2.914 1.42 1.463 2.841 1.519 2.719 0.459 0 1.643 1.654 1.446 0.358 1.352 2.338 1.256 1.246 2.494

 covariance matrix (Sigma'=Q*Sigma*t(Q))>>

7.881 -0.053 -0.07 -0.051 0.021 0 -0.16 -0.423 0 -0.104 0.02 0.014 -0.054 0.01 -0.082 0.007 -0.022 0 -0.004 -0.025 -0.039 0.232 -0.072 -0.087 -0.039 0.095 -0.065
-0.053 5.166 0.092 -0.082 -0.036 0 -0.132 0.337 0 0.093 0.238 -0.124 -0.046 0.216 -0.022 0.234 -0.021 0 -0.164 -0.09 -0.011 -0.147 -0.085 0.044 -0.058 -0.173 -0.06
-0.07 0.092 3.947 0.068 0.063 0 -0.138 0.179 0 0.012 0.203 0.119 -0.053 0.175 0.005 0.22 -0.032 0 0.161 0.08 -0.006 0.539 -0.112 -0.1 -0.028 0.283 0.074
-0.051 -0.082 0.068 5.065 -0.019 0 -0.114 0.229 0 0.062 0.184 -0.079 -0.044 0.165 -0.02 0.184 -0.021 0 -0.103 -0.06 -0.013 -0.04 -0.079 0.011 -0.049 -0.093 -0.042
0.021 -0.036 0.063 -0.019 8.477 0 -0.049 0.152 0 0.035 0.113 -0.033 0.021 0.108 -0.002 0.093 0.007 0 -0.063 -0.019 0.025 -0.111 0.016 0.08 0.01 -0.072 0
0 0 0 0 0 26.962 0 0 -5.262 0 0 0 0 0 0 0 0 17.569 0 0 0 0 0 0 0 0 0
-0.16 -0.132 -0.138 -0.114 -0.049 0 2.687 0.086 0 0.073 -0.139 -0.198 -0.158 -0.144 -0.012 -0.055 -0.055 0 -0.162 -0.149 -0.126 -0.202 -0.178 -0.198 -0.148 -0.249 -0.155
-0.423 0.337 0.179 0.229 0.152 0 0.086 3.369 0 0.281 0.179 0.188 -0.368 0.108 0.176 0.449 -0.167 0 0.505 0.168 -0.194 1.429 -0.558 -0.682 -0.267 0.629 0.167
0 0 0 0 0 -5.262 0 0 53.618 0 0 0 0 0 0 0 0 12.575 0 0 0 0 0 0 0 0 0
-0.104 0.093 0.012 0.062 0.035 0 0.073 0.281 0 1.072 -0.026 0.043 -0.093 -0.039 0.053 0.05 -0.04 0 0.133 0.042 -0.056 0.321 -0.13 -0.188 -0.066 0.144 0.038
0.02 0.238 0.203 0.184 0.113 0 -0.139 0.179 0 -0.026 3.488 0.292 0.039 0.229 0.039 0.237 -0.001 0 0.344 0.215 0.068 0.795 -0.012 -0.024 0.066 0.527 0.209
0.014 -0.124 0.119 -0.079 -0.033 0 -0.198 0.188 0 0.043 0.292 7.697 0.017 0.274 -0.045 0.241 0.003 0 -0.167 -0.069 0.036 -0.169 -0.008 0.146 -0.004 -0.145 -0.04
-0.054 -0.046 -0.053 -0.044 0.021 0 -0.158 -0.368 0 -0.093 0.039 0.017 7.506 0.029 -0.075 0.025 -0.021 0 0 -0.019 -0.032 0.23 -0.068 -0.075 -0.035 0.096 -0.054
0.01 0.216 0.175 0.165 0.108 0 -0.144 0.108 0 -0.039 0.229 0.274 0.029 3.678 0.027 0.214 -0.004 0 0.322 0.197 0.057 0.769 -0.02 -0.037 0.056 0.503 0.186
-0.082 -0.022 0.005 -0.02 -0.002 0 -0.012 0.176 0 0.053 0.039 -0.045 -0.075 0.027 3.298 0.078 -0.031 0 -0.019 -0.033 -0.045 0.07 -0.104 -0.094 -0.066 -0.022 -0.03
0.007 0.234 0.22 0.184 0.093 0 -0.055 0.449 0 0.05 0.237 0.241 0.025 0.214 0.078 2.299 -0.006 0 0.311 0.194 0.058 0.656 -0.027 -0.028 0.047 0.43 0.209
-0.022 -0.021 -0.032 -0.021 0.007 0 -0.055 -0.167 0 -0.04 -0.001 0.003 -0.021 -0.004 -0.031 -0.006 8.462 0 -0.004 -0.011 -0.016 0.079 -0.026 -0.035 -0.015 0.031 -0.027
0 0 0 0 0 17.569 0 0 12.575 0 0 0 0 0 0 0 0 69.987 0 0 0 0 0 0 0 0 0
-0.004 -0.164 0.161 -0.103 -0.063 0 -0.162 0.505 0 0.133 0.344 -0.167 0 0.322 -0.019 0.311 -0.004 0 5.967 -0.113 0.029 -0.354 -0.034 0.168 -0.03 -0.287 -0.057
-0.025 -0.09 0.08 -0.06 -0.019 0 -0.149 0.168 0 0.042 0.215 -0.069 -0.019 0.197 -0.033 0.194 -0.011 0 -0.113 6.05 0.005 -0.058 -0.049 0.056 -0.029 -0.09 -0.038
-0.039 -0.011 -0.006 -0.013 0.025 0 -0.126 -0.194 0 -0.056 0.068 0.036 -0.032 0.057 -0.045 0.058 -0.016 0 0.029 0.005 6.209 0.234 -0.054 -0.053 -0.021 0.112 -0.016
0.232 -0.147 0.539 -0.04 -0.111 0 -0.202 1.429 0 0.321 0.795 -0.169 0.23 0.769 0.07 0.656 0.079 0 -0.354 -0.058 0.234 8.872 0.21 0.659 0.138 -0.477 0.111
-0.072 -0.085 -0.112 -0.079 0.016 0 -0.178 -0.558 0 -0.13 -0.012 -0.008 -0.068 -0.02 -0.104 -0.027 -0.026 0 -0.034 -0.049 -0.054 0.21 9.125 -0.106 -0.052 0.07 -0.099
-0.087 0.044 -0.1 0.011 0.08 0 -0.198 -0.682 0 -0.188 -0.024 0.146 -0.075 -0.037 -0.094 -0.028 -0.035 0 0.168 0.056 -0.053 0.659 -0.106 6.179 -0.036 0.364 -0.019
-0.039 -0.058 -0.028 -0.049 0.01 0 -0.148 -0.267 0 -0.066 0.066 -0.004 -0.035 0.056 -0.066 0.047 -0.015 0 -0.03 -0.029 -0.021 0.138 -0.052 -0.036 7.854 0.044 -0.052
0.095 -0.173 0.283 -0.093 -0.072 0 -0.249 0.629 0 0.144 0.527 -0.145 0.096 0.503 -0.022 0.43 0.031 0 -0.287 -0.09 0.112 -0.477 0.07 0.364 0.044 8.471 -0.006
-0.065 -0.06 0.074 -0.042 0 0 -0.155 0.167 0 0.038 0.209 -0.04 -0.054 0.186 -0.03 0.209 -0.027 0 -0.057 -0.038 -0.016 0.111 -0.099 -0.019 -0.052 -0.006 5.039

 Final eigenvalues for each cluster >> 
 (rows correspond to clusters)
80.273 52.096 18.197 9.838 9.162 8.696 8.621 8.526 8.415 7.623 7.242 6.572 6.379 6.305 6.272 6.269 5.544 5.022 4.901 3.869 3.55 3.493 3.485 3.206 2.673 2.052 1.857
80.273 52.096 18.197 9.729 9.209 8.784 8.493 8.47 7.94 7.883 7.784 7.555 6.378 6.224 6.215 6.106 5.287 5.121 5.069 3.834 3.473 3.294 3.236 2.608 2.112 2.05 1.005

 theoretical Separation index matrix >>

-1 0.34
0.34 -1

 theoretical projection directions >>

**** cluster 1 and 2
0.131 0.241 0.413 0.196 -0.024 0 0.14 0.022 0 0.346 0.299 0.121 0.15 0.282 0.272 0.309 0.039 0 0.131 0.138 0.121 0.006 0.076 0.161 0.112 0.048 0.317

 empirical Separation index matrix (alpha= 0.05 )>>

-1 0.399
0.399 -1

 empirical projection directions >>

**** cluster 1 and 2
0.258 0.265 0.447 0.266 0.069 -0.041 0.219 0.042 -0.078 0.342 0.288 -0.189 -0.061 0.257 0.179 0.14 0.016 0.002 -0.01 0.082 -0.002 -0.017 0.046 0.104 0.229 -0.002 0.316
