
 Log information for the data set datasetJHG2v26nv1out0_3.dat >>

 alpha = 0.05 sepVal = 0.34

 Number of clusters >> 2

 cluster sizes >>
50 50

 Number of data points >> 100

 Number of dimensions >> 27

 Number of noisy dimensions >> 1

 noisy variables >>
13

 Number of outliers >> 0

 initial eigenvalues for each cluster >> 
 (rows correspond to clusters)
6.955 1.207 3.281 4.406 1.291 1.684 1.237 4.427 2.831 3.499 4.375 2.421 1.62 5.198 2.231 4.574 6.181 7.59 8.565 8.974 8.636 1.169 9.976 9.805 6.02 4.128
8.73 5.156 3.258 4.149 8.193 3.148 2.378 2.887 9.359 5.882 2.545 6.466 6.515 5.025 6.391 5.554 1.181 3.847 8.393 9.766 2.885 1.084 1.225 7.52 5.404 4.331

 Mean vectors and covariance matrices before rotation --- 1th cluster >>

 mean vector (mu'=Q*mu)>>
-8.183 0 0 0 0 0 0 0 0 0 0 0 0 0 0 0 0 0 0 0 0 0 0 0 0 0 0

 covariance matrix (Sigma'=Q*Sigma*t(Q))>>

5.332 0.078 0.628 0.172 1.138 1.221 0.733 0.27 0.095 0.011 0.074 0.968 0.416 0.096 0.326 0.283 -0.025 -0.358 -0.562 -0.709 -0.854 0.011 -1.132 -0.791 -0.015 0.392 0
0.078 1.209 0.027 0.012 0.034 0.038 0.022 0.019 0.004 0.001 0.005 0.034 0.013 0.015 0.011 0.022 0.004 0.01 0.008 0.007 0.011 0 0.005 0.004 0.004 0.023 0
0.628 0.027 3.585 0.126 0.404 0.452 0.259 0.2 0.042 0.006 0.053 0.396 0.153 0.147 0.13 0.23 0.035 0.068 0.032 0.018 0.044 0.004 -0.03 -0.015 0.034 0.251 0
0.172 0.012 0.126 4.455 0.176 0.196 0.113 0.079 0.018 0.002 0.021 0.169 0.066 0.055 0.055 0.089 0.012 0.013 -0.006 -0.015 -0.01 0.002 -0.045 -0.029 0.011 0.1 0
1.138 0.034 0.404 0.176 1.794 0.568 0.321 0.28 0.054 0.007 0.074 0.509 0.192 0.217 0.166 0.325 0.057 0.142 0.109 0.102 0.157 0.005 0.073 0.06 0.054 0.345 0
1.221 0.038 0.452 0.196 0.568 2.326 0.364 0.311 0.061 0.008 0.082 0.573 0.217 0.239 0.186 0.36 0.062 0.149 0.11 0.101 0.158 0.006 0.062 0.053 0.059 0.384 0
0.733 0.022 0.259 0.113 0.321 0.364 1.442 0.18 0.035 0.005 0.048 0.326 0.123 0.139 0.106 0.208 0.037 0.091 0.07 0.067 0.102 0.003 0.048 0.039 0.035 0.221 0
0.27 0.019 0.2 0.079 0.28 0.311 0.18 4.552 0.028 0.004 0.033 0.268 0.105 0.087 0.088 0.142 0.018 0.02 -0.01 -0.025 -0.018 0.003 -0.072 -0.047 0.018 0.158 0
0.095 0.004 0.042 0.018 0.054 0.061 0.035 0.028 2.836 0.001 0.007 0.054 0.021 0.021 0.018 0.032 0.005 0.011 0.006 0.005 0.009 0.001 -0.001 0 0.005 0.035 0
0.011 0.001 0.006 0.002 0.007 0.008 0.005 0.004 0.001 3.499 0.001 0.007 0.003 0.003 0.002 0.004 0.001 0.001 0 0 0.001 0 -0.001 0 0.001 0.005 0
0.074 0.005 0.053 0.021 0.074 0.082 0.048 0.033 0.007 0.001 4.384 0.071 0.028 0.023 0.023 0.038 0.005 0.006 -0.002 -0.006 -0.004 0.001 -0.018 -0.012 0.005 0.042 0
0.968 0.034 0.396 0.169 0.509 0.573 0.326 0.268 0.054 0.007 0.071 2.928 0.194 0.202 0.165 0.309 0.051 0.113 0.074 0.062 0.106 0.005 0.017 0.02 0.049 0.332 0
0.416 0.013 0.153 0.066 0.192 0.217 0.123 0.105 0.021 0.003 0.028 0.194 1.694 0.081 0.063 0.122 0.021 0.051 0.038 0.035 0.055 0.002 0.022 0.019 0.02 0.13 0
0.096 0.015 0.147 0.055 0.217 0.239 0.139 0.087 0.021 0.003 0.023 0.202 0.081 5.254 0.067 0.098 0.01 -0.003 -0.029 -0.044 -0.046 0.002 -0.091 -0.061 0.01 0.112 0
0.326 0.011 0.13 0.055 0.166 0.186 0.106 0.088 0.018 0.002 0.023 0.165 0.063 0.067 2.285 0.102 0.017 0.039 0.026 0.023 0.038 0.002 0.009 0.009 0.016 0.109 0
0.283 0.022 0.23 0.089 0.325 0.36 0.208 0.142 0.032 0.004 0.038 0.309 0.122 0.098 0.102 4.735 0.02 0.018 -0.017 -0.035 -0.029 0.003 -0.092 -0.061 0.02 0.181 0
-0.025 0.004 0.035 0.012 0.057 0.062 0.037 0.018 0.005 0.001 0.005 0.051 0.021 0.01 0.017 0.02 6.182 -0.009 -0.017 -0.023 -0.027 0.001 -0.039 -0.027 0.001 0.025 0
-0.358 0.01 0.068 0.013 0.142 0.149 0.091 0.02 0.011 0.001 0.006 0.113 0.051 -0.003 0.039 0.018 -0.009 7.521 -0.1 -0.123 -0.151 0.001 -0.189 -0.133 -0.007 0.034 0
-0.562 0.008 0.032 -0.006 0.109 0.11 0.07 -0.01 0.006 0 -0.002 0.074 0.038 -0.029 0.026 -0.017 -0.017 -0.1 8.433 -0.159 -0.199 0.001 -0.234 -0.165 -0.015 0 0
-0.709 0.007 0.018 -0.015 0.102 0.101 0.067 -0.025 0.005 0 -0.006 0.062 0.035 -0.044 0.023 -0.035 -0.023 -0.123 -0.159 8.784 -0.239 0.001 -0.275 -0.195 -0.02 -0.017 0
-0.854 0.011 0.044 -0.01 0.157 0.158 0.102 -0.018 0.009 0.001 -0.004 0.106 0.055 -0.046 0.038 -0.029 -0.027 -0.151 -0.199 -0.239 8.337 0.002 -0.351 -0.248 -0.023 -0.004 0
0.011 0 0.004 0.002 0.005 0.006 0.003 0.003 0.001 0 0.001 0.005 0.002 0.002 0.002 0.003 0.001 0.001 0.001 0.001 0.002 1.169 0.001 0.001 0.001 0.003 0
-1.132 0.005 -0.03 -0.045 0.073 0.062 0.048 -0.072 -0.001 -0.001 -0.018 0.017 0.022 -0.091 0.009 -0.092 -0.039 -0.189 -0.234 -0.275 -0.351 0.001 9.587 -0.277 -0.035 -0.07 0
-0.791 0.004 -0.015 -0.029 0.06 0.053 0.039 -0.047 0 0 -0.012 0.02 0.019 -0.061 0.009 -0.061 -0.027 -0.133 -0.165 -0.195 -0.248 0.001 -0.277 9.608 -0.024 -0.045 0
-0.015 0.004 0.034 0.011 0.054 0.059 0.035 0.018 0.005 0.001 0.005 0.049 0.02 0.01 0.016 0.02 0.001 -0.007 -0.015 -0.02 -0.023 0.001 -0.035 -0.024 6.021 0.024 0
0.392 0.023 0.251 0.1 0.345 0.384 0.221 0.158 0.035 0.005 0.042 0.332 0.13 0.112 0.109 0.181 0.025 0.034 0 -0.017 -0.004 0.003 -0.07 -0.045 0.024 4.328 0
0 0 0 0 0 0 0 0 0 0 0 0 0 0 0 0 0 0 0 0 0 0 0 0 0 0 7.834

 Mean vectors and covariance matrices before rotation --- 2th cluster >>

 mean vector (mu'=Q*mu)>>
8.183 0 0 0 0 0 0 0 0 0 0 0 0 0 0 0 0 0 0 0 0 0 0 0 0 0 0

 covariance matrix (Sigma'=Q*Sigma*t(Q))>>

4.486 -0.006 0.093 0.011 -0.782 0.427 0.371 0.637 -0.508 -0.07 0.698 -0.477 -0.359 -0.026 -0.185 -0.15 1.127 0.157 -0.196 -0.395 0.216 0.509 0.54 -0.604 -0.12 0.189 0
-0.006 5.157 0.005 0.001 0.001 0.024 0.017 0.033 -0.002 0.003 0.032 0.011 0.008 0.012 0.005 0.012 0.041 0.013 0 -0.002 0.011 0.018 0.02 0.004 0.013 0.026 0
0.093 0.005 3.279 0.005 0.026 0.092 0.061 0.123 0.006 0.016 0.121 0.061 0.044 0.05 0.025 0.056 0.145 0.051 0.006 0.002 0.042 0.064 0.07 0.034 0.059 0.107 0
0.011 0.001 0.005 4.151 0.004 0.022 0.015 0.03 0 0.004 0.029 0.013 0.009 0.011 0.005 0.012 0.036 0.012 0.001 0 0.01 0.016 0.017 0.006 0.013 0.025 0
-0.782 0.001 0.026 0.004 8.053 0.12 0.097 0.173 -0.096 -0.007 0.184 -0.068 -0.052 0.016 -0.026 -0.006 0.276 0.051 -0.036 -0.075 0.059 0.124 0.133 -0.103 0.001 0.08 0
0.427 0.024 0.092 0.022 0.12 3.55 0.267 0.539 0.028 0.072 0.527 0.269 0.194 0.222 0.111 0.246 0.63 0.224 0.026 0.013 0.183 0.28 0.304 0.15 0.261 0.468 0
0.371 0.017 0.061 0.015 0.097 0.267 2.554 0.358 0.029 0.051 0.348 0.193 0.14 0.152 0.08 0.171 0.411 0.15 0.021 0.016 0.121 0.182 0.198 0.114 0.181 0.317 0
0.637 0.033 0.123 0.03 0.173 0.539 0.358 3.611 0.045 0.099 0.706 0.372 0.269 0.302 0.154 0.336 0.841 0.302 0.038 0.022 0.245 0.374 0.406 0.213 0.356 0.633 0
-0.508 -0.002 0.006 0 -0.096 0.028 0.029 0.045 9.3 -0.012 0.053 -0.069 -0.051 -0.015 -0.027 -0.03 0.096 0.006 -0.024 -0.046 0.015 0.044 0.046 -0.077 -0.027 -0.003 0
-0.07 0.003 0.016 0.004 -0.007 0.072 0.051 0.099 -0.012 5.891 0.099 0.024 0.017 0.032 0.011 0.031 0.128 0.038 -0.002 -0.011 0.033 0.057 0.061 0.003 0.034 0.074 0
0.698 0.032 0.121 0.029 0.184 0.527 0.348 0.706 0.053 0.099 3.232 0.376 0.271 0.299 0.155 0.335 0.814 0.296 0.04 0.028 0.239 0.361 0.393 0.22 0.354 0.623 0
-0.477 0.011 0.061 0.013 -0.068 0.269 0.193 0.372 -0.069 0.024 0.376 6.522 0.038 0.106 0.025 0.098 0.497 0.137 -0.019 -0.058 0.126 0.222 0.239 -0.023 0.11 0.264 0
-0.359 0.008 0.044 0.009 -0.052 0.194 0.14 0.269 -0.051 0.017 0.271 0.038 6.541 0.076 0.017 0.069 0.36 0.099 -0.014 -0.043 0.091 0.161 0.173 -0.019 0.078 0.189 0
-0.026 0.012 0.05 0.011 0.016 0.222 0.152 0.302 -0.015 0.032 0.299 0.106 0.076 5.133 0.045 0.113 0.374 0.119 0.002 -0.016 0.102 0.167 0.18 0.041 0.122 0.241 0
-0.185 0.005 0.025 0.005 -0.026 0.111 0.08 0.154 -0.027 0.011 0.155 0.025 0.017 0.045 6.403 0.042 0.205 0.057 -0.007 -0.023 0.052 0.091 0.098 -0.008 0.047 0.11 0
-0.15 0.012 0.056 0.012 -0.006 0.246 0.171 0.336 -0.03 0.031 0.335 0.098 0.069 0.113 0.042 5.669 0.427 0.13 -0.004 -0.028 0.114 0.19 0.205 0.025 0.125 0.26 0
1.127 0.041 0.145 0.036 0.276 0.63 0.411 0.841 0.096 0.128 0.814 0.497 0.36 0.374 0.205 0.427 2.126 0.359 0.062 0.06 0.285 0.419 0.456 0.311 0.448 0.765 0
0.157 0.013 0.051 0.012 0.051 0.224 0.15 0.302 0.006 0.038 0.296 0.137 0.099 0.119 0.057 0.13 0.359 3.97 0.011 0 0.102 0.16 0.173 0.071 0.139 0.255 0
-0.196 0 0.006 0.001 -0.036 0.026 0.021 0.038 -0.024 -0.002 0.04 -0.019 -0.014 0.002 -0.007 -0.004 0.062 0.011 8.384 -0.019 0.013 0.028 0.03 -0.027 -0.002 0.015 0
-0.395 -0.002 0.002 0 -0.075 0.013 0.016 0.022 -0.046 -0.011 0.028 -0.058 -0.043 -0.016 -0.023 -0.028 0.06 0 -0.019 9.731 0.008 0.027 0.028 -0.062 -0.026 -0.012 0
0.216 0.011 0.042 0.01 0.059 0.183 0.121 0.245 0.015 0.033 0.239 0.126 0.091 0.102 0.052 0.114 0.285 0.102 0.013 0.008 2.968 0.126 0.137 0.072 0.12 0.214 0
0.509 0.018 0.064 0.016 0.124 0.28 0.182 0.374 0.044 0.057 0.361 0.222 0.161 0.167 0.091 0.19 0.419 0.16 0.028 0.027 0.126 1.27 0.202 0.139 0.2 0.34 0
0.54 0.02 0.07 0.017 0.133 0.304 0.198 0.406 0.046 0.061 0.393 0.239 0.173 0.18 0.098 0.205 0.456 0.173 0.03 0.028 0.137 0.202 1.445 0.149 0.216 0.368 0
-0.604 0.004 0.034 0.006 -0.103 0.15 0.114 0.213 -0.077 0.003 0.22 -0.023 -0.019 0.041 -0.008 0.025 0.311 0.071 -0.027 -0.062 0.072 0.139 0.149 7.453 0.033 0.125 0
-0.12 0.013 0.059 0.013 0.001 0.261 0.181 0.356 -0.027 0.034 0.354 0.11 0.078 0.122 0.047 0.125 0.448 0.139 -0.002 -0.026 0.12 0.2 0.216 0.033 5.539 0.278 0
0.189 0.026 0.107 0.025 0.08 0.468 0.317 0.633 -0.003 0.074 0.623 0.264 0.189 0.241 0.11 0.26 0.765 0.255 0.015 -0.012 0.214 0.34 0.368 0.125 0.278 4.856 0
0 0 0 0 0 0 0 0 0 0 0 0 0 0 0 0 0 0 0 0 0 0 0 0 0 0 7.834

 Final eigenvalues for each cluster >> 
 (rows correspond to clusters)
9.976 9.805 8.974 8.636 8.565 7.834 7.59 6.955 6.181 6.02 5.198 4.574 4.427 4.406 4.375 4.128 3.499 3.281 2.831 2.421 2.231 1.684 1.62 1.291 1.237 1.207 1.169
9.766 9.359 8.73 8.393 8.193 7.834 7.52 6.515 6.466 6.391 5.882 5.554 5.404 5.156 5.025 4.331 4.149 3.847 3.258 3.148 2.887 2.885 2.545 2.378 1.225 1.181 1.084

 *************************************************

 ********************* rotation ******************

 *************************************************


 The orthogonal matrix Q >>
0.351 0.302 0.066 0.333 0.075 0.084 0.027 0.113 0.063 0.298 0.298 0.26 0.121 0.177 0.155 0.272 0.029 0.051 0.159 0.04 0.3 0.069 0.006 0.27 0.124 0.192
0.302 -0.932 0.015 0.075 0.017 0.019 0.006 0.025 0.014 0.067 0.067 0.058 0.027 0.04 0.035 0.061 0.007 0.011 0.036 0.009 0.067 0.015 0.001 0.06 0.028 0.043
0.066 0.015 -0.997 0.016 0.004 0.004 0.001 0.006 0.003 0.014 0.014 0.013 0.006 0.009 0.008 0.013 0.001 0.002 0.008 0.002 0.015 0.003 0 0.013 0.006 0.009
0.333 0.075 0.016 -0.918 0.018 0.021 0.007 0.028 0.016 0.074 0.073 0.064 0.03 0.044 0.038 0.067 0.007 0.013 0.039 0.01 0.074 0.017 0.001 0.067 0.031 0.047
0.075 0.017 0.004 0.018 -0.996 0.005 0.001 0.006 0.003 0.017 0.016 0.014 0.007 0.01 0.009 0.015 0.002 0.003 0.009 0.002 0.017 0.004 0 0.015 0.007 0.011
0.084 0.019 0.004 0.021 0.005 -0.995 0.002 0.007 0.004 0.019 0.019 0.016 0.008 0.011 0.01 0.017 0.002 0.003 0.01 0.002 0.019 0.004 0 0.017 0.008 0.012
0.027 0.006 0.001 0.007 0.001 0.002 -0.999 0.002 0.001 0.006 0.006 0.005 0.002 0.003 0.003 0.005 0.001 0.001 0.003 0.001 0.006 0.001 0 0.005 0.002 0.004
0.113 0.025 0.006 0.028 0.006 0.007 0.002 -0.99 0.005 0.025 0.025 0.022 0.01 0.015 0.013 0.023 0.002 0.004 0.013 0.003 0.025 0.006 0 0.023 0.01 0.016
0.063 0.014 0.003 0.016 0.003 0.004 0.001 0.005 -0.997 0.014 0.014 0.012 0.006 0.008 0.007 0.013 0.001 0.002 0.007 0.002 0.014 0.003 0 0.013 0.006 0.009
0.298 0.067 0.014 0.074 0.017 0.019 0.006 0.025 0.014 -0.934 0.066 0.057 0.027 0.039 0.034 0.06 0.006 0.011 0.035 0.009 0.066 0.015 0.001 0.06 0.027 0.042
0.298 0.067 0.014 0.073 0.016 0.019 0.006 0.025 0.014 0.066 -0.934 0.057 0.027 0.039 0.034 0.06 0.006 0.011 0.035 0.009 0.066 0.015 0.001 0.06 0.027 0.042
0.26 0.058 0.013 0.064 0.014 0.016 0.005 0.022 0.012 0.057 0.057 -0.95 0.023 0.034 0.03 0.052 0.006 0.01 0.031 0.008 0.058 0.013 0.001 0.052 0.024 0.037
0.121 0.027 0.006 0.03 0.007 0.008 0.002 0.01 0.006 0.027 0.027 0.023 -0.989 0.016 0.014 0.024 0.003 0.005 0.014 0.004 0.027 0.006 0 0.024 0.011 0.017
0.177 0.04 0.009 0.044 0.01 0.011 0.003 0.015 0.008 0.039 0.039 0.034 0.016 -0.977 0.02 0.036 0.004 0.007 0.021 0.005 0.039 0.009 0.001 0.035 0.016 0.025
0.155 0.035 0.008 0.038 0.009 0.01 0.003 0.013 0.007 0.034 0.034 0.03 0.014 0.02 -0.982 0.031 0.003 0.006 0.018 0.005 0.034 0.008 0.001 0.031 0.014 0.022
0.272 0.061 0.013 0.067 0.015 0.017 0.005 0.023 0.013 0.06 0.06 0.052 0.024 0.036 0.031 -0.945 0.006 0.01 0.032 0.008 0.06 0.014 0.001 0.054 0.025 0.039
0.029 0.007 0.001 0.007 0.002 0.002 0.001 0.002 0.001 0.006 0.006 0.006 0.003 0.004 0.003 0.006 -0.999 0.001 0.003 0.001 0.007 0.001 0 0.006 0.003 0.004
0.051 0.011 0.002 0.013 0.003 0.003 0.001 0.004 0.002 0.011 0.011 0.01 0.005 0.007 0.006 0.01 0.001 -0.998 0.006 0.001 0.011 0.003 0 0.01 0.005 0.007
0.159 0.036 0.008 0.039 0.009 0.01 0.003 0.013 0.007 0.035 0.035 0.031 0.014 0.021 0.018 0.032 0.003 0.006 -0.981 0.005 0.035 0.008 0.001 0.032 0.015 0.023
0.04 0.009 0.002 0.01 0.002 0.002 0.001 0.003 0.002 0.009 0.009 0.008 0.004 0.005 0.005 0.008 0.001 0.001 0.005 -0.999 0.009 0.002 0 0.008 0.004 0.006
0.3 0.067 0.015 0.074 0.017 0.019 0.006 0.025 0.014 0.066 0.066 0.058 0.027 0.039 0.034 0.06 0.007 0.011 0.035 0.009 -0.934 0.015 0.001 0.06 0.028 0.043
0.069 0.015 0.003 0.017 0.004 0.004 0.001 0.006 0.003 0.015 0.015 0.013 0.006 0.009 0.008 0.014 0.001 0.003 0.008 0.002 0.015 -0.996 0 0.014 0.006 0.01
0.006 0.001 0 0.001 0 0 0 0 0 0.001 0.001 0.001 0 0.001 0.001 0.001 0 0 0.001 0 0.001 0 -1 0.001 0.001 0.001
0.27 0.06 0.013 0.067 0.015 0.017 0.005 0.023 0.013 0.06 0.06 0.052 0.024 0.035 0.031 0.054 0.006 0.01 0.032 0.008 0.06 0.014 0.001 -0.946 0.025 0.038
0.124 0.028 0.006 0.031 0.007 0.008 0.002 0.01 0.006 0.027 0.027 0.024 0.011 0.016 0.014 0.025 0.003 0.005 0.015 0.004 0.028 0.006 0.001 0.025 -0.989 0.018
0.192 0.043 0.009 0.047 0.011 0.012 0.004 0.016 0.009 0.042 0.042 0.037 0.017 0.025 0.022 0.039 0.004 0.007 0.023 0.006 0.043 0.01 0.001 0.038 0.018 -0.973

 Mean vectors and covariance matrices after rotation --- 1th cluster >>

 mean vector (mu'=Q*mu)>>
-1.45 -0.69 -0.563 -1.574 -0.416 -0.045 -0.516 -2.873 -0.217 -0.612 -2.474 -2.211 0 -2.128 -0.537 -1.271 -1.018 -0.24 -2.441 -2.438 -0.928 -2.224 -2.451 -2.726 -0.324 -1.304 -0.987

 covariance matrix (Sigma'=Q*Sigma*t(Q))>>

5.193 -0.052 0.028 -0.001 0.041 0.146 0.007 -0.118 -0.041 -0.05 0.119 -0.087 0 0.008 -0.019 0.023 -0.019 0.003 0.033 -0.001 0 -0.003 -0.042 -0.002 0.077 -0.005 0.015
-0.052 2.063 -0.084 0.045 0.095 0.167 -0.039 -0.882 0.239 0.331 -0.36 -0.36 0 0.095 0.276 -0.064 -0.139 0.015 -0.419 -0.37 0.102 -0.091 -0.283 -0.325 0.1 -0.114 0.007
0.028 -0.084 1.198 0.013 0.032 0.094 0.013 0.305 -0.059 -0.078 0.125 0.066 0 0.002 -0.042 0.028 0.024 0.006 0.095 0.074 0.001 0.04 0.087 0.073 0.059 0.055 0.01
-0.001 0.045 0.013 4.156 0.068 0.186 0.004 -0.194 0.019 0.036 0.058 -0.144 0 0.053 0.053 0.021 -0.04 0.01 -0.041 -0.062 0.035 0 -0.079 -0.049 0.105 -0.015 0.027
0.041 0.095 0.032 0.068 7.551 -0.119 0.029 0.045 0.049 0.091 0.144 -0.047 0 0.147 0.042 0.08 0.027 -0.001 0.112 0.101 0.034 0.083 -0.047 0.111 -0.074 -0.038 0.074
0.146 0.167 0.094 0.186 -0.119 9.601 0.084 0.683 0.078 0.166 0.416 0.086 0 0.361 0.054 0.217 0.132 0 0.402 0.382 0.078 0.271 0.053 0.403 -0.218 -0.018 0.183
0.007 -0.039 0.013 0.004 0.029 0.084 2.835 0.083 -0.028 -0.037 0.055 0.004 0 -0.003 -0.014 0.009 0 0.004 0.026 0.013 0.002 0.009 0.024 0.013 0.05 0.023 0.003
-0.118 -0.882 0.305 -0.194 0.045 0.683 0.083 5.626 -0.602 -0.789 1.304 -0.603 0 -0.143 -0.548 0.213 -0.059 -0.036 0.665 0.313 -0.23 -0.097 -0.398 0.213 0.275 -0.147 0.084
-0.041 0.239 -0.059 0.019 0.049 0.078 -0.028 -0.602 1.39 0.209 -0.254 -0.225 0 0.046 0.17 -0.05 -0.09 0.007 -0.278 -0.243 0.057 -0.069 -0.186 -0.217 0.047 -0.08 -0.003
-0.05 0.331 -0.078 0.036 0.091 0.166 -0.037 -0.789 0.209 1.58 -0.333 -0.319 0 0.074 0.244 -0.064 -0.127 0.014 -0.385 -0.341 0.089 -0.088 -0.249 -0.301 0.1 -0.098 0
0.119 -0.36 0.125 0.058 0.144 0.416 0.055 1.304 -0.254 -0.333 1.743 0.278 0 0.009 -0.179 0.119 0.101 0.027 0.403 0.314 0.005 0.17 0.37 0.307 0.261 0.237 0.042
-0.087 -0.36 0.066 -0.144 -0.047 0.086 0.004 -0.603 -0.225 -0.319 0.278 9.671 0 -0.177 -0.244 0.001 -0.021 -0.026 0.159 0.064 -0.136 -0.111 -0.128 0.011 0.005 -0.067 -0.036
0 0 0 0 0 0 0 0 0 0 0 0 7.834 0 0 0 0 0 0 0 0 0 0 0 0 0 0
0.008 0.095 0.002 0.053 0.147 0.361 -0.003 -0.143 0.046 0.074 0.009 -0.177 0 2.49 0.113 0.01 -0.067 0.023 -0.124 -0.14 0.074 0.001 -0.065 -0.111 0.217 0.017 0.026
-0.019 0.276 -0.042 0.053 0.042 0.054 -0.014 -0.548 0.17 0.244 -0.179 -0.244 0 0.113 3.471 -0.013 -0.078 0.009 -0.225 -0.198 0.076 -0.028 -0.198 -0.165 0.031 -0.088 0.031
0.023 -0.064 0.028 0.021 0.08 0.217 0.009 0.213 -0.05 -0.064 0.119 0.001 0 0.01 -0.013 2.255 -0.002 0.013 0.045 0.018 0.018 0.028 0.057 0.024 0.131 0.057 0.012
-0.019 -0.139 0.024 -0.04 0.027 0.132 0 -0.059 -0.09 -0.127 0.101 -0.021 0 -0.067 -0.078 -0.002 6.011 -0.001 0.045 0.011 -0.034 -0.029 0.003 -0.002 0.069 0.015 -0.017
0.003 0.015 0.006 0.01 -0.001 0 0.004 -0.036 0.007 0.014 0.027 -0.026 0 0.023 0.009 0.013 -0.001 6.181 0.011 0.006 0.006 0.008 -0.02 0.008 -0.002 -0.01 0.012
0.033 -0.419 0.095 -0.041 0.112 0.402 0.026 0.665 -0.278 -0.385 0.403 0.159 0 -0.124 -0.225 0.045 0.045 0.011 3.774 0.184 -0.057 0.039 0.232 0.157 0.235 0.162 -0.018
-0.001 -0.37 0.074 -0.062 0.101 0.382 0.013 0.313 -0.243 -0.341 0.314 0.064 0 -0.14 -0.198 0.018 0.011 0.006 0.184 4.475 -0.062 -0.011 0.135 0.073 0.216 0.11 -0.03
0 0.102 0.001 0.035 0.034 0.078 0.002 -0.23 0.057 0.089 0.005 -0.136 0 0.074 0.076 0.018 -0.034 0.006 -0.057 -0.062 4.466 0.004 -0.095 -0.047 0.043 -0.037 0.031
-0.003 -0.091 0.04 0 0.083 0.271 0.009 -0.097 -0.069 -0.088 0.17 -0.111 0 0.001 -0.028 0.028 -0.029 0.008 0.039 -0.011 0.004 4.57 -0.035 -0.011 0.15 0.015 0.016
-0.042 -0.283 0.087 -0.079 -0.047 0.053 0.024 -0.398 -0.186 -0.249 0.37 -0.128 0 -0.065 -0.198 0.057 0.003 -0.02 0.232 0.135 -0.095 -0.035 8.524 0.095 -0.009 -0.061 0.016
-0.002 -0.325 0.073 -0.049 0.111 0.403 0.013 0.213 -0.217 -0.301 0.307 0.011 0 -0.111 -0.165 0.024 -0.002 0.008 0.157 0.073 -0.047 -0.011 0.095 4.457 0.227 0.093 -0.018
0.077 0.1 0.059 0.105 -0.074 -0.218 0.05 0.275 0.047 0.1 0.261 0.005 0 0.217 0.031 0.131 0.069 -0.002 0.235 0.216 0.043 0.15 -0.009 0.227 8.842 -0.032 0.112
-0.005 -0.114 0.055 -0.015 -0.038 -0.018 0.023 -0.147 -0.08 -0.098 0.237 -0.067 0 0.017 -0.088 0.057 0.015 -0.01 0.162 0.11 -0.037 0.015 -0.061 0.093 -0.032 8.527 0.033
0.015 0.007 0.01 0.027 0.074 0.183 0.003 0.084 -0.003 0 0.042 -0.036 0 0.026 0.031 0.012 -0.017 0.012 -0.018 -0.03 0.031 0.016 0.016 -0.018 0.112 0.033 1.632

 Mean vectors and covariance matrices after rotation --- 2th cluster >>

 mean vector (mu'=Q*mu)>>
1.45 0.69 0.563 1.574 0.416 0.045 0.516 2.873 0.217 0.612 2.474 2.211 0 2.128 0.537 1.271 1.018 0.24 2.441 2.438 0.928 2.224 2.451 2.726 0.324 1.304 0.987

 covariance matrix (Sigma'=Q*Sigma*t(Q))>>

5.044 0.042 0.017 0.065 0.03 0.001 0.031 -0.246 0.017 0.097 -0.071 -0.026 0 0.028 0.01 -0.009 0.049 0.005 -0.076 0.059 0.05 0.002 0.028 -0.038 0.027 -0.073 0.051
0.042 3.398 0.155 0.234 0.142 0.214 0.001 -0.728 0.182 0.1 -0.25 -0.091 0 0.03 0.021 -0.035 0.129 0.432 -0.211 0.181 0.332 -0.018 -0.086 -0.261 0.002 -0.134 0.088
0.017 0.155 1.168 0.147 0.092 0.129 0.02 -0.455 0.113 0.107 -0.21 -0.062 0 0.023 0.006 -0.03 0.091 0.257 -0.179 0.075 0.202 -0.03 -0.097 -0.22 0.018 -0.105 0.073
0.065 0.234 0.147 4.577 0.136 0.171 0.018 -0.659 0.158 0.135 -0.2 -0.068 0 0.062 0.033 -0.018 0.143 0.351 -0.177 0.228 0.309 0.016 -0.002 -0.179 0.017 -0.138 0.107
0.03 0.142 0.092 0.136 3.927 0.12 -0.003 -0.387 0.102 0.048 -0.119 -0.044 0 0.022 0.016 -0.014 0.073 0.243 -0.1 0.121 0.189 0.001 -0.026 -0.121 -0.002 -0.068 0.048
0.001 0.214 0.129 0.171 0.12 1.434 -0.015 -0.814 0.168 0.061 -0.284 -0.122 0 -0.023 0.003 -0.058 0.09 0.416 -0.239 0.088 0.285 -0.069 -0.164 -0.317 -0.01 -0.131 0.052
0.031 0.001 0.02 0.018 -0.003 -0.015 9.343 0.003 -0.008 -0.034 0.101 0.017 0 0.017 0.02 0.022 0.001 -0.022 0.08 0.097 0.005 0.049 0.12 0.128 -0.013 0.019 -0.008
-0.246 -0.728 -0.455 -0.659 -0.387 -0.814 0.003 6.322 -0.59 0.034 0.154 -0.405 0 -0.395 -0.048 -0.191 -0.352 -1.609 -0.116 -0.355 -0.984 -0.292 0.428 0.504 0.036 -0.353 -0.238
0.017 0.182 0.113 0.158 0.102 0.168 -0.008 -0.59 2.516 0.057 -0.204 -0.081 0 0.003 0.01 -0.035 0.085 0.336 -0.17 0.107 0.242 -0.032 -0.096 -0.222 -0.005 -0.099 0.053
0.097 0.1 0.107 0.135 0.048 0.061 -0.034 0.034 0.057 8.137 0.17 0.051 0 0.074 0.053 0.056 0.054 0.141 0.148 0.283 0.143 0.129 0.229 0.208 -0.031 0.04 0.019
-0.071 -0.25 -0.21 -0.2 -0.119 -0.284 0.101 0.154 -0.204 0.17 5.137 -0.002 0 -0.019 -0.038 -0.026 -0.062 -0.577 -0.062 -0.259 -0.351 -0.07 0.003 0.049 0.087 -0.065 0.013
-0.026 -0.091 -0.062 -0.068 -0.044 -0.122 0.017 -0.405 -0.081 0.051 -0.002 7.459 0 -0.039 -0.003 -0.028 -0.029 -0.24 -0.043 -0.028 -0.126 -0.037 0.077 0.063 0.02 -0.078 -0.01
0 0 0 0 0 0 0 0 0 0 0 0 7.834 0 0 0 0 0 0 0 0 0 0 0 0 0 0
0.028 0.03 0.023 0.062 0.022 -0.023 0.017 -0.395 0.003 0.074 -0.019 -0.039 0 6.486 0.02 -0.007 0.041 -0.036 -0.044 0.113 0.037 0.016 0.107 0.041 0.017 -0.081 0.037
0.01 0.021 0.006 0.033 0.016 0.003 0.02 -0.048 0.01 0.053 -0.038 -0.003 0 0.02 3.261 -0.002 0.027 0.007 -0.037 0.019 0.025 0.003 0.001 -0.028 0.017 -0.029 0.029
-0.009 -0.035 -0.03 -0.018 -0.014 -0.058 0.022 -0.191 -0.035 0.056 -0.026 -0.028 0 -0.007 -0.002 6.377 0 -0.115 -0.043 -0.014 -0.051 -0.018 0.028 0.008 0.02 -0.051 0.012
0.049 0.129 0.091 0.143 0.073 0.09 0.001 -0.352 0.085 0.054 -0.062 -0.029 0 0.041 0.027 0 5.481 0.188 -0.058 0.169 0.173 0.031 0.051 -0.04 0.002 -0.064 0.054
0.005 0.432 0.257 0.351 0.243 0.416 -0.022 -1.609 0.336 0.141 -0.577 -0.24 0 -0.036 0.007 -0.115 0.188 2.007 -0.486 0.179 0.573 -0.135 -0.326 -0.638 -0.012 -0.269 0.115
-0.076 -0.211 -0.179 -0.177 -0.1 -0.239 0.08 -0.116 -0.17 0.148 -0.062 -0.043 0 -0.044 -0.037 -0.043 -0.058 -0.486 5.781 -0.233 -0.297 -0.091 -0.02 0.001 0.071 -0.09 0.004
0.059 0.181 0.075 0.228 0.121 0.088 0.097 -0.355 0.107 0.283 -0.259 -0.028 0 0.113 0.019 -0.014 0.169 0.179 -0.233 2.678 0.226 0.011 -0.038 -0.222 0.081 -0.166 0.168
0.05 0.332 0.202 0.309 0.189 0.285 0.005 -0.984 0.242 0.143 -0.351 -0.126 0 0.037 0.025 -0.051 0.173 0.573 -0.297 0.226 3.326 -0.033 -0.131 -0.367 0.007 -0.185 0.12
0.002 -0.018 -0.03 0.016 0.001 -0.069 0.049 -0.292 -0.032 0.129 -0.07 -0.037 0 0.016 0.003 -0.018 0.031 -0.135 -0.091 0.011 -0.033 5.537 0.043 -0.015 0.044 -0.096 0.048
0.028 -0.086 -0.097 -0.002 -0.026 -0.164 0.12 0.428 -0.096 0.229 0.003 0.077 0 0.107 0.001 0.028 0.051 -0.326 -0.02 -0.038 -0.131 0.043 2.972 0.071 0.097 -0.045 0.1
-0.038 -0.261 -0.22 -0.179 -0.121 -0.317 0.128 0.504 -0.222 0.208 0.049 0.063 0 0.041 -0.028 0.008 -0.04 -0.638 0.001 -0.222 -0.367 -0.015 0.071 4.282 0.107 -0.033 0.043
0.027 0.002 0.018 0.017 -0.002 -0.01 -0.013 0.036 -0.005 -0.031 0.087 0.02 0 0.017 0.017 0.02 0.002 -0.012 0.071 0.081 0.007 0.044 0.097 0.107 9.755 0.021 -0.006
-0.073 -0.134 -0.105 -0.138 -0.068 -0.131 0.019 -0.353 -0.099 0.04 -0.065 -0.078 0 -0.081 -0.029 -0.051 -0.064 -0.269 -0.09 -0.166 -0.185 -0.096 -0.045 -0.033 0.021 8.321 -0.033
0.051 0.088 0.073 0.107 0.048 0.052 -0.008 -0.238 0.053 0.019 0.013 -0.01 0 0.037 0.029 0.012 0.054 0.115 0.004 0.168 0.12 0.048 0.1 0.043 -0.006 -0.033 6.548

 Final eigenvalues for each cluster >> 
 (rows correspond to clusters)
9.976 9.805 8.974 8.636 8.565 7.834 7.59 6.955 6.181 6.02 5.198 4.574 4.427 4.406 4.375 4.128 3.499 3.281 2.831 2.421 2.231 1.684 1.62 1.291 1.237 1.207 1.169
9.766 9.359 8.73 8.393 8.193 7.834 7.52 6.515 6.466 6.391 5.882 5.554 5.404 5.156 5.025 4.331 4.149 3.847 3.258 3.148 2.887 2.885 2.545 2.378 1.225 1.181 1.084

 theoretical Separation index matrix >>

-1 0.34
0.34 -1

 theoretical projection directions >>

**** cluster 1 and 2
0.145 0.296 0.21 0.188 0.01 -0.069 0.021 0.33 0.229 0.069 0.285 0.163 0 0.244 0.126 0.141 0.086 0.116 0.264 0.33 0.159 0.231 0.204 0.316 -0.025 0.099 0.091

 empirical Separation index matrix (alpha= 0.05 )>>

-1 0.408
0.408 -1

 empirical projection directions >>

**** cluster 1 and 2
-0.159 -0.435 -0.27 -0.337 -0.078 0.012 0.091 -0.238 0.039 -0.161 -0.204 -0.027 0.045 -0.373 -0.06 -0.003 -0.04 -0.092 -0.281 -0.21 -0.044 -0.268 -0.118 -0.208 -0.023 -0.137 -0.174
