
 Log information for the data set datasetJHG2v22nv3out0_2.dat >>

 alpha = 0.05 sepVal = 0.34

 Number of clusters >> 2

 cluster sizes >>
50 50

 Number of data points >> 100

 Number of dimensions >> 25

 Number of noisy dimensions >> 3

 noisy variables >>
5 15 16

 Number of outliers >> 0

 initial eigenvalues for each cluster >> 
 (rows correspond to clusters)
6.884 5.194 2.705 3.655 7.405 3.403 1.987 4.406 6.977 1.985 9.779 2.494 9.026 2.235 8.005 8.851 5.375 4.043 5.259 9.62 8.956 9.679
3.836 3.285 3.628 4.509 3.714 8.096 2.148 5.595 5.482 8.434 9.325 1.679 7.775 9.373 7.174 5.101 4.04 5.035 3.607 3.206 4.664 7.969

 Mean vectors and covariance matrices before rotation --- 1th cluster >>

 mean vector (mu'=Q*mu)>>
-8.541 0 0 0 0 0 0 0 0 0 0 0 0 0 0 0 0 0 0 0 0 0 0 0 0

 covariance matrix (Sigma'=Q*Sigma*t(Q))>>

5.682 0.059 0.64 0.39 -0.242 0.876 1.15 0.366 -0.251 0.703 -0.534 0.893 -0.313 0.026 -0.233 -0.238 0.099 0.09 0.22 -0.941 -0.647 -1.225 0 0 0
0.059 5.205 0.06 0.042 0.002 0.09 0.101 0.047 0.01 0.062 -0.018 0.082 -0.009 0.002 -0.003 -0.006 0.024 0.01 0.047 -0.031 -0.017 -0.041 0 0 0
0.64 0.06 2.931 0.17 0.07 0.358 0.365 0.21 0.118 0.223 0.007 0.305 0.017 0.008 0.037 0.016 0.127 0.044 0.241 0.02 0.039 0.023 0 0 0
0.39 0.042 0.17 3.781 0.039 0.265 0.278 0.151 0.071 0.17 -0.011 0.23 0.002 0.006 0.018 0.004 0.088 0.032 0.167 -0.015 0.006 -0.022 0 0 0
-0.242 0.002 0.07 0.039 7.362 0.09 0.129 0.031 -0.049 0.079 -0.078 0.098 -0.047 0.003 -0.038 -0.036 0.001 0.008 0.007 -0.139 -0.098 -0.181 0 0 0
0.876 0.09 0.358 0.265 0.09 3.963 0.583 0.322 0.16 0.356 -0.013 0.484 0.011 0.013 0.043 0.013 0.189 0.068 0.36 -0.013 0.027 -0.022 0 0 0
1.15 0.101 0.365 0.278 0.129 0.583 2.571 0.348 0.213 0.357 0.034 0.491 0.042 0.014 0.073 0.037 0.215 0.073 0.406 0.071 0.092 0.087 0 0 0
0.366 0.047 0.21 0.151 0.031 0.322 0.348 4.584 0.065 0.213 -0.035 0.286 -0.011 0.008 0.009 -0.007 0.098 0.039 0.189 -0.057 -0.021 -0.077 0 0 0
-0.251 0.01 0.118 0.071 -0.049 0.16 0.213 0.065 6.926 0.13 -0.104 0.165 -0.061 0.005 -0.046 -0.047 0.016 0.016 0.036 -0.183 -0.126 -0.238 0 0 0
0.703 0.062 0.223 0.17 0.079 0.356 0.357 0.213 0.13 2.204 0.021 0.3 0.026 0.008 0.045 0.023 0.132 0.045 0.249 0.043 0.056 0.053 0 0 0
-0.534 -0.018 0.007 -0.011 -0.078 -0.013 0.034 -0.035 -0.104 0.021 9.677 0.016 -0.066 0.001 -0.061 -0.052 -0.044 -0.005 -0.077 -0.183 -0.138 -0.237 0 0 0
0.893 0.082 0.305 0.23 0.098 0.484 0.491 0.286 0.165 0.3 0.016 2.905 0.027 0.011 0.053 0.025 0.174 0.06 0.329 0.037 0.06 0.043 0 0 0
-0.313 -0.009 0.017 0.002 -0.047 0.011 0.042 -0.011 -0.061 0.026 -0.066 0.027 8.984 0.001 -0.038 -0.033 -0.022 -0.001 -0.037 -0.118 -0.088 -0.153 0 0 0
0.026 0.002 0.008 0.006 0.003 0.013 0.014 0.008 0.005 0.008 0.001 0.011 0.001 2.235 0.002 0.001 0.005 0.002 0.009 0.001 0.002 0.002 0 0 0
-0.233 -0.003 0.037 0.018 -0.038 0.043 0.073 0.009 -0.046 0.045 -0.061 0.053 -0.038 0.002 7.973 -0.029 -0.008 0.003 -0.012 -0.109 -0.079 -0.141 0 0 0
-0.238 -0.006 0.016 0.004 -0.036 0.013 0.037 -0.007 -0.047 0.023 -0.052 0.025 -0.033 0.001 -0.029 8.825 -0.016 0 -0.026 -0.093 -0.068 -0.12 0 0 0
0.099 0.024 0.127 0.088 0.001 0.189 0.215 0.098 0.016 0.132 -0.044 0.174 -0.022 0.005 -0.008 -0.016 5.424 0.022 0.095 -0.075 -0.044 -0.099 0 0 0
0.09 0.01 0.044 0.032 0.008 0.068 0.073 0.039 0.016 0.045 -0.005 0.06 -0.001 0.002 0.003 0 0.022 4.052 0.042 -0.008 -0.001 -0.011 0 0 0
0.22 0.047 0.241 0.167 0.007 0.36 0.406 0.189 0.036 0.249 -0.077 0.329 -0.037 0.009 -0.012 -0.026 0.095 0.042 5.445 -0.132 -0.075 -0.173 0 0 0
-0.941 -0.031 0.02 -0.015 -0.139 -0.013 0.071 -0.057 -0.183 0.043 -0.183 0.037 -0.118 0.001 -0.109 -0.093 -0.075 -0.008 -0.132 9.292 -0.247 -0.425 0 0 0
-0.647 -0.017 0.039 0.006 -0.098 0.027 0.092 -0.021 -0.126 0.056 -0.138 0.06 -0.088 0.002 -0.079 -0.068 -0.044 -0.001 -0.075 -0.247 8.772 -0.32 0 0 0
-1.225 -0.041 0.023 -0.022 -0.181 -0.022 0.087 -0.077 -0.238 0.053 -0.237 0.043 -0.153 0.002 -0.141 -0.12 -0.099 -0.011 -0.173 -0.425 -0.32 9.13 0 0 0
0 0 0 0 0 0 0 0 0 0 0 0 0 0 0 0 0 0 0 0 0 0 35.155 8.823 -7.81
0 0 0 0 0 0 0 0 0 0 0 0 0 0 0 0 0 0 0 0 0 0 8.823 32.007 0.92
0 0 0 0 0 0 0 0 0 0 0 0 0 0 0 0 0 0 0 0 0 0 -7.81 0.92 40.936

 Mean vectors and covariance matrices before rotation --- 2th cluster >>

 mean vector (mu'=Q*mu)>>
8.541 0 0 0 0 0 0 0 0 0 0 0 0 0 0 0 0 0 0 0 0 0 0 0 0

 covariance matrix (Sigma'=Q*Sigma*t(Q))>>

5.292 0.287 0.257 0.154 0.311 -0.117 0.758 -0.17 -0.013 -0.847 -1.128 0.594 -0.456 -1.141 -0.47 -0.016 0.018 -0.004 0.402 0.219 0.112 -0.116 0 0 0
0.287 3.336 0.048 0.043 0.059 -0.013 0.121 -0.001 0 -0.095 -0.132 0.093 -0.049 -0.134 -0.047 0.011 0.004 0.014 0.075 0.038 0.039 -0.013 0 0 0
0.257 0.048 3.673 0.033 0.054 -0.016 0.122 -0.016 -0.001 -0.119 -0.161 0.095 -0.063 -0.163 -0.064 0.003 0.003 0.005 0.069 0.037 0.027 -0.016 0 0 0
0.154 0.043 0.033 4.496 0.037 -0.035 0.143 -0.091 -0.008 -0.25 -0.322 0.117 -0.14 -0.325 -0.152 -0.034 0.001 -0.033 0.052 0.034 -0.025 -0.035 0 0 0
0.311 0.059 0.054 0.037 3.78 -0.022 0.153 -0.026 -0.002 -0.158 -0.212 0.119 -0.084 -0.215 -0.086 0.001 0.004 0.004 0.085 0.045 0.029 -0.022 0 0 0
-0.117 -0.013 -0.016 -0.035 -0.022 8.087 -0.011 -0.043 -0.004 -0.058 -0.069 -0.005 -0.036 -0.069 -0.043 -0.024 -0.002 -0.025 -0.025 -0.009 -0.038 -0.009 0 0 0
0.758 0.121 0.122 0.143 0.153 -0.011 2.406 0.069 0.007 -0.092 -0.147 0.192 -0.038 -0.15 -0.022 0.062 0.011 0.068 0.189 0.091 0.139 -0.011 0 0 0
-0.17 -0.001 -0.016 -0.091 -0.026 -0.043 0.069 5.433 -0.015 -0.304 -0.376 0.067 -0.177 -0.379 -0.202 -0.08 -0.003 -0.08 -0.024 0.001 -0.106 -0.044 0 0 0
-0.013 0 -0.001 -0.008 -0.002 -0.004 0.007 -0.015 5.48 -0.028 -0.035 0.007 -0.016 -0.035 -0.018 -0.007 0 -0.007 -0.002 0 -0.009 -0.004 0 0 0
-0.847 -0.095 -0.119 -0.25 -0.158 -0.058 -0.092 -0.304 -0.028 8.036 -0.467 -0.045 -0.244 -0.47 -0.295 -0.171 -0.014 -0.177 -0.183 -0.068 -0.271 -0.059 0 0 0
-1.128 -0.132 -0.161 -0.322 -0.212 -0.069 -0.147 -0.376 -0.035 -0.467 8.782 -0.081 -0.289 -0.546 -0.352 -0.215 -0.018 -0.223 -0.247 -0.094 -0.347 -0.07 0 0 0
0.594 0.093 0.095 0.117 0.119 -0.005 0.192 0.067 0.007 -0.045 -0.081 1.82 -0.014 -0.083 0 0.054 0.008 0.059 0.147 0.069 0.115 -0.005 0 0 0
-0.456 -0.049 -0.063 -0.14 -0.084 -0.036 -0.038 -0.177 -0.016 -0.244 -0.289 -0.014 7.626 -0.291 -0.178 -0.098 -0.007 -0.101 -0.097 -0.034 -0.153 -0.036 0 0 0
-1.141 -0.134 -0.163 -0.325 -0.215 -0.069 -0.15 -0.379 -0.035 -0.47 -0.546 -0.083 -0.291 8.824 -0.355 -0.217 -0.018 -0.225 -0.25 -0.095 -0.35 -0.071 0 0 0
-0.47 -0.047 -0.064 -0.152 -0.086 -0.043 -0.022 -0.202 -0.018 -0.295 -0.352 0 -0.178 -0.355 6.963 -0.11 -0.008 -0.113 -0.097 -0.033 -0.168 -0.043 0 0 0
-0.016 0.011 0.003 -0.034 0.001 -0.024 0.062 -0.08 -0.007 -0.171 -0.215 0.054 -0.098 -0.217 -0.11 5.064 -0.001 -0.036 0.006 0.01 -0.043 -0.024 0 0 0
0.018 0.004 0.003 0.001 0.004 -0.002 0.011 -0.003 0 -0.014 -0.018 0.008 -0.007 -0.018 -0.008 -0.001 4.041 -0.001 0.005 0.003 0.001 -0.002 0 0 0
-0.004 0.014 0.005 -0.033 0.004 -0.025 0.068 -0.08 -0.007 -0.177 -0.223 0.059 -0.101 -0.225 -0.113 -0.036 -0.001 4.999 0.009 0.011 -0.042 -0.025 0 0 0
0.402 0.075 0.069 0.052 0.085 -0.025 0.189 -0.024 -0.002 -0.183 -0.247 0.147 -0.097 -0.25 -0.097 0.006 0.005 0.009 3.716 0.057 0.043 -0.025 0 0 0
0.219 0.038 0.037 0.034 0.045 -0.009 0.091 0.001 0 -0.068 -0.094 0.069 -0.034 -0.095 -0.033 0.01 0.003 0.011 0.057 3.235 0.031 -0.009 0 0 0
0.112 0.039 0.027 -0.025 0.029 -0.038 0.139 -0.106 -0.009 -0.271 -0.347 0.115 -0.153 -0.35 -0.168 -0.043 0.001 -0.042 0.043 0.031 4.625 -0.038 0 0 0
-0.116 -0.013 -0.016 -0.035 -0.022 -0.009 -0.011 -0.044 -0.004 -0.059 -0.07 -0.005 -0.036 -0.071 -0.043 -0.024 -0.002 -0.025 -0.025 -0.009 -0.038 7.96 0 0 0
0 0 0 0 0 0 0 0 0 0 0 0 0 0 0 0 0 0 0 0 0 0 35.155 8.823 -7.81
0 0 0 0 0 0 0 0 0 0 0 0 0 0 0 0 0 0 0 0 0 0 8.823 32.007 0.92
0 0 0 0 0 0 0 0 0 0 0 0 0 0 0 0 0 0 0 0 0 0 -7.81 0.92 40.936

 Final eigenvalues for each cluster >> 
 (rows correspond to clusters)
47.842 37.584 22.671 9.779 9.679 9.62 9.026 8.956 8.851 8.005 7.405 6.977 6.884 5.375 5.259 5.194 4.406 4.043 3.655 3.403 2.705 2.494 2.235 1.987 1.985
47.842 37.584 22.671 9.373 9.325 8.434 8.096 7.969 7.775 7.174 5.595 5.482 5.101 5.035 4.664 4.509 4.04 3.836 3.714 3.628 3.607 3.285 3.206 2.148 1.679

 *************************************************

 ********************* rotation ******************

 *************************************************


 The orthogonal matrix Q >>
0.137 0.188 0.276 0.185 0.059 0.156 0.362 0.124 0.046 0.114 0.116 0.275 0.292 0.248 0.027 0.169 0.076 0.352 0.251 0.01 0.286 0.326
0.188 -0.969 0.046 0.031 0.01 0.026 0.06 0.02 0.008 0.019 0.019 0.045 0.048 0.041 0.004 0.028 0.013 0.058 0.041 0.002 0.047 0.054
0.276 0.046 -0.933 0.045 0.014 0.038 0.088 0.03 0.011 0.028 0.028 0.067 0.071 0.06 0.007 0.041 0.018 0.085 0.061 0.003 0.069 0.079
0.185 0.031 0.045 -0.97 0.01 0.025 0.059 0.02 0.008 0.018 0.019 0.045 0.048 0.04 0.004 0.027 0.012 0.057 0.041 0.002 0.047 0.053
0.059 0.01 0.014 0.01 -0.997 0.008 0.019 0.006 0.002 0.006 0.006 0.014 0.015 0.013 0.001 0.009 0.004 0.018 0.013 0.001 0.015 0.017
0.156 0.026 0.038 0.025 0.008 -0.979 0.05 0.017 0.006 0.016 0.016 0.038 0.04 0.034 0.004 0.023 0.01 0.048 0.034 0.001 0.039 0.045
0.362 0.06 0.088 0.059 0.019 0.05 -0.884 0.04 0.015 0.036 0.037 0.088 0.093 0.079 0.009 0.054 0.024 0.112 0.08 0.003 0.091 0.104
0.124 0.02 0.03 0.02 0.006 0.017 0.04 -0.986 0.005 0.012 0.013 0.03 0.032 0.027 0.003 0.018 0.008 0.038 0.027 0.001 0.031 0.036
0.046 0.008 0.011 0.008 0.002 0.006 0.015 0.005 -0.998 0.005 0.005 0.011 0.012 0.01 0.001 0.007 0.003 0.014 0.01 0 0.012 0.013
0.114 0.019 0.028 0.018 0.006 0.016 0.036 0.012 0.005 -0.989 0.012 0.027 0.029 0.025 0.003 0.017 0.008 0.035 0.025 0.001 0.029 0.033
0.116 0.019 0.028 0.019 0.006 0.016 0.037 0.013 0.005 0.012 -0.988 0.028 0.03 0.025 0.003 0.017 0.008 0.036 0.026 0.001 0.029 0.033
0.275 0.045 0.067 0.045 0.014 0.038 0.088 0.03 0.011 0.027 0.028 -0.934 0.071 0.06 0.006 0.041 0.018 0.085 0.061 0.003 0.069 0.079
0.292 0.048 0.071 0.048 0.015 0.04 0.093 0.032 0.012 0.029 0.03 0.071 -0.925 0.064 0.007 0.043 0.02 0.091 0.064 0.003 0.073 0.084
0.248 0.041 0.06 0.04 0.013 0.034 0.079 0.027 0.01 0.025 0.025 0.06 0.064 -0.946 0.006 0.037 0.017 0.077 0.055 0.002 0.062 0.071
0.027 0.004 0.007 0.004 0.001 0.004 0.009 0.003 0.001 0.003 0.003 0.006 0.007 0.006 -0.999 0.004 0.002 0.008 0.006 0 0.007 0.008
0.169 0.028 0.041 0.027 0.009 0.023 0.054 0.018 0.007 0.017 0.017 0.041 0.043 0.037 0.004 -0.975 0.011 0.052 0.037 0.002 0.042 0.048
0.076 0.013 0.018 0.012 0.004 0.01 0.024 0.008 0.003 0.008 0.008 0.018 0.02 0.017 0.002 0.011 -0.995 0.024 0.017 0.001 0.019 0.022
0.352 0.058 0.085 0.057 0.018 0.048 0.112 0.038 0.014 0.035 0.036 0.085 0.091 0.077 0.008 0.052 0.024 -0.891 0.078 0.003 0.089 0.101
0.251 0.041 0.061 0.041 0.013 0.034 0.08 0.027 0.01 0.025 0.026 0.061 0.064 0.055 0.006 0.037 0.017 0.078 -0.945 0.002 0.063 0.072
0.01 0.002 0.003 0.002 0.001 0.001 0.003 0.001 0 0.001 0.001 0.003 0.003 0.002 0 0.002 0.001 0.003 0.002 -1 0.003 0.003
0.286 0.047 0.069 0.047 0.015 0.039 0.091 0.031 0.012 0.029 0.029 0.069 0.073 0.062 0.007 0.042 0.019 0.089 0.063 0.003 -0.928 0.082
0.326 0.054 0.079 0.053 0.017 0.045 0.104 0.036 0.013 0.033 0.033 0.079 0.084 0.071 0.008 0.048 0.022 0.101 0.072 0.003 0.082 -0.907

 Mean vectors and covariance matrices after rotation --- 1th cluster >>

 mean vector (mu'=Q*mu)>>
-2.781 -0.396 -2.14 -1.333 0 -3.01 -0.501 -1.603 -2.348 -1.581 -0.992 -0.97 -2.356 -1.06 0 0 -2.441 -1.441 -0.649 -0.089 -3.096 -2.121 -1.173 -2.498 -0.23

 covariance matrix (Sigma'=Q*Sigma*t(Q))>>

9.547 -0.156 -0.126 -0.312 0 0.392 -0.085 0.092 0.016 0.003 -0.049 -0.125 0.12 -0.171 0 0 -0.087 -0.036 -0.123 -0.031 0.13 0.439 -0.41 -0.061 -0.051
-0.156 6.94 0.06 0.129 0 0.098 -0.031 0.042 0.179 0.087 -0.069 0.113 0.151 0.06 0 0 -0.074 -0.023 0.017 -0.126 0.244 0.084 -0.057 -0.028 -0.032
-0.126 0.06 5.271 0.006 0 0.056 0.031 -0.008 0.077 0.031 -0.031 0.016 0.085 0.012 0 0 -0.135 -0.104 0.013 0.163 0.135 0.137 -0.108 -0.212 0.034
-0.312 0.129 0.006 3.589 0 -0.268 0.048 -0.129 0.057 -0.001 -0.098 0.1 -0.01 0.091 0 0 -0.291 -0.201 0.063 0.16 0.058 -0.15 -0.444 -0.385 0.046
0 0 0 0 35.155 0 0 0 0 0 0 0 0 0 -7.81 8.823 0 0 0 0 0 0 0 0 0
0.392 0.098 0.056 -0.268 0 4.435 0.103 0.127 -0.011 0.032 0.18 -0.165 0.109 -0.082 0 0 0.208 0.065 -0.015 0.417 0.066 0.438 0.803 0.055 0.097
-0.085 -0.031 0.031 0.048 0 0.103 7.383 0.038 0.111 0.055 -0.037 0.054 0.105 0.022 0 0 -0.038 -0.011 0.002 -0.067 0.16 0.097 -0.022 -0.012 -0.02
0.092 0.042 -0.008 -0.129 0 0.127 0.038 5.22 -0.025 -0.005 0.051 -0.078 0.026 -0.048 0 0 0.023 -0.013 -0.015 0.192 0.007 0.173 0.154 -0.052 0.04
0.016 0.179 0.077 0.057 0 -0.011 0.111 -0.025 2.561 0.036 0.038 0.017 0.066 0.062 0 0 -0.076 -0.101 0.065 0.357 0.105 0.091 0.255 -0.237 0.098
0.003 0.087 0.031 -0.001 0 0.032 0.055 -0.005 0.036 3.674 0.02 -0.005 0.046 0.017 0 0 -0.047 -0.059 0.025 0.202 0.067 0.093 0.113 -0.136 0.051
-0.049 -0.069 -0.031 -0.098 0 0.18 -0.037 0.051 0.038 0.02 9.757 -0.03 0.075 -0.054 0 0 -0.021 -0.002 -0.043 -0.041 0.092 0.186 -0.108 0.001 -0.026
-0.125 0.113 0.016 0.1 0 -0.165 0.054 -0.078 0.017 -0.005 -0.03 2.029 -0.017 0.057 0 0 -0.146 -0.116 0.048 0.17 0.012 -0.086 -0.143 -0.233 0.049
0.12 0.151 0.085 -0.01 0 0.109 0.105 0.026 0.066 0.046 0.075 -0.017 2.798 0.034 0 0 0.012 -0.045 0.047 0.345 0.118 0.185 0.439 -0.134 0.092
-0.171 0.06 0.012 0.091 0 -0.082 0.022 -0.048 0.062 0.017 -0.054 0.057 0.034 4.452 0 0 -0.154 -0.106 0.03 0.085 0.083 -0.018 -0.206 -0.204 0.022
0 0 0 0 -7.81 0 0 0 0 0 0 0 0 0 40.936 0.92 0 0 0 0 0 0 0 0 0
0 0 0 0 8.823 0 0 0 0 0 0 0 0 0 0.92 32.007 0 0 0 0 0 0 0 0 0
-0.087 -0.074 -0.135 -0.291 0 0.208 -0.038 0.023 -0.076 -0.047 -0.021 -0.146 0.012 -0.154 0 0 8.86 -0.064 -0.096 0.094 -0.018 0.285 -0.395 -0.127 -0.011
-0.036 -0.023 -0.104 -0.201 0 0.065 -0.011 -0.013 -0.101 -0.059 -0.002 -0.116 -0.045 -0.106 0 0 -0.064 8.8 -0.059 0.107 -0.088 0.127 -0.278 -0.104 0.006
-0.123 0.017 0.013 0.063 0 -0.015 0.002 -0.015 0.065 0.025 -0.043 0.048 0.047 0.03 0 0 -0.096 -0.059 5.39 0.013 0.09 0.015 -0.134 -0.109 0.003
-0.031 -0.126 0.163 0.16 0 0.417 -0.067 0.192 0.357 0.202 -0.041 0.17 0.345 0.085 0 0 0.094 0.107 0.013 9.317 0.496 0.305 0.414 0.226 -0.074
0.13 0.244 0.135 0.058 0 0.066 0.16 0.007 0.105 0.067 0.092 0.012 0.118 0.083 0 0 -0.018 -0.088 0.09 0.496 2.151 0.18 0.587 -0.234 0.138
0.439 0.084 0.137 -0.15 0 0.438 0.097 0.173 0.091 0.093 0.186 -0.086 0.185 -0.018 0 0 0.285 0.127 0.015 0.305 0.18 2.66 1.066 0.178 0.08
-0.41 -0.057 -0.108 -0.444 0 0.803 -0.022 0.154 0.255 0.113 -0.108 -0.143 0.439 -0.206 0 0 -0.395 -0.278 -0.134 0.414 0.587 1.066 6.291 -0.569 0.028
-0.061 -0.028 -0.212 -0.385 0 0.055 -0.012 -0.052 -0.237 -0.136 0.001 -0.233 -0.134 -0.204 0 0 -0.127 -0.104 -0.109 0.226 -0.234 0.178 -0.569 8.813 0.02
-0.051 -0.032 0.034 0.046 0 0.097 -0.02 0.04 0.098 0.051 -0.026 0.049 0.092 0.022 0 0 -0.011 0.006 0.003 -0.074 0.138 0.08 0.028 0.02 7.985

 Mean vectors and covariance matrices after rotation --- 2th cluster >>

 mean vector (mu'=Q*mu)>>
2.781 0.396 2.14 1.333 0 3.01 0.501 1.603 2.348 1.581 0.992 0.97 2.356 1.06 0 0 2.441 1.441 0.649 0.089 3.096 2.121 1.173 2.498 0.23

 covariance matrix (Sigma'=Q*Sigma*t(Q))>>

7.533 -0.029 -0.236 -0.184 0 -0.222 -0.146 -0.157 -0.192 -0.146 0.339 0.238 -0.184 0.001 0 0 -0.191 -0.095 -0.037 -0.096 -0.287 0.09 -0.976 -0.196 0.208
-0.029 5.482 -0.004 -0.012 0 0.004 -0.013 0 0.01 -0.003 0.036 0.027 0.005 0.006 0 0 0.001 0.001 0.003 -0.011 0.008 0.015 -0.01 -0.007 0.02
-0.236 -0.004 3.643 -0.104 0 -0.015 0.01 0.032 0.102 0.033 0.11 0.087 0.04 0.056 0 0 0.028 0.012 0.005 -0.006 0.107 -0.037 0.15 -0.115 0.106
-0.184 -0.012 -0.104 8.017 0 -0.087 -0.076 -0.065 -0.07 -0.072 0.138 0.095 -0.072 -0.01 0 0 -0.085 -0.043 -0.012 -0.05 -0.111 0.03 -0.425 -0.086 0.08
0 0 0 0 35.155 0 0 0 0 0 0 0 0 0 -7.81 8.823 0 0 0 0 0 0 0 0 0
-0.222 0.004 -0.015 -0.087 0 5.074 -0.084 0.011 0.08 -0.002 0.315 0.238 0.049 0.07 0 0 0.027 0.025 0.023 -0.074 0.065 0.152 -0.005 -0.035 0.181
-0.146 -0.013 0.01 -0.076 0 -0.084 3.749 0.006 0.045 -0.01 -0.156 -0.121 -0.017 -0.036 0 0 -0.04 -0.036 -0.014 0.028 0.05 -0.222 -0.011 -0.156 -0.045
-0.157 0 0.032 -0.065 0 0.011 0.006 3.311 0.071 0.037 0.141 0.112 0.038 0.064 0 0 0.041 0.024 0.007 -0.009 0.076 0.037 0.148 -0.049 0.107
-0.192 0.01 0.102 -0.07 0 0.08 0.045 0.071 1.808 0.122 0.326 0.266 0.1 0.171 0 0 0.139 0.084 0.019 0.001 0.151 0.185 0.474 0.006 0.227
-0.146 -0.003 0.033 -0.072 0 -0.002 -0.01 0.037 0.122 4.508 -0.042 -0.035 0.049 -0.015 0 0 0.004 -0.006 0.012 -0.011 0.133 -0.133 0.127 -0.113 0.002
0.339 0.036 0.11 0.138 0 0.315 -0.156 0.141 0.326 -0.042 9.129 -0.165 0.255 -0.146 0 0 0.092 0.051 0.101 -0.107 0.38 -0.06 0.529 0.159 -0.216
0.238 0.027 0.087 0.095 0 0.238 -0.121 0.112 0.266 -0.035 -0.165 8.295 0.2 -0.118 0 0 0.067 0.036 0.078 -0.084 0.309 -0.073 0.412 0.101 -0.17
-0.184 0.005 0.04 -0.072 0 0.049 -0.017 0.038 0.1 0.049 0.255 0.2 3.695 0.096 0 0 0.068 0.044 0.019 -0.031 0.104 0.121 0.208 -0.024 0.166
0.001 0.006 0.056 -0.01 0 0.07 -0.036 0.064 0.171 -0.015 -0.146 -0.118 0.096 5.53 0 0 0.018 0.001 0.032 -0.025 0.196 -0.159 0.23 -0.051 -0.089
0 0 0 0 -7.81 0 0 0 0 0 0 0 0 0 40.936 0.92 0 0 0 0 0 0 0 0 0
0 0 0 0 8.823 0 0 0 0 0 0 0 0 0 0.92 32.007 0 0 0 0 0 0 0 0 0
-0.191 0.001 0.028 -0.085 0 0.027 -0.04 0.041 0.139 0.004 0.092 0.067 0.068 0.018 0 0 4.687 0.01 0.022 -0.039 0.144 -0.039 0.135 -0.094 0.071
-0.095 0.001 0.012 -0.043 0 0.025 -0.036 0.024 0.084 -0.006 0.051 0.036 0.044 0.001 0 0 0.01 5.106 0.016 -0.031 0.087 -0.019 0.065 -0.046 0.033
-0.037 0.003 0.005 -0.012 0 0.023 -0.014 0.007 0.019 0.012 0.101 0.078 0.019 0.032 0 0 0.022 0.016 4.047 -0.015 0.018 0.069 0.043 0.013 0.056
-0.096 -0.011 -0.006 -0.05 0 -0.074 0.028 -0.009 0.001 -0.011 -0.107 -0.084 -0.031 -0.025 0 0 -0.039 -0.031 -0.015 3.229 0 -0.146 -0.065 -0.106 -0.031
-0.287 0.008 0.107 -0.111 0 0.065 0.05 0.076 0.151 0.133 0.38 0.309 0.104 0.196 0 0 0.144 0.087 0.018 0 2.32 0.181 0.497 -0.037 0.275
0.09 0.015 -0.037 0.03 0 0.152 -0.222 0.037 0.185 -0.133 -0.06 -0.073 0.121 -0.159 0 0 -0.039 -0.019 0.069 -0.146 0.181 9.318 -0.096 0.024 -0.123
-0.976 -0.01 0.15 -0.425 0 -0.005 -0.011 0.148 0.474 0.127 0.529 0.412 0.208 0.23 0 0 0.135 0.065 0.043 -0.065 0.497 -0.096 4.501 -0.447 0.462
-0.196 -0.007 -0.115 -0.086 0 -0.035 -0.156 -0.049 0.006 -0.113 0.159 0.101 -0.024 -0.051 0 0 -0.094 -0.046 0.013 -0.106 -0.037 0.024 -0.447 7.684 0.067
0.208 0.02 0.106 0.08 0 0.181 -0.045 0.107 0.227 0.002 -0.216 -0.17 0.166 -0.089 0 0 0.071 0.033 0.056 -0.031 0.275 -0.123 0.462 0.067 7.007

 Final eigenvalues for each cluster >> 
 (rows correspond to clusters)
47.842 37.584 22.671 9.779 9.679 9.62 9.026 8.956 8.851 8.005 7.405 6.977 6.884 5.375 5.259 5.194 4.406 4.043 3.655 3.403 2.705 2.494 2.235 1.987 1.985
47.842 37.584 22.671 9.373 9.325 8.434 8.096 7.969 7.775 7.174 5.595 5.482 5.101 5.035 4.664 4.509 4.04 3.836 3.714 3.628 3.607 3.285 3.206 2.148 1.679

 theoretical Separation index matrix >>

-1 0.34
0.34 -1

 theoretical projection directions >>

**** cluster 1 and 2
0.183 0.004 0.218 0.156 0 0.277 0.031 0.169 0.455 0.17 0.006 0.051 0.303 0.082 0 0 0.174 0.109 0.057 -0.058 0.597 0.104 0.019 0.187 -0.031

 empirical Separation index matrix (alpha= 0.05 )>>

-1 0.435
0.435 -1

 empirical projection directions >>

**** cluster 1 and 2
-0.152 0.02 -0.124 -0.247 -0.033 -0.297 -0.075 -0.104 -0.492 -0.077 -0.015 -0.04 -0.18 -0.062 0.007 0.072 -0.15 -0.045 -0.003 0.103 -0.621 -0.16 -0.075 -0.227 -0.002
