
 Log information for the data set datasetJHG2v22nv1out0_3.dat >>

 alpha = 0.05 sepVal = 0.34

 Number of clusters >> 2

 cluster sizes >>
50 50

 Number of data points >> 100

 Number of dimensions >> 23

 Number of noisy dimensions >> 1

 noisy variables >>
8

 Number of outliers >> 0

 initial eigenvalues for each cluster >> 
 (rows correspond to clusters)
8.958 7.768 4.889 6.199 6.392 5.443 6.314 6.56 5.929 9.862 7.673 1.732 8.636 2.824 2.753 4.172 4.182 8.588 4.784 9.291 2.052 8.861
2.957 7.101 3.733 4.022 1.329 7.999 9.414 7.272 5.802 9.429 7.615 6.073 5.872 5.064 5.767 2.809 6.436 9.43 9.59 3.363 9.271 4.627

 Mean vectors and covariance matrices before rotation --- 1th cluster >>

 mean vector (mu'=Q*mu)>>
-9.412 0 0 0 0 0 0 0 0 0 0 0 0 0 0 0 0 0 0 0 0 0 0

 covariance matrix (Sigma'=Q*Sigma*t(Q))>>

5.89 -0.096 0.044 0.091 0.048 0.143 0.097 0.002 0.056 -0.337 -0.335 0.593 -0.316 1.279 0.977 0.345 0.323 -0.073 0.669 -0.101 0.079 -0.551 0
-0.096 7.768 0.005 0.024 0.023 0.018 0.034 0.016 0.01 -0.013 0.002 0.046 -0.008 0.105 0.08 0.032 0.03 -0.002 0.069 -0.004 0.006 -0.017 0
0.044 0.005 4.892 0.022 0.023 0.014 0.034 0.018 0.009 0.002 0.018 0.022 0.006 0.055 0.041 0.019 0.018 0.002 0.045 0.001 0.003 0.009 0
0.091 0.024 0.022 6.347 0.152 0.095 0.22 0.115 0.058 -0.011 0.096 0.179 0.02 0.426 0.323 0.142 0.134 0.005 0.327 0 0.024 0.022 0
0.048 0.023 0.023 0.152 6.547 0.098 0.226 0.117 0.059 -0.016 0.093 0.191 0.016 0.453 0.344 0.15 0.141 0.004 0.343 -0.001 0.026 0.014 0
0.143 0.018 0.014 0.095 0.098 5.502 0.142 0.075 0.036 0.002 0.072 0.101 0.022 0.245 0.186 0.084 0.079 0.005 0.196 0.003 0.014 0.029 0
0.097 0.034 0.034 0.22 0.226 0.142 6.641 0.17 0.086 -0.02 0.138 0.272 0.026 0.646 0.49 0.215 0.202 0.007 0.492 -0.001 0.037 0.025 0
0.002 0.016 0.018 0.115 0.117 0.075 0.17 6.648 0.045 -0.015 0.066 0.15 0.009 0.354 0.269 0.116 0.109 0.002 0.264 -0.002 0.02 0.004 0
0.056 0.01 0.009 0.058 0.059 0.036 0.086 0.045 5.951 -0.002 0.04 0.066 0.01 0.159 0.121 0.054 0.05 0.002 0.124 0.001 0.009 0.012 0
-0.337 -0.013 0.002 -0.011 -0.016 0.002 -0.02 -0.015 -0.002 9.828 -0.049 0.038 -0.036 0.077 0.059 0.017 0.016 -0.008 0.026 -0.011 0.005 -0.061 0
-0.335 0.002 0.018 0.096 0.093 0.072 0.138 0.066 0.04 -0.049 7.686 0.177 -0.028 0.405 0.308 0.125 0.117 -0.006 0.271 -0.013 0.024 -0.057 0
0.593 0.046 0.022 0.179 0.191 0.101 0.272 0.15 0.066 0.038 0.177 1.873 0.075 0.358 0.27 0.132 0.124 0.018 0.322 0.016 0.02 0.113 0
-0.316 -0.008 0.006 0.02 0.016 0.022 0.026 0.009 0.01 -0.036 -0.028 0.075 8.604 0.165 0.126 0.047 0.044 -0.007 0.094 -0.011 0.01 -0.056 0
1.279 0.105 0.055 0.426 0.453 0.245 0.646 0.354 0.159 0.077 0.405 0.358 0.165 3.721 0.678 0.326 0.307 0.039 0.789 0.034 0.049 0.246 0
0.977 0.08 0.041 0.323 0.344 0.186 0.49 0.269 0.121 0.059 0.308 0.27 0.126 0.678 3.265 0.247 0.232 0.03 0.597 0.026 0.037 0.188 0
0.345 0.032 0.019 0.142 0.15 0.084 0.215 0.116 0.054 0.017 0.125 0.132 0.047 0.326 0.247 4.288 0.109 0.011 0.276 0.009 0.018 0.067 0
0.323 0.03 0.018 0.134 0.141 0.079 0.202 0.109 0.05 0.016 0.117 0.124 0.044 0.307 0.232 0.109 4.284 0.01 0.259 0.008 0.017 0.063 0
-0.073 -0.002 0.002 0.005 0.004 0.005 0.007 0.002 0.002 -0.008 -0.006 0.018 -0.007 0.039 0.03 0.011 0.01 8.586 0.023 -0.002 0.002 -0.013 0
0.669 0.069 0.045 0.327 0.343 0.196 0.492 0.264 0.124 0.026 0.271 0.322 0.094 0.789 0.597 0.276 0.259 0.023 5.436 0.016 0.044 0.132 0
-0.101 -0.004 0.001 0 -0.001 0.003 -0.001 -0.002 0.001 -0.011 -0.013 0.016 -0.011 0.034 0.026 0.009 0.008 -0.002 0.016 9.288 0.002 -0.018 0
0.079 0.006 0.003 0.024 0.026 0.014 0.037 0.02 0.009 0.005 0.024 0.02 0.01 0.049 0.037 0.018 0.017 0.002 0.044 0.002 2.054 0.015 0
-0.551 -0.017 0.009 0.022 0.014 0.029 0.025 0.004 0.012 -0.061 -0.057 0.113 -0.056 0.246 0.188 0.067 0.063 -0.013 0.132 -0.018 0.015 8.762 0
0 0 0 0 0 0 0 0 0 0 0 0 0 0 0 0 0 0 0 0 0 0 31.932

 Mean vectors and covariance matrices before rotation --- 2th cluster >>

 mean vector (mu'=Q*mu)>>
9.412 0 0 0 0 0 0 0 0 0 0 0 0 0 0 0 0 0 0 0 0 0 0

 covariance matrix (Sigma'=Q*Sigma*t(Q))>>

6.241 -0.463 0.354 0.198 1.054 -0.616 -0.34 -0.047 -0.1 -0.237 -0.786 -0.212 -0.099 0.05 -0.006 0.238 -0.07 -0.767 -0.732 0.229 -1.388 0.087 0
-0.463 6.762 -0.106 -0.08 -0.002 -0.337 -0.145 -0.032 -0.257 -0.101 -0.477 -0.332 -0.216 -0.108 -0.017 -0.029 -0.075 -0.327 -0.306 -0.048 -0.604 -0.076 0
0.354 -0.106 3.763 0.014 0.134 -0.126 -0.064 -0.011 -0.049 -0.044 -0.167 -0.073 -0.043 -0.009 -0.003 0.026 -0.019 -0.144 -0.136 0.022 -0.262 0.001 0
0.198 -0.08 0.014 4.027 0.083 -0.092 -0.046 -0.008 -0.041 -0.032 -0.124 -0.06 -0.036 -0.01 -0.003 0.015 -0.015 -0.103 -0.097 0.012 -0.188 -0.003 0
1.054 -0.002 0.134 0.083 1.614 -0.044 -0.039 -0.001 0.066 -0.027 -0.039 0.063 0.052 0.053 0.005 0.075 0.008 -0.088 -0.086 0.079 -0.155 0.051 0
-0.616 -0.337 -0.126 -0.092 -0.044 7.669 -0.14 -0.032 -0.266 -0.097 -0.471 -0.34 -0.223 -0.115 -0.018 -0.04 -0.076 -0.314 -0.293 -0.06 -0.581 -0.083 0
-0.34 -0.145 -0.064 -0.046 -0.039 -0.14 9.356 -0.014 -0.12 -0.04 -0.201 -0.151 -0.1 -0.053 -0.008 -0.022 -0.033 -0.129 -0.121 -0.031 -0.24 -0.039 0
-0.047 -0.032 -0.011 -0.008 -0.001 -0.032 -0.014 7.269 -0.025 -0.01 -0.046 -0.032 -0.021 -0.01 -0.002 -0.003 -0.007 -0.031 -0.029 -0.005 -0.057 -0.007 0
-0.1 -0.257 -0.049 -0.041 0.066 -0.266 -0.12 -0.025 5.623 -0.083 -0.371 -0.236 -0.152 -0.069 -0.012 -0.004 -0.055 -0.269 -0.253 -0.018 -0.495 -0.045 0
-0.237 -0.101 -0.044 -0.032 -0.027 -0.097 -0.04 -0.01 -0.083 9.401 -0.14 -0.105 -0.07 -0.037 -0.006 -0.016 -0.023 -0.09 -0.084 -0.022 -0.167 -0.027 0
-0.786 -0.477 -0.167 -0.124 -0.039 -0.471 -0.201 -0.046 -0.371 -0.14 6.945 -0.476 -0.312 -0.159 -0.025 -0.05 -0.107 -0.451 -0.422 -0.078 -0.835 -0.113 0
-0.212 -0.332 -0.073 -0.06 0.063 -0.34 -0.151 -0.032 -0.236 -0.105 -0.476 5.762 -0.2 -0.093 -0.016 -0.011 -0.072 -0.34 -0.32 -0.029 -0.627 -0.062 0
-0.099 -0.216 -0.043 -0.036 0.052 -0.223 -0.1 -0.021 -0.152 -0.07 -0.312 -0.2 5.744 -0.059 -0.01 -0.004 -0.046 -0.225 -0.211 -0.016 -0.414 -0.039 0
0.05 -0.108 -0.009 -0.01 0.053 -0.115 -0.053 -0.01 -0.069 -0.037 -0.159 -0.093 -0.059 5.04 -0.005 0.005 -0.022 -0.12 -0.113 0 -0.221 -0.014 0
-0.006 -0.017 -0.003 -0.003 0.005 -0.018 -0.008 -0.002 -0.012 -0.006 -0.025 -0.016 -0.01 -0.005 5.766 0 -0.004 -0.018 -0.017 -0.001 -0.033 -0.003 0
0.238 -0.029 0.026 0.015 0.075 -0.04 -0.022 -0.003 -0.004 -0.016 -0.05 -0.011 -0.004 0.005 0 2.826 -0.004 -0.05 -0.048 0.017 -0.091 0.007 0
-0.07 -0.075 -0.019 -0.015 0.008 -0.076 -0.033 -0.007 -0.055 -0.023 -0.107 -0.072 -0.046 -0.022 -0.004 -0.004 6.42 -0.075 -0.071 -0.008 -0.139 -0.015 0
-0.767 -0.327 -0.144 -0.103 -0.088 -0.314 -0.129 -0.031 -0.269 -0.09 -0.451 -0.34 -0.225 -0.12 -0.018 -0.05 -0.075 9.14 -0.271 -0.07 -0.539 -0.089 0
-0.732 -0.306 -0.136 -0.097 -0.086 -0.293 -0.121 -0.029 -0.253 -0.084 -0.422 -0.32 -0.211 -0.113 -0.017 -0.048 -0.071 -0.271 9.338 -0.067 -0.503 -0.084 0
0.229 -0.048 0.022 0.012 0.079 -0.06 -0.031 -0.005 -0.018 -0.022 -0.078 -0.029 -0.016 0 -0.001 0.017 -0.008 -0.07 -0.067 3.378 -0.128 0.004 0
-1.388 -0.604 -0.262 -0.188 -0.155 -0.581 -0.24 -0.057 -0.495 -0.167 -0.835 -0.627 -0.414 -0.221 -0.033 -0.091 -0.139 -0.539 -0.503 -0.128 8.271 -0.162 0
0.087 -0.076 0.001 -0.003 0.051 -0.083 -0.039 -0.007 -0.045 -0.027 -0.113 -0.062 -0.039 -0.014 -0.003 0.007 -0.015 -0.089 -0.084 0.004 -0.162 4.619 0
0 0 0 0 0 0 0 0 0 0 0 0 0 0 0 0 0 0 0 0 0 0 31.932

 Final eigenvalues for each cluster >> 
 (rows correspond to clusters)
31.932 9.862 9.291 8.958 8.861 8.636 8.588 7.769 7.673 6.56 6.392 6.314 6.199 5.929 5.443 4.889 4.784 4.182 4.172 2.824 2.753 2.052 1.732
31.932 9.59 9.43 9.429 9.414 9.271 7.999 7.615 7.272 7.101 6.436 6.073 5.872 5.802 5.767 5.064 4.627 4.022 3.733 3.363 2.957 2.809 1.329

 *************************************************

 ********************* rotation ******************

 *************************************************


 The orthogonal matrix Q >>
0.272 0.11 0.044 0.104 0.188 0.097 0.306 0.31 0.212 0.31 0.203 0.282 0.042 0.31 0.186 0.164 0.203 0.2 0.008 0.054 0.305 0.262
0.11 -0.991 0.004 0.009 0.016 0.008 0.026 0.027 0.018 0.027 0.017 0.024 0.004 0.027 0.016 0.014 0.018 0.017 0.001 0.005 0.026 0.023
0.044 0.004 -0.998 0.004 0.007 0.003 0.011 0.011 0.007 0.011 0.007 0.01 0.001 0.011 0.006 0.006 0.007 0.007 0 0.002 0.011 0.009
0.104 0.009 0.004 -0.991 0.015 0.008 0.025 0.025 0.017 0.025 0.017 0.023 0.003 0.025 0.015 0.013 0.017 0.016 0.001 0.004 0.025 0.022
0.188 0.016 0.007 0.015 -0.972 0.014 0.045 0.046 0.031 0.046 0.03 0.042 0.006 0.046 0.028 0.024 0.03 0.03 0.001 0.008 0.045 0.039
0.097 0.008 0.003 0.008 0.014 -0.993 0.023 0.024 0.016 0.024 0.015 0.021 0.003 0.024 0.014 0.012 0.015 0.015 0.001 0.004 0.023 0.02
0.306 0.026 0.011 0.025 0.045 0.023 -0.926 0.075 0.051 0.075 0.049 0.068 0.01 0.075 0.045 0.039 0.049 0.048 0.002 0.013 0.073 0.063
0.31 0.027 0.011 0.025 0.046 0.024 0.075 -0.925 0.052 0.075 0.049 0.069 0.01 0.075 0.045 0.04 0.049 0.049 0.002 0.013 0.074 0.064
0.212 0.018 0.007 0.017 0.031 0.016 0.051 0.052 -0.965 0.052 0.034 0.047 0.007 0.052 0.031 0.027 0.034 0.033 0.001 0.009 0.051 0.044
0.31 0.027 0.011 0.025 0.046 0.024 0.075 0.075 0.052 -0.925 0.049 0.069 0.01 0.076 0.045 0.04 0.05 0.049 0.002 0.013 0.074 0.064
0.203 0.017 0.007 0.017 0.03 0.015 0.049 0.049 0.034 0.049 -0.968 0.045 0.007 0.049 0.03 0.026 0.032 0.032 0.001 0.009 0.049 0.042
0.282 0.024 0.01 0.023 0.042 0.021 0.068 0.069 0.047 0.069 0.045 -0.938 0.009 0.069 0.041 0.036 0.045 0.044 0.002 0.012 0.068 0.058
0.042 0.004 0.001 0.003 0.006 0.003 0.01 0.01 0.007 0.01 0.007 0.009 -0.999 0.01 0.006 0.005 0.007 0.007 0 0.002 0.01 0.009
0.31 0.027 0.011 0.025 0.046 0.024 0.075 0.075 0.052 0.076 0.049 0.069 0.01 -0.924 0.045 0.04 0.05 0.049 0.002 0.013 0.074 0.064
0.186 0.016 0.006 0.015 0.028 0.014 0.045 0.045 0.031 0.045 0.03 0.041 0.006 0.045 -0.973 0.024 0.03 0.029 0.001 0.008 0.045 0.038
0.164 0.014 0.006 0.013 0.024 0.012 0.039 0.04 0.027 0.04 0.026 0.036 0.005 0.04 0.024 -0.979 0.026 0.026 0.001 0.007 0.039 0.034
0.203 0.018 0.007 0.017 0.03 0.015 0.049 0.049 0.034 0.05 0.032 0.045 0.007 0.05 0.03 0.026 -0.967 0.032 0.001 0.009 0.049 0.042
0.2 0.017 0.007 0.016 0.03 0.015 0.048 0.049 0.033 0.049 0.032 0.044 0.007 0.049 0.029 0.026 0.032 -0.969 0.001 0.008 0.048 0.041
0.008 0.001 0 0.001 0.001 0.001 0.002 0.002 0.001 0.002 0.001 0.002 0 0.002 0.001 0.001 0.001 0.001 -1 0 0.002 0.002
0.054 0.005 0.002 0.004 0.008 0.004 0.013 0.013 0.009 0.013 0.009 0.012 0.002 0.013 0.008 0.007 0.009 0.008 0 -0.998 0.013 0.011
0.305 0.026 0.011 0.025 0.045 0.023 0.073 0.074 0.051 0.074 0.049 0.068 0.01 0.074 0.045 0.039 0.049 0.048 0.002 0.013 -0.927 0.063
0.262 0.023 0.009 0.022 0.039 0.02 0.063 0.064 0.044 0.064 0.042 0.058 0.009 0.064 0.038 0.034 0.042 0.041 0.002 0.011 0.063 -0.946

 Mean vectors and covariance matrices after rotation --- 1th cluster >>

 mean vector (mu'=Q*mu)>>
-2.87 -0.506 -0.911 -1.907 -2.915 -2.884 -1.772 0 -1.914 -1.033 -1.54 -2.651 -1.881 -2.56 -0.983 -1.997 -0.391 -2.466 -1.755 -0.078 -0.416 -2.914 -2.919

 covariance matrix (Sigma'=Q*Sigma*t(Q))>>

2.7 0.058 0.035 0.223 0.227 0.206 0.116 0 0.171 0.11 0.09 0.362 0.156 1.629 0.009 0.227 0.11 0.315 -0.115 -0.4 0.042 0.288 -0.02
0.058 9.287 -0.012 -0.016 -0.03 -0.029 -0.021 0 -0.003 -0.006 -0.01 0.023 -0.013 -0.068 -0.022 -0.001 -0.001 -0.015 -0.037 -0.064 -0.001 -0.013 -0.037
0.035 -0.012 5.45 0.013 -0.114 0.011 0.014 0 0.005 -0.015 0.008 0.041 -0.066 -0.13 0.027 -0.022 0.029 -0.033 0.025 0.05 -0.001 -0.026 0.037
0.223 -0.016 0.013 7.665 -0.135 0.019 0.011 0 0.066 -0.012 0.049 0.192 -0.055 -0.264 0.007 0.025 0.007 -0.055 0.066 -0.03 0.011 0.011 0.125
0.227 -0.03 -0.114 -0.135 9.613 -0.283 -0.192 0 -0.117 -0.063 -0.143 -0.014 -0.136 -0.571 -0.175 -0.082 0.007 -0.129 -0.36 -0.436 -0.022 -0.183 -0.434
0.206 -0.029 0.011 0.019 -0.283 6.329 0.02 0 0.037 -0.033 0.03 0.173 -0.153 -0.344 0.04 -0.029 0.062 -0.085 0.044 0.033 0.003 -0.047 0.09
0.116 -0.021 0.014 0.011 -0.192 0.02 6.412 0 0.03 -0.024 0.029 0.117 -0.103 -0.282 0.037 -0.021 0.036 -0.066 0.061 0.06 0.003 -0.03 0.097
0 0 0 0 0 0 0 31.932 0 0 0 0 0 0 0 0 0 0 0 0 0 0 0
0.171 -0.003 0.005 0.066 -0.117 0.037 0.03 0 4.202 0 0.008 0.097 -0.068 0.202 0.028 0.003 0.073 0.025 -0.039 -0.044 0.004 0.007 -0.021
0.11 -0.006 -0.015 -0.012 -0.063 -0.033 -0.024 0 0 7.76 -0.011 0.051 -0.03 -0.072 -0.026 -0.001 0.01 -0.018 -0.053 -0.094 0 -0.017 -0.05
0.09 -0.01 0.008 0.049 -0.143 0.03 0.029 0 0.008 -0.011 4.179 0.062 -0.087 0.03 0.04 -0.021 0.063 -0.008 -0.003 0.03 0 -0.019 0.01
0.362 0.023 0.041 0.192 -0.014 0.173 0.117 0 0.097 0.051 0.062 1.956 -0.006 0.968 0.077 0.091 0.134 0.173 -0.026 -0.095 0.021 0.14 0.036
0.156 -0.013 -0.066 -0.055 -0.136 -0.153 -0.103 0 -0.068 -0.03 -0.087 -0.006 8.51 -0.18 -0.098 -0.042 0.022 -0.047 -0.234 -0.276 -0.012 -0.095 -0.28
1.629 -0.068 -0.13 -0.264 -0.571 -0.344 -0.282 0 0.202 -0.072 0.03 0.968 -0.18 7.595 -0.366 0.171 -0.053 -0.279 -0.355 -1.214 0.04 -0.039 -0.17
0.009 -0.022 0.027 0.007 -0.175 0.04 0.037 0 0.028 -0.026 0.04 0.077 -0.098 -0.366 6.26 -0.033 0.022 -0.079 0.126 0.168 0.001 -0.034 0.162
0.227 -0.001 -0.022 0.025 -0.082 -0.029 -0.021 0 0.003 -0.001 -0.021 0.091 -0.042 0.171 -0.033 5.942 0.048 0.023 -0.127 -0.191 0.002 -0.003 -0.124
0.11 -0.001 0.029 0.007 0.007 0.062 0.036 0 0.073 0.01 0.063 0.134 0.022 -0.053 0.022 0.048 8.619 -0.005 0.113 0.034 0.013 0.058 0.169
0.315 -0.015 -0.033 -0.055 -0.129 -0.085 -0.066 0 0.025 -0.018 -0.008 0.173 -0.047 -0.279 -0.079 0.023 -0.005 8.802 -0.098 -0.256 0.005 -0.023 -0.072
-0.115 -0.037 0.025 0.066 -0.36 0.044 0.061 0 -0.039 -0.053 -0.003 -0.026 -0.234 -0.355 0.126 -0.127 0.113 -0.098 2.838 0.311 -0.014 -0.123 0.08
-0.4 -0.064 0.05 -0.03 -0.436 0.033 0.06 0 -0.044 -0.094 0.03 -0.095 -0.276 -1.214 0.168 -0.191 0.034 -0.256 0.311 5.411 -0.021 -0.197 0.318
0.042 -0.001 -0.001 0.011 -0.022 0.003 0.003 0 0.004 0 0 0.021 -0.012 0.04 0.001 0.002 0.013 0.005 -0.014 -0.021 4.89 0.001 -0.011
0.288 -0.013 -0.026 0.011 -0.183 -0.047 -0.03 0 0.007 -0.017 -0.019 0.14 -0.095 -0.039 -0.034 -0.003 0.058 -0.023 -0.123 -0.197 0.001 6.528 -0.11
-0.02 -0.037 0.037 0.125 -0.434 0.09 0.097 0 -0.021 -0.05 0.01 0.036 -0.28 -0.17 0.162 -0.124 0.169 -0.072 0.08 0.318 -0.011 -0.11 2.913

 Mean vectors and covariance matrices after rotation --- 2th cluster >>

 mean vector (mu'=Q*mu)>>
2.87 0.506 0.911 1.907 2.915 2.884 1.772 0 1.914 1.033 1.54 2.651 1.881 2.56 0.983 1.997 0.391 2.466 1.755 0.078 0.416 2.914 2.919

 covariance matrix (Sigma'=Q*Sigma*t(Q))>>

9.155 -0.077 -0.14 -0.171 0.082 0.064 -0.05 0 0.147 -0.178 0.172 -0.052 -0.048 0.278 -0.033 -0.063 -0.22 0.253 0.214 -0.109 -0.241 0.255 0.264
-0.077 3.369 -0.015 -0.03 -0.084 -0.083 0.033 0 -0.028 -0.011 0.007 -0.024 -0.052 0.086 0.003 -0.014 0.004 -0.013 -0.022 0 0.011 -0.056 -0.021
-0.14 -0.015 7.86 -0.154 0.145 0.118 0.089 0 0.122 -0.144 0.13 -0.01 -0.053 0.582 0.012 -0.017 -0.14 0.187 0.159 -0.164 -0.096 0.23 0.202
-0.171 -0.03 -0.154 7.437 0.103 0.078 0.078 0 0.134 -0.167 0.166 -0.024 -0.075 0.639 0.005 -0.031 -0.172 0.228 0.186 -0.158 -0.143 0.24 0.241
0.082 -0.084 0.145 0.103 8.994 -0.384 -0.321 0 -0.166 0.098 -0.097 -0.121 -0.017 -1.254 -0.097 -0.096 0.04 -0.164 -0.151 0.299 -0.118 -0.351 -0.205
0.064 -0.083 0.118 0.078 -0.384 9.074 -0.294 0 -0.136 0.072 -0.072 -0.113 -0.019 -1.104 -0.09 -0.092 0.016 -0.124 -0.117 0.26 -0.128 -0.293 -0.16
-0.05 0.033 0.089 0.078 -0.321 -0.294 1.407 0 -0.109 0.102 0 0.011 -0.074 0.244 0.027 0.026 0.112 -0.071 -0.112 0.145 0.083 -0.255 -0.096
0 0 0 0 0 0 0 31.932 0 0 0 0 0 0 0 0 0 0 0 0 0 0 0
0.147 -0.028 0.122 0.134 -0.166 -0.136 -0.109 0 6.409 0.1 0.008 0.032 0.053 -0.225 -0.016 0.022 0.042 0.001 -0.024 0.184 -0.05 -0.107 -0.007
-0.178 -0.011 -0.144 -0.167 0.098 0.072 0.102 0 0.1 6.954 0.124 -0.025 -0.08 0.586 0.012 -0.026 -0.131 0.167 0.138 -0.162 -0.084 0.19 0.177
0.172 0.007 0.13 0.166 -0.097 -0.072 0 0 0.008 0.124 2.853 0.102 0.074 0.249 0.025 0.08 0.071 0.048 0.003 0.157 0.006 -0.05 0.05
-0.052 -0.024 -0.01 -0.024 -0.121 -0.113 0.011 0 0.032 -0.025 0.102 6.071 -0.045 0.32 0.001 -0.005 -0.053 0.114 0.065 0.038 -0.09 0.012 0.109
-0.048 -0.052 -0.053 -0.075 -0.017 -0.019 -0.074 0 0.053 -0.08 0.074 -0.045 9.403 -0.045 -0.032 -0.048 -0.11 0.107 0.09 -0.015 -0.143 0.084 0.107
0.278 0.086 0.582 0.639 -1.254 -1.104 0.244 0 -0.225 0.586 0.249 0.32 -0.045 4.751 0.151 0.294 0.438 0.081 -0.211 0.856 0.145 -0.796 0.018
-0.033 0.003 0.012 0.005 -0.097 -0.09 0.027 0 -0.016 0.012 0.025 0.001 -0.032 0.151 4.029 0.004 0.011 0.012 -0.009 0.034 -0.001 -0.051 0.006
-0.063 -0.014 -0.017 -0.031 -0.096 -0.092 0.026 0 0.022 -0.026 0.08 -0.005 -0.048 0.294 0.004 5.796 -0.041 0.086 0.048 0.016 -0.061 0.007 0.082
-0.22 0.004 -0.14 -0.172 0.04 0.016 0.112 0 0.042 -0.131 0.071 -0.053 -0.11 0.438 0.011 -0.041 5.781 0.082 0.069 -0.156 -0.029 0.097 0.083
0.253 -0.013 0.187 0.228 -0.164 -0.124 -0.071 0 0.001 0.167 0.048 0.114 0.107 0.081 0.012 0.086 0.082 4.68 -0.001 0.246 -0.032 -0.088 0.052
0.214 -0.022 0.159 0.186 -0.151 -0.117 -0.112 0 -0.024 0.138 0.003 0.065 0.09 -0.211 -0.009 0.048 0.069 -0.001 5.738 0.216 -0.033 -0.108 -0.006
-0.109 0 -0.164 -0.158 0.299 0.26 0.145 0 0.184 -0.162 0.157 0.038 -0.015 0.856 0.034 0.016 -0.156 0.246 0.216 9.358 -0.082 0.355 0.276
-0.241 0.011 -0.096 -0.143 -0.118 -0.128 0.083 0 -0.05 -0.084 0.006 -0.09 -0.143 0.145 -0.001 -0.061 -0.029 -0.032 -0.033 -0.082 3.75 -0.075 -0.048
0.255 -0.056 0.23 0.24 -0.351 -0.293 -0.255 0 -0.107 0.19 -0.05 0.012 0.084 -0.796 -0.051 0.007 0.097 -0.088 -0.108 0.355 -0.075 6.992 -0.113
0.264 -0.021 0.202 0.241 -0.205 -0.16 -0.096 0 -0.007 0.177 0.05 0.109 0.107 0.018 0.006 0.082 0.083 0.052 -0.006 0.276 -0.048 -0.113 5.112

 Final eigenvalues for each cluster >> 
 (rows correspond to clusters)
31.932 9.862 9.291 8.958 8.861 8.636 8.588 7.769 7.673 6.56 6.392 6.314 6.199 5.929 5.443 4.889 4.784 4.182 4.172 2.824 2.753 2.052 1.732
31.932 9.59 9.43 9.429 9.414 9.271 7.999 7.615 7.272 7.101 6.436 6.073 5.872 5.802 5.767 5.064 4.627 4.022 3.733 3.363 2.957 2.809 1.329

 theoretical Separation index matrix >>

-1 0.34
0.34 -1

 theoretical projection directions >>

**** cluster 1 and 2
0.16 0.057 0.044 0.104 0.268 0.27 0.297 0 0.211 0.057 0.225 0.288 0.14 0.278 0.114 0.186 0.001 0.212 0.276 -0.016 0.075 0.291 0.434

 empirical Separation index matrix (alpha= 0.05 )>>

-1 0.425
0.425 -1

 empirical projection directions >>

**** cluster 1 and 2
-0.064 -0.092 -0.093 -0.083 -0.249 -0.161 -0.057 0.04 -0.166 0.035 -0.448 -0.363 -0.137 -0.306 -0.118 -0.155 0.016 -0.263 -0.201 0.047 -0.086 -0.247 -0.433
