
 Log information for the data set datasetJHG2v26nv0out0_1.dat >>

 alpha = 0.05 sepVal = 0.34

 Number of clusters >> 2

 cluster sizes >>
50 50

 Number of data points >> 100

 Number of dimensions >> 26

 Number of noisy dimensions >> 0

 noisy variables >>
0

 Number of outliers >> 0

 initial eigenvalues for each cluster >> 
 (rows correspond to clusters)
7.19 7.472 8.775 3.987 8.382 7.465 9.015 9.065 5.791 9.872 3.528 8.617 5.177 4.605 1.161 7.887 1.942 1.244 9.38 2.798 3.296 5.476 7.803 9.655 2.474 3.154
9.199 9.866 2.298 8.751 7.214 9.328 6.837 6.591 6.769 6.589 4.822 9.315 2.537 7.109 5.329 9.5 5.965 1.814 3.2 4.834 6.281 2.714 6.07 3.346 4.396 4.051

 Mean vectors and covariance matrices before rotation --- 1th cluster >>

 mean vector (mu'=Q*mu)>>
-9.326 0 0 0 0 0 0 0 0 0 0 0 0 0 0 0 0 0 0 0 0 0 0 0 0 0

 covariance matrix (Sigma'=Q*Sigma*t(Q))>>

6.112 -0.03 -0.614 0.634 -0.248 -0.349 -0.5 -0.086 0.046 -0.576 0.531 -0.087 0.127 0.021 1.292 -0.347 1.052 0.574 -0.879 0.77 0.318 0.191 -0.304 -0.762 0.497 0.737
-0.03 7.471 -0.014 0.012 -0.006 -0.009 -0.011 -0.002 0 -0.013 0.01 -0.002 0.002 0 0.025 -0.009 0.02 0.011 -0.02 0.015 0.006 0.003 -0.008 -0.017 0.01 0.014
-0.614 -0.014 8.576 0.041 -0.086 -0.166 -0.156 -0.027 -0.016 -0.163 0.046 -0.029 -0.008 0 0.176 -0.138 0.132 0.077 -0.262 0.084 0.03 -0.029 -0.125 -0.221 0.058 0.073
0.634 0.012 0.041 4.293 0.03 0.136 0.021 0.003 0.062 -0.01 0.232 0.008 0.096 0.012 0.428 0.078 0.372 0.191 0.011 0.3 0.133 0.18 0.076 -0.004 0.186 0.302
-0.248 -0.006 -0.086 0.03 8.345 -0.068 -0.068 -0.012 -0.005 -0.073 0.029 -0.013 0 0.001 0.094 -0.058 0.072 0.041 -0.115 0.048 0.018 -0.006 -0.052 -0.098 0.032 0.044
-0.349 -0.009 -0.166 0.136 -0.068 7.359 -0.134 -0.023 0.006 -0.151 0.116 -0.024 0.024 0.004 0.297 -0.099 0.24 0.132 -0.233 0.173 0.07 0.032 -0.088 -0.201 0.112 0.164
-0.5 -0.011 -0.156 0.021 -0.068 -0.134 8.893 -0.021 -0.015 -0.127 0.027 -0.023 -0.01 0 0.121 -0.11 0.089 0.053 -0.204 0.054 0.019 -0.029 -0.1 -0.171 0.038 0.046
-0.086 -0.002 -0.027 0.003 -0.012 -0.023 -0.021 9.062 -0.003 -0.022 0.004 -0.004 -0.002 0 0.02 -0.019 0.015 0.009 -0.035 0.009 0.003 -0.005 -0.017 -0.029 0.006 0.007
0.046 0 -0.016 0.062 -0.005 0.006 -0.015 -0.003 5.801 -0.021 0.049 -0.002 0.017 0.002 0.101 -0.002 0.086 0.045 -0.029 0.066 0.029 0.03 -0.001 -0.027 0.042 0.065
-0.576 -0.013 -0.163 -0.01 -0.073 -0.151 -0.127 -0.022 -0.021 9.744 0.004 -0.024 -0.02 -0.001 0.079 -0.12 0.052 0.034 -0.209 0.024 0.005 -0.049 -0.109 -0.174 0.019 0.015
0.531 0.01 0.046 0.232 0.029 0.116 0.027 0.004 0.049 0.004 3.703 0.008 0.074 0.009 0.316 0.07 0.276 0.142 0.027 0.224 0.1 0.141 0.067 0.012 0.139 0.227
-0.087 -0.002 -0.029 0.008 -0.013 -0.024 -0.023 -0.004 -0.002 -0.024 0.008 8.613 -0.001 0 0.028 -0.02 0.021 0.012 -0.038 0.014 0.005 -0.003 -0.018 -0.032 0.009 0.012
0.127 0.002 -0.008 0.096 0 0.024 -0.01 -0.002 0.017 -0.02 0.074 -0.001 5.205 0.004 0.147 0.009 0.126 0.066 -0.024 0.099 0.043 0.051 0.01 -0.024 0.062 0.098
0.021 0 0 0.012 0.001 0.004 0 0 0.002 -0.001 0.009 0 0.004 4.605 0.018 0.002 0.015 0.008 -0.001 0.012 0.005 0.007 0.002 -0.002 0.008 0.012
1.292 0.025 0.176 0.428 0.094 0.297 0.121 0.02 0.101 0.079 0.316 0.028 0.147 0.018 1.693 0.195 0.474 0.238 0.167 0.395 0.18 0.284 0.184 0.121 0.242 0.405
-0.347 -0.009 -0.138 0.078 -0.058 -0.099 -0.11 -0.019 -0.002 -0.12 0.07 -0.02 0.009 0.002 0.195 7.799 0.155 0.087 -0.189 0.108 0.043 0.007 -0.079 -0.161 0.071 0.101
1.052 0.02 0.132 0.372 0.072 0.24 0.089 0.015 0.086 0.052 0.276 0.021 0.126 0.015 0.474 0.155 2.362 0.212 0.119 0.348 0.158 0.241 0.147 0.083 0.213 0.355
0.574 0.011 0.077 0.191 0.041 0.132 0.053 0.009 0.045 0.034 0.142 0.012 0.066 0.008 0.238 0.087 0.212 1.35 0.073 0.177 0.081 0.126 0.082 0.053 0.108 0.181
-0.879 -0.02 -0.262 0.011 -0.115 -0.233 -0.204 -0.035 -0.029 -0.209 0.027 -0.038 -0.024 -0.001 0.167 -0.189 0.119 0.073 9.041 0.066 0.02 -0.063 -0.171 -0.284 0.049 0.052
0.77 0.015 0.084 0.3 0.048 0.173 0.054 0.009 0.066 0.024 0.224 0.014 0.099 0.012 0.395 0.108 0.348 0.177 0.066 3.082 0.128 0.188 0.103 0.042 0.175 0.289
0.318 0.006 0.03 0.133 0.018 0.07 0.019 0.003 0.029 0.005 0.1 0.005 0.043 0.005 0.18 0.043 0.158 0.081 0.02 0.128 3.354 0.082 0.041 0.011 0.079 0.13
0.191 0.003 -0.029 0.18 -0.006 0.032 -0.029 -0.005 0.03 -0.049 0.141 -0.003 0.051 0.007 0.284 0.007 0.241 0.126 -0.063 0.188 0.082 5.568 0.01 -0.06 0.118 0.187
-0.304 -0.008 -0.125 0.076 -0.052 -0.088 -0.1 -0.017 -0.001 -0.109 0.067 -0.018 0.01 0.002 0.184 -0.079 0.147 0.082 -0.171 0.103 0.041 0.01 7.733 -0.146 0.068 0.096
-0.762 -0.017 -0.221 -0.004 -0.098 -0.201 -0.171 -0.029 -0.027 -0.174 0.012 -0.032 -0.024 -0.002 0.121 -0.161 0.083 0.053 -0.284 0.042 0.011 -0.06 -0.146 9.418 0.032 0.03
0.497 0.01 0.058 0.186 0.032 0.112 0.038 0.006 0.042 0.019 0.139 0.009 0.062 0.008 0.242 0.071 0.213 0.108 0.049 0.175 0.079 0.118 0.068 0.032 2.582 0.179
0.737 0.014 0.073 0.302 0.044 0.164 0.046 0.007 0.065 0.015 0.227 0.012 0.098 0.012 0.405 0.101 0.355 0.181 0.052 0.289 0.13 0.187 0.096 0.03 0.179 3.448

 Mean vectors and covariance matrices before rotation --- 2th cluster >>

 mean vector (mu'=Q*mu)>>
9.326 0 0 0 0 0 0 0 0 0 0 0 0 0 0 0 0 0 0 0 0 0 0 0 0 0

 covariance matrix (Sigma'=Q*Sigma*t(Q))>>

6.499 -0.136 0.255 -0.529 -0.018 -0.068 0.064 0.112 0.088 0.076 0.743 -0.205 0.346 -0.007 0.415 -0.757 0.197 0.548 0.971 0.48 0.009 0.237 0.001 0.195 0.367 0.786
-0.136 9.86 0.008 -0.028 -0.004 -0.003 -0.004 -0.002 -0.004 -0.001 0.02 -0.01 0.011 -0.006 0.01 -0.037 0.003 0.018 0.031 0.013 0 0.008 0 0.006 0.011 0.023
0.255 0.008 2.324 0.069 0.037 0.006 0.078 0.071 0.085 0.048 0.126 0.018 0.036 0.069 0.086 0.059 0.059 0.053 0.113 0.082 0.004 0.026 0 0.023 0.055 0.108
-0.529 -0.028 0.069 8.654 0.01 -0.014 0.045 0.053 0.053 0.036 0.221 -0.041 0.095 0.025 0.13 -0.153 0.069 0.148 0.269 0.143 0.004 0.065 0.001 0.054 0.106 0.224
-0.018 -0.004 0.037 0.01 7.239 -0.001 0.061 0.059 0.067 0.04 0.145 -0.002 0.052 0.049 0.092 -0.014 0.057 0.078 0.152 0.094 0.003 0.036 0 0.031 0.066 0.135
-0.068 -0.003 0.006 -0.014 -0.001 9.326 0.001 0.002 0.001 0.001 0.017 -0.005 0.008 -0.001 0.009 -0.019 0.004 0.013 0.022 0.011 0 0.006 0 0.005 0.008 0.018
0.064 -0.004 0.078 0.045 0.061 0.001 6.978 0.134 0.155 0.091 0.313 0.002 0.109 0.115 0.201 -0.004 0.127 0.164 0.322 0.203 0.007 0.075 0.001 0.066 0.142 0.288
0.112 -0.002 0.071 0.053 0.059 0.002 0.134 6.718 0.148 0.086 0.287 0.006 0.098 0.111 0.186 0.011 0.118 0.147 0.292 0.186 0.007 0.068 0.001 0.059 0.13 0.263
0.088 -0.004 0.085 0.053 0.067 0.001 0.155 0.148 6.939 0.1 0.341 0.004 0.117 0.127 0.219 0.001 0.139 0.177 0.349 0.221 0.008 0.082 0.001 0.071 0.154 0.313
0.076 -0.001 0.048 0.036 0.04 0.001 0.091 0.086 0.1 6.648 0.195 0.004 0.066 0.075 0.126 0.007 0.08 0.1 0.198 0.126 0.005 0.046 0.001 0.04 0.088 0.178
0.743 0.02 0.126 0.221 0.145 0.017 0.313 0.287 0.341 0.195 5.385 0.051 0.176 0.269 0.375 0.158 0.251 0.259 0.534 0.366 0.015 0.123 0.002 0.109 0.249 0.496
-0.205 -0.01 0.018 -0.041 -0.002 -0.005 0.002 0.006 0.004 0.004 0.051 9.3 0.024 -0.002 0.028 -0.057 0.013 0.038 0.068 0.033 0.001 0.017 0 0.014 0.025 0.054
0.346 0.011 0.036 0.095 0.052 0.008 0.109 0.098 0.117 0.066 0.176 0.024 2.588 0.095 0.119 0.079 0.082 0.074 0.158 0.114 0.005 0.036 0.001 0.032 0.076 0.15
-0.007 -0.006 0.069 0.025 0.049 -0.001 0.115 0.111 0.127 0.075 0.269 -0.002 0.095 7.202 0.171 -0.019 0.107 0.144 0.281 0.174 0.006 0.066 0.001 0.057 0.123 0.25
0.415 0.01 0.086 0.13 0.092 0.009 0.201 0.186 0.219 0.126 0.375 0.028 0.119 0.171 5.577 0.084 0.164 0.177 0.361 0.243 0.01 0.083 0.001 0.074 0.167 0.333
-0.757 -0.037 0.059 -0.153 -0.014 -0.019 -0.004 0.011 0.001 0.007 0.158 -0.057 0.079 -0.019 0.084 9.291 0.035 0.127 0.22 0.102 0.001 0.054 0 0.044 0.08 0.174
0.197 0.003 0.059 0.069 0.057 0.004 0.127 0.118 0.139 0.08 0.251 0.013 0.082 0.107 0.164 0.035 6.072 0.123 0.248 0.163 0.006 0.057 0.001 0.051 0.112 0.226
0.548 0.018 0.053 0.148 0.078 0.013 0.164 0.147 0.177 0.1 0.259 0.038 0.074 0.144 0.177 0.127 0.123 1.921 0.23 0.168 0.008 0.052 0.001 0.047 0.112 0.221
0.971 0.031 0.113 0.269 0.152 0.022 0.322 0.292 0.349 0.198 0.534 0.068 0.158 0.281 0.361 0.22 0.248 0.23 3.686 0.347 0.015 0.111 0.002 0.1 0.233 0.46
0.48 0.013 0.082 0.143 0.094 0.011 0.203 0.186 0.221 0.126 0.366 0.033 0.114 0.174 0.243 0.102 0.163 0.168 0.347 5.072 0.01 0.08 0.001 0.071 0.162 0.322
0.009 0 0.004 0.004 0.003 0 0.007 0.007 0.008 0.005 0.015 0.001 0.005 0.006 0.01 0.001 0.006 0.008 0.015 0.01 6.282 0.004 0 0.003 0.007 0.014
0.237 0.008 0.026 0.065 0.036 0.006 0.075 0.068 0.082 0.046 0.123 0.017 0.036 0.066 0.083 0.054 0.057 0.052 0.111 0.08 0.004 2.74 0 0.023 0.054 0.105
0.001 0 0 0.001 0 0 0.001 0.001 0.001 0.001 0.002 0 0.001 0.001 0.001 0 0.001 0.001 0.002 0.001 0 0 6.07 0 0.001 0.002
0.195 0.006 0.023 0.054 0.031 0.005 0.066 0.059 0.071 0.04 0.109 0.014 0.032 0.057 0.074 0.044 0.051 0.047 0.1 0.071 0.003 0.023 0 3.367 0.048 0.094
0.367 0.011 0.055 0.106 0.066 0.008 0.142 0.13 0.154 0.088 0.249 0.025 0.076 0.123 0.167 0.08 0.112 0.112 0.233 0.162 0.007 0.054 0.001 0.048 4.506 0.218
0.786 0.023 0.108 0.224 0.135 0.018 0.288 0.263 0.313 0.178 0.496 0.054 0.15 0.25 0.333 0.174 0.226 0.221 0.46 0.322 0.014 0.105 0.002 0.094 0.218 4.483

 Final eigenvalues for each cluster >> 
 (rows correspond to clusters)
9.872 9.655 9.38 9.065 9.015 8.775 8.617 8.382 7.887 7.803 7.472 7.465 7.19 5.791 5.476 5.177 4.605 3.987 3.528 3.296 3.154 2.798 2.474 1.942 1.244 1.161
9.866 9.5 9.328 9.315 9.199 8.751 7.214 7.109 6.837 6.769 6.591 6.589 6.281 6.07 5.965 5.329 4.834 4.822 4.396 4.051 3.346 3.2 2.714 2.537 2.298 1.814

 *************************************************

 ********************* rotation ******************

 *************************************************


 The orthogonal matrix Q >>
0.149 0.152 0.253 0.302 0.033 0.08 0.088 0.159 0.129 0.272 0.227 0.163 0.264 0.147 0.092 0.061 0.157 0.219 0.331 0.329 0.068 0.238 0.236 0.014 0.154 0.233
0.152 -0.98 0.034 0.04 0.004 0.011 0.012 0.021 0.017 0.036 0.03 0.022 0.035 0.02 0.012 0.008 0.021 0.029 0.044 0.044 0.009 0.032 0.031 0.002 0.02 0.031
0.253 0.034 -0.944 0.067 0.007 0.018 0.019 0.035 0.028 0.06 0.05 0.036 0.058 0.032 0.02 0.013 0.035 0.048 0.073 0.072 0.015 0.052 0.052 0.003 0.034 0.051
0.302 0.04 0.067 -0.92 0.009 0.021 0.023 0.042 0.034 0.072 0.06 0.043 0.07 0.039 0.024 0.016 0.041 0.058 0.087 0.087 0.018 0.063 0.062 0.004 0.041 0.061
0.033 0.004 0.007 0.009 -0.999 0.002 0.003 0.005 0.004 0.008 0.006 0.005 0.008 0.004 0.003 0.002 0.004 0.006 0.009 0.009 0.002 0.007 0.007 0 0.004 0.007
0.08 0.011 0.018 0.021 0.002 -0.994 0.006 0.011 0.009 0.019 0.016 0.011 0.018 0.01 0.006 0.004 0.011 0.015 0.023 0.023 0.005 0.017 0.016 0.001 0.011 0.016
0.088 0.012 0.019 0.023 0.003 0.006 -0.993 0.012 0.01 0.021 0.017 0.012 0.02 0.011 0.007 0.005 0.012 0.017 0.025 0.025 0.005 0.018 0.018 0.001 0.012 0.018
0.159 0.021 0.035 0.042 0.005 0.011 0.012 -0.978 0.018 0.038 0.032 0.023 0.037 0.02 0.013 0.008 0.022 0.03 0.046 0.046 0.009 0.033 0.033 0.002 0.021 0.032
0.129 0.017 0.028 0.034 0.004 0.009 0.01 0.018 -0.986 0.03 0.025 0.018 0.03 0.016 0.01 0.007 0.018 0.025 0.037 0.037 0.008 0.027 0.026 0.002 0.017 0.026
0.272 0.036 0.06 0.072 0.008 0.019 0.021 0.038 0.03 -0.935 0.054 0.039 0.063 0.035 0.022 0.014 0.037 0.052 0.079 0.078 0.016 0.056 0.056 0.003 0.037 0.055
0.227 0.03 0.05 0.06 0.006 0.016 0.017 0.032 0.025 0.054 -0.955 0.032 0.052 0.029 0.018 0.012 0.031 0.043 0.066 0.065 0.014 0.047 0.047 0.003 0.03 0.046
0.163 0.022 0.036 0.043 0.005 0.011 0.012 0.023 0.018 0.039 0.032 -0.977 0.038 0.021 0.013 0.009 0.022 0.031 0.047 0.047 0.01 0.034 0.033 0.002 0.022 0.033
0.264 0.035 0.058 0.07 0.008 0.018 0.02 0.037 0.03 0.063 0.052 0.038 -0.939 0.034 0.021 0.014 0.036 0.05 0.076 0.076 0.016 0.055 0.054 0.003 0.035 0.054
0.147 0.02 0.032 0.039 0.004 0.01 0.011 0.02 0.016 0.035 0.029 0.021 0.034 -0.981 0.012 0.008 0.02 0.028 0.042 0.042 0.009 0.03 0.03 0.002 0.02 0.03
0.092 0.012 0.02 0.024 0.003 0.006 0.007 0.013 0.01 0.022 0.018 0.013 0.021 0.012 -0.993 0.005 0.013 0.017 0.026 0.026 0.005 0.019 0.019 0.001 0.012 0.019
0.061 0.008 0.013 0.016 0.002 0.004 0.005 0.008 0.007 0.014 0.012 0.009 0.014 0.008 0.005 -0.997 0.008 0.012 0.017 0.017 0.004 0.013 0.012 0.001 0.008 0.012
0.157 0.021 0.035 0.041 0.004 0.011 0.012 0.022 0.018 0.037 0.031 0.022 0.036 0.02 0.013 0.008 -0.979 0.03 0.045 0.045 0.009 0.033 0.032 0.002 0.021 0.032
0.219 0.029 0.048 0.058 0.006 0.015 0.017 0.03 0.025 0.052 0.043 0.031 0.05 0.028 0.017 0.012 0.03 -0.958 0.063 0.063 0.013 0.045 0.045 0.003 0.029 0.045
0.331 0.044 0.073 0.087 0.009 0.023 0.025 0.046 0.037 0.079 0.066 0.047 0.076 0.042 0.026 0.017 0.045 0.063 -0.905 0.095 0.02 0.069 0.068 0.004 0.044 0.067
0.329 0.044 0.072 0.087 0.009 0.023 0.025 0.046 0.037 0.078 0.065 0.047 0.076 0.042 0.026 0.017 0.045 0.063 0.095 -0.906 0.02 0.068 0.068 0.004 0.044 0.067
0.068 0.009 0.015 0.018 0.002 0.005 0.005 0.009 0.008 0.016 0.014 0.01 0.016 0.009 0.005 0.004 0.009 0.013 0.02 0.02 -0.996 0.014 0.014 0.001 0.009 0.014
0.238 0.032 0.052 0.063 0.007 0.017 0.018 0.033 0.027 0.056 0.047 0.034 0.055 0.03 0.019 0.013 0.033 0.045 0.069 0.068 0.014 -0.951 0.049 0.003 0.032 0.048
0.236 0.031 0.052 0.062 0.007 0.016 0.018 0.033 0.026 0.056 0.047 0.033 0.054 0.03 0.019 0.012 0.032 0.045 0.068 0.068 0.014 0.049 -0.952 0.003 0.032 0.048
0.014 0.002 0.003 0.004 0 0.001 0.001 0.002 0.002 0.003 0.003 0.002 0.003 0.002 0.001 0.001 0.002 0.003 0.004 0.004 0.001 0.003 0.003 -1 0.002 0.003
0.154 0.02 0.034 0.041 0.004 0.011 0.012 0.021 0.017 0.037 0.03 0.022 0.035 0.02 0.012 0.008 0.021 0.029 0.044 0.044 0.009 0.032 0.032 0.002 -0.979 0.031
0.233 0.031 0.051 0.061 0.007 0.016 0.018 0.032 0.026 0.055 0.046 0.033 0.054 0.03 0.019 0.012 0.032 0.045 0.067 0.067 0.014 0.048 0.048 0.003 0.031 -0.953

 Mean vectors and covariance matrices after rotation --- 1th cluster >>

 mean vector (mu'=Q*mu)>>
-2.198 -3.087 -2.12 -0.82 -2.221 -1.465 -2.357 -0.745 -1.371 -0.565 -1.199 -1.389 -2.541 -1.436 -1.422 -0.853 -2.176 -3.071 -2.465 -2.819 -1.521 -0.131 -0.305 -1.485 -0.638 -2.047

 covariance matrix (Sigma'=Q*Sigma*t(Q))>>

7.788 -0.038 0.027 0.018 0 -0.096 -0.018 -0.02 0.079 -0.001 0.013 -0.086 -0.066 0.024 -0.001 -0.207 -0.003 0.103 0.07 0.016 -0.032 0.079 0.008 -0.044 -0.033 0.136
-0.038 9.307 0.024 -0.018 -0.02 -0.185 -0.051 -0.119 0.142 -0.065 0.02 -0.299 -0.083 0.024 0.025 -0.36 -0.032 0.145 0.123 -0.001 -0.019 0.036 -0.023 -0.034 -0.068 0.202
0.027 0.024 3.573 0.106 0.037 -0.02 0.049 0.15 0.025 0.121 0.011 0.284 -0.063 0.035 -0.045 -0.097 0.038 0.094 0.027 0.054 -0.07 0.224 0.074 -0.085 0.001 0.107
0.018 -0.018 0.106 8.973 0.065 0.063 -0.012 -0.076 0.089 -0.056 0.043 0.054 0.002 0.085 0.054 0.013 0.105 0.19 0.121 0.123 0.039 -0.082 -0.032 0.035 0.019 0.164
0 -0.02 0.037 0.065 5.492 -0.048 0.009 0.078 0.044 0.069 0.008 0.091 -0.081 0.031 -0.033 -0.137 0.021 0.097 0.038 0.036 -0.063 0.163 0.046 -0.076 -0.012 0.12
-0.096 -0.185 -0.02 0.063 -0.048 2.014 -0.097 0.19 -0.108 0.135 -0.058 -0.166 -0.242 0.001 -0.156 0.105 0.012 -0.043 -0.148 -0.027 -0.181 0.216 0.074 -0.192 0.027 -0.012
-0.018 -0.051 0.049 -0.012 0.009 -0.097 8.742 -0.077 0.113 -0.042 0.025 -0.147 -0.062 0.042 0.023 -0.225 0.014 0.151 0.11 0.038 -0.011 0.024 -0.015 -0.023 -0.036 0.18
-0.02 -0.119 0.15 -0.076 0.078 0.19 -0.077 7.398 0.061 -0.06 0.037 -0.036 -0.08 0.129 0.025 0.184 0.178 0.241 0.099 0.179 0.005 -0.121 -0.041 0.001 0.059 0.196
0.079 0.142 0.025 0.089 0.044 -0.108 0.113 0.061 4.68 0.062 0.034 0.365 0.075 0.008 0.032 -0.209 -0.008 0.072 0.089 0.029 0.021 0.141 0.044 0.012 -0.029 0.081
-0.001 -0.065 0.121 -0.056 0.069 0.135 -0.042 -0.06 0.062 7.835 0.036 0.02 -0.036 0.102 0.034 0.12 0.138 0.197 0.096 0.145 0.021 -0.1 -0.034 0.017 0.042 0.16
0.013 0.02 0.011 0.043 0.008 -0.058 0.025 0.037 0.034 0.036 5.799 0.083 -0.017 0.007 -0.007 -0.118 -0.005 0.043 0.031 0.008 -0.021 0.095 0.026 -0.028 -0.017 0.059
-0.086 -0.299 0.284 0.054 0.091 -0.166 -0.147 -0.036 0.365 0.02 0.083 6.926 -0.424 0.25 -0.033 -0.634 0.201 0.701 0.362 0.276 -0.189 0.332 0.04 -0.25 -0.06 0.791
-0.066 -0.083 -0.063 0.002 -0.081 -0.242 -0.062 -0.08 0.075 -0.036 -0.017 -0.424 9.771 -0.045 -0.019 -0.381 -0.12 -0.004 0.026 -0.106 -0.054 0.085 -0.006 -0.066 -0.087 0.078
0.024 0.024 0.035 0.085 0.031 0.001 0.042 0.129 0.008 0.102 0.007 0.25 -0.045 2.502 -0.038 -0.045 0.035 0.064 0.012 0.044 -0.055 0.175 0.061 -0.065 0.007 0.069
-0.001 0.025 -0.045 0.054 -0.033 -0.156 0.023 0.025 0.032 0.034 -0.007 -0.033 -0.019 -0.038 7.456 -0.239 -0.08 -0.026 0.008 -0.065 -0.031 0.127 0.029 -0.039 -0.051 0.019
-0.207 -0.36 -0.097 0.013 -0.137 0.105 -0.225 0.184 -0.209 0.12 -0.118 -0.634 -0.381 -0.045 -0.239 1.381 -0.042 -0.181 -0.292 -0.124 -0.263 0.184 0.06 -0.269 0.031 -0.125
-0.003 -0.032 0.038 0.105 0.021 0.012 0.014 0.178 -0.008 0.138 -0.005 0.201 -0.12 0.035 -0.08 -0.042 3.196 0.074 -0.015 0.045 -0.108 0.244 0.082 -0.123 0.011 0.091
0.103 0.145 0.094 0.19 0.097 -0.043 0.151 0.241 0.072 0.197 0.043 0.701 -0.004 0.064 -0.026 -0.181 0.074 2.976 0.097 0.117 -0.058 0.352 0.122 -0.08 0.002 0.181
0.07 0.123 0.027 0.121 0.038 -0.148 0.11 0.099 0.089 0.096 0.031 0.362 0.026 0.012 0.008 -0.292 -0.015 0.097 5.27 0.026 -0.017 0.228 0.068 -0.033 -0.041 0.125
0.016 -0.001 0.054 0.123 0.036 -0.027 0.038 0.179 0.029 0.145 0.008 0.276 -0.106 0.044 -0.065 -0.124 0.045 0.117 0.026 4.048 -0.1 0.277 0.089 -0.119 0 0.139
-0.032 -0.019 -0.07 0.039 -0.063 -0.181 -0.011 0.005 0.021 0.021 -0.021 -0.189 -0.054 -0.055 -0.031 -0.263 -0.108 -0.058 -0.017 -0.1 8.568 0.12 0.022 -0.057 -0.062 0.002
0.079 0.036 0.224 -0.082 0.163 0.216 0.024 -0.121 0.141 -0.1 0.095 0.332 0.085 0.175 0.127 0.184 0.244 0.352 0.228 0.277 0.12 9.445 -0.063 0.119 0.071 0.263
0.008 -0.023 0.074 -0.032 0.046 0.074 -0.015 -0.041 0.044 -0.034 0.026 0.04 -0.006 0.061 0.029 0.06 0.082 0.122 0.068 0.089 0.022 -0.063 8.361 0.02 0.023 0.098
-0.044 -0.034 -0.085 0.035 -0.076 -0.192 -0.023 0.001 0.012 0.017 -0.028 -0.25 -0.066 -0.065 -0.039 -0.269 -0.123 -0.08 -0.033 -0.119 -0.057 0.119 0.02 9.001 -0.066 -0.014
-0.033 -0.068 0.001 0.019 -0.012 0.027 -0.036 0.059 -0.029 0.042 -0.017 -0.06 -0.087 0.007 -0.051 0.031 0.011 0.002 -0.041 0 -0.062 0.071 0.023 -0.066 3.306 0.012
0.136 0.202 0.107 0.164 0.12 -0.012 0.18 0.196 0.081 0.16 0.059 0.791 0.078 0.069 0.019 -0.125 0.091 0.181 0.125 0.139 0.002 0.263 0.098 -0.014 0.012 1.403

 Mean vectors and covariance matrices after rotation --- 2th cluster >>

 mean vector (mu'=Q*mu)>>
2.198 3.087 2.12 0.82 2.221 1.465 2.357 0.745 1.371 0.565 1.199 1.389 2.541 1.436 1.422 0.853 2.176 3.071 2.465 2.819 1.521 0.131 0.305 1.485 0.638 2.047

 covariance matrix (Sigma'=Q*Sigma*t(Q))>>

6.247 -0.007 -0.174 -0.082 0.236 -0.024 0.273 0.018 -0.02 0.139 -0.073 0.543 0.083 -0.02 0.023 -0.165 -0.117 0.07 0.235 0.114 0.048 -0.073 -0.033 -0.034 0.04 0.118
-0.007 3.312 0.038 0.11 0.182 0.042 0.22 -0.039 0.091 0.348 0.106 0.481 0.017 0.037 -0.103 0.027 0.039 0.084 0.199 0.1 -0.043 -0.019 0.07 0.069 -0.003 0.156
-0.174 0.038 4.881 0.104 0 -0.004 0.017 -0.083 0.033 0.202 0.081 -0.422 -0.126 0.003 -0.181 0.08 0.038 -0.052 0.013 -0.113 -0.143 0.018 0.064 0.019 -0.046 0.05
-0.082 0.11 0.104 6.892 0.013 0.019 0.02 -0.043 0.015 0.01 0.046 -0.46 -0.05 0.037 -0.092 0.081 0.097 0.021 0.029 -0.103 -0.083 0.029 0.028 0.021 -0.021 0.069
0.236 0.182 0 0.013 3.035 0.071 0.362 0.043 0.08 0.209 0.038 1.064 0.196 0.07 0.068 -0.063 0.042 0.229 0.337 0.253 0.104 -0.048 0.01 0.071 0.061 0.224
-0.024 0.042 -0.004 0.019 0.071 5.961 0.088 -0.032 0.004 0.091 0.012 -0.135 -0.029 0.006 -0.073 -0.002 0.006 0.01 0.079 -0.038 -0.054 -0.007 0.015 -0.001 -0.008 0.069
0.273 0.22 0.017 0.02 0.362 0.088 2.706 0.054 0.098 0.228 0.051 1.242 0.233 0.087 0.087 -0.061 0.063 0.272 0.382 0.298 0.127 -0.05 0.013 0.089 0.071 0.256
0.018 -0.039 -0.083 -0.043 0.043 -0.032 0.054 9.318 -0.034 0.017 -0.046 -0.088 -0.019 -0.026 -0.022 -0.063 -0.064 -0.024 0.041 -0.029 -0.018 -0.023 -0.018 -0.038 0.002 0.014
-0.02 0.091 0.033 0.015 0.08 0.004 0.098 -0.034 7.107 0.033 0.01 -0.308 -0.025 0.024 -0.077 0.016 0.046 0.034 0.094 -0.072 -0.063 0.004 0.01 0.001 -0.007 0.095
0.139 0.348 0.202 0.01 0.209 0.091 0.228 0.017 0.033 9.35 0.032 -0.165 0.136 0.135 0.029 0.078 0.235 0.25 0.244 -0.005 0.02 0.031 -0.01 0.064 0.039 0.243
-0.073 0.106 0.081 0.046 0.038 0.012 0.051 -0.046 0.01 0.032 6.806 -0.445 -0.051 0.032 -0.101 0.062 0.08 0.021 0.055 -0.103 -0.088 0.021 0.025 0.014 -0.019 0.083
0.543 0.481 -0.422 -0.46 1.064 -0.135 1.242 -0.088 -0.308 -0.165 -0.445 7.592 0.111 0.059 -0.227 -0.521 -0.108 0.371 1.134 -0.382 -0.192 -0.182 -0.225 -0.274 0.114 0.823
0.083 0.017 -0.126 -0.05 0.196 -0.029 0.233 -0.019 -0.025 0.136 -0.051 0.111 6.603 -0.015 -0.052 -0.114 -0.08 0.036 0.201 0.012 -0.025 -0.052 -0.016 -0.036 0.016 0.122
-0.02 0.037 0.003 0.037 0.07 0.006 0.087 -0.026 0.024 0.135 0.032 0.059 -0.015 4.404 -0.062 0.005 0.006 0.017 0.077 0.007 -0.037 -0.008 0.025 0.015 -0.006 0.063
0.023 -0.103 -0.181 -0.092 0.068 -0.073 0.087 -0.022 -0.077 0.029 -0.101 -0.227 -0.052 -0.062 9.816 -0.133 -0.143 -0.069 0.061 -0.071 -0.042 -0.047 -0.038 -0.086 0 0.01
-0.165 0.027 0.08 0.081 -0.063 -0.002 -0.061 -0.063 0.016 0.078 0.062 -0.521 -0.114 0.005 -0.133 5.421 0.054 -0.059 -0.053 -0.128 -0.116 0.031 0.046 0.013 -0.043 0.003
-0.117 0.039 0.038 0.097 0.042 0.006 0.063 -0.064 0.046 0.235 0.08 -0.108 -0.08 0.006 -0.143 0.054 4.075 -0.02 0.054 -0.039 -0.101 0.004 0.061 0.03 -0.031 0.063
0.07 0.084 -0.052 0.021 0.229 0.01 0.272 -0.024 0.034 0.25 0.021 0.371 0.036 0.017 -0.069 -0.059 -0.02 4.919 0.242 0.074 -0.024 -0.042 0.022 0.017 0.015 0.166
0.235 0.199 0.013 0.029 0.337 0.079 0.382 0.041 0.094 0.244 0.055 1.134 0.201 0.077 0.061 -0.053 0.054 0.242 2.893 0.269 0.103 -0.048 0.019 0.083 0.061 0.24
0.114 0.1 -0.113 -0.103 0.253 -0.038 0.298 -0.029 -0.072 -0.005 -0.103 -0.382 0.012 0.007 -0.071 -0.128 -0.039 0.074 0.269 8.656 -0.057 -0.046 -0.048 -0.068 0.023 0.194
0.048 -0.043 -0.143 -0.083 0.104 -0.054 0.127 -0.018 -0.063 0.02 -0.088 -0.192 -0.025 -0.037 -0.042 -0.116 -0.101 -0.024 0.103 -0.057 9.281 -0.042 -0.036 -0.068 0.007 0.05
-0.073 -0.019 0.018 0.029 -0.048 -0.007 -0.05 -0.023 0.004 0.031 0.021 -0.182 -0.052 -0.008 -0.047 0.031 0.004 -0.042 -0.048 -0.046 -0.042 3.357 0.017 0.001 -0.019 -0.024
-0.033 0.07 0.064 0.028 0.01 0.015 0.013 -0.018 0.01 -0.01 0.025 -0.225 -0.016 0.025 -0.038 0.046 0.061 0.022 0.019 -0.048 -0.036 0.017 7.226 0.015 -0.008 0.041
-0.034 0.069 0.019 0.021 0.071 -0.001 0.089 -0.038 0.001 0.064 0.014 -0.274 -0.036 0.015 -0.086 0.013 0.03 0.017 0.083 -0.068 -0.068 0.001 0.015 6.59 -0.011 0.083
0.04 -0.003 -0.046 -0.021 0.061 -0.008 0.071 0.002 -0.007 0.039 -0.019 0.114 0.016 -0.006 0 -0.043 -0.031 0.015 0.061 0.023 0.007 -0.019 -0.008 -0.011 6.29 0.032
0.118 0.156 0.05 0.069 0.224 0.069 0.256 0.014 0.095 0.243 0.083 0.823 0.122 0.063 0.01 0.003 0.063 0.166 0.24 0.194 0.05 -0.024 0.041 0.083 0.032 1.987

 Final eigenvalues for each cluster >> 
 (rows correspond to clusters)
9.872 9.655 9.38 9.065 9.015 8.775 8.617 8.382 7.887 7.803 7.472 7.465 7.19 5.791 5.476 5.177 4.605 3.987 3.528 3.296 3.154 2.798 2.474 1.942 1.244 1.161
9.866 9.5 9.328 9.315 9.199 8.751 7.214 7.109 6.837 6.769 6.591 6.589 6.281 6.07 5.965 5.329 4.834 4.822 4.396 4.051 3.346 3.2 2.714 2.537 2.298 1.814

 theoretical Separation index matrix >>

-1 0.34
0.34 -1

 theoretical projection directions >>

**** cluster 1 and 2
0.155 0.23 0.266 0.026 0.206 0.23 0.149 0.024 0.106 -0.024 0.093 0.007 0.176 0.203 0.111 0.257 0.315 0.364 0.241 0.222 0.112 -0.046 0 0.118 0.076 0.434

 empirical Separation index matrix (alpha= 0.05 )>>

-1 0.472
0.472 -1

 empirical projection directions >>

**** cluster 1 and 2
-0.089 -0.127 -0.342 -0.046 -0.208 -0.284 -0.061 0.02 -0.283 0.021 -0.032 0.077 -0.121 -0.101 0.001 -0.353 -0.109 -0.321 -0.268 -0.187 -0.032 -0.007 -0.043 -0.076 -0.051 -0.508
