
 Log information for the data set datasetJHG2v22nv0out0_3.dat >>

 alpha = 0.05 sepVal = 0.34

 Number of clusters >> 2

 cluster sizes >>
50 50

 Number of data points >> 100

 Number of dimensions >> 22

 Number of noisy dimensions >> 0

 noisy variables >>
0

 Number of outliers >> 0

 initial eigenvalues for each cluster >> 
 (rows correspond to clusters)
8.072 3.59 8.929 1.445 9.493 7.417 3.402 6.558 3.676 6.71 3.412 4.497 3.83 4.753 4.161 3.47 5.837 1.632 4.3 7.415 5.248 5.643
4.713 3.334 8.893 2.889 8.401 5.985 2.772 3.663 4.153 3.115 2.783 5.227 8.441 6.594 4.055 4.533 5.202 5.227 8.593 8.252 4.794 7.031

 Mean vectors and covariance matrices before rotation --- 1th cluster >>

 mean vector (mu'=Q*mu)>>
-8.534 0 0 0 0 0 0 0 0 0 0 0 0 0 0 0 0 0 0 0 0 0

 covariance matrix (Sigma'=Q*Sigma*t(Q))>>

5.026 0.23 -0.998 1.264 -0.003 -0.213 0.645 -0.318 0.413 -0.425 0.297 0.057 0.152 0.088 0.222 0.181 -0.199 0.837 0.077 -0.779 0.002 -0.01
0.23 3.696 0.028 0.345 0 0.029 0.275 0.099 0.197 0.113 0.127 0.049 0.079 0.106 0.14 0.079 0.174 0.235 0.055 0.107 0.05 0.013
-0.998 0.028 8.62 0.246 -0.001 -0.075 0.088 -0.133 0.048 -0.17 0.04 -0.001 0.016 -0.014 0.013 0.024 -0.126 0.161 0.002 -0.274 -0.018 -0.008
1.264 0.345 0.246 2.493 0.001 0.135 0.889 0.401 0.645 0.466 0.412 0.165 0.259 0.367 0.468 0.257 0.651 0.716 0.184 0.495 0.178 0.049
-0.003 0 -0.001 0.001 9.493 0 0 0 0 -0.001 0 0 0 0 0 0 -0.001 0 0 -0.001 0 0
-0.213 0.029 -0.075 0.135 0 7.404 0.08 -0.014 0.053 -0.021 0.037 0.01 0.02 0.018 0.032 0.023 0.003 0.09 0.012 -0.049 0.005 0.001
0.645 0.275 0.088 0.889 0 0.08 4.116 0.265 0.513 0.303 0.331 0.127 0.205 0.278 0.365 0.206 0.46 0.605 0.142 0.291 0.131 0.035
-0.318 0.099 -0.133 0.401 0 -0.014 0.265 6.57 0.183 0.005 0.123 0.038 0.071 0.078 0.119 0.076 0.076 0.27 0.045 -0.052 0.031 0.007
0.413 0.197 0.048 0.645 0 0.053 0.513 0.183 4.043 0.208 0.237 0.09 0.146 0.197 0.261 0.148 0.322 0.439 0.102 0.195 0.092 0.025
-0.425 0.113 -0.17 0.466 -0.001 -0.021 0.303 0.005 0.208 6.704 0.14 0.043 0.081 0.087 0.134 0.087 0.077 0.313 0.051 -0.077 0.033 0.007
0.297 0.127 0.04 0.412 0 0.037 0.331 0.123 0.237 0.14 3.565 0.059 0.095 0.129 0.169 0.095 0.213 0.28 0.066 0.135 0.061 0.016
0.057 0.049 -0.001 0.165 0 0.01 0.127 0.038 0.09 0.043 0.059 4.518 0.036 0.047 0.063 0.037 0.072 0.112 0.024 0.035 0.021 0.006
0.152 0.079 0.016 0.259 0 0.02 0.205 0.071 0.146 0.081 0.095 0.036 3.889 0.078 0.104 0.059 0.126 0.176 0.04 0.074 0.037 0.01
0.088 0.106 -0.014 0.367 0 0.018 0.278 0.078 0.197 0.087 0.129 0.047 0.078 4.854 0.137 0.08 0.151 0.249 0.053 0.067 0.046 0.012
0.222 0.14 0.013 0.468 0 0.032 0.365 0.119 0.261 0.134 0.169 0.063 0.104 0.137 4.345 0.105 0.217 0.318 0.071 0.118 0.064 0.017
0.181 0.079 0.024 0.257 0 0.023 0.206 0.076 0.148 0.087 0.095 0.037 0.059 0.08 0.105 3.529 0.132 0.175 0.041 0.083 0.038 0.01
-0.199 0.174 -0.126 0.651 -0.001 0.003 0.46 0.076 0.322 0.077 0.213 0.072 0.126 0.151 0.217 0.132 6.029 0.439 0.083 0.011 0.065 0.016
0.837 0.235 0.161 0.716 0 0.09 0.605 0.27 0.439 0.313 0.28 0.112 0.176 0.249 0.318 0.175 0.439 2.122 0.125 0.33 0.12 0.033
0.077 0.055 0.002 0.184 0 0.012 0.142 0.045 0.102 0.051 0.066 0.024 0.04 0.053 0.071 0.041 0.083 0.125 4.328 0.043 0.024 0.006
-0.779 0.107 -0.274 0.495 -0.001 -0.049 0.291 -0.052 0.195 -0.077 0.135 0.035 0.074 0.067 0.118 0.083 0.011 0.33 0.043 7.234 0.02 0.002
0.002 0.05 -0.018 0.178 0 0.005 0.131 0.031 0.092 0.033 0.061 0.021 0.037 0.046 0.064 0.038 0.065 0.12 0.024 0.02 5.268 0.005
-0.01 0.013 -0.008 0.049 0 0.001 0.035 0.007 0.025 0.007 0.016 0.006 0.01 0.012 0.017 0.01 0.016 0.033 0.006 0.002 0.005 5.644

 Mean vectors and covariance matrices before rotation --- 2th cluster >>

 mean vector (mu'=Q*mu)>>
8.534 0 0 0 0 0 0 0 0 0 0 0 0 0 0 0 0 0 0 0 0 0

 covariance matrix (Sigma'=Q*Sigma*t(Q))>>

5.442 0.487 -1.04 0.089 -0.172 -0.254 0.183 0.077 0.243 0.239 0.663 0.005 -0.656 -0.094 0.36 0.24 0.013 0.001 -0.854 -0.536 0.042 -0.071
0.487 3.492 -0.122 0.026 -0.018 0.042 0.053 0.027 0.103 0.074 0.194 0.054 -0.07 0 0.146 0.132 0.069 0.013 -0.094 -0.055 0.032 -0.003
-1.04 -0.122 8.42 -0.014 -0.085 -0.361 -0.026 -0.027 -0.144 -0.048 -0.097 -0.179 -0.321 -0.082 -0.189 -0.244 -0.225 -0.044 -0.407 -0.272 -0.072 -0.05
0.089 0.026 -0.014 2.894 -0.002 0.011 0.009 0.005 0.018 0.012 0.032 0.01 -0.008 0.001 0.025 0.024 0.013 0.003 -0.011 -0.006 0.006 0
-0.172 -0.018 -0.085 -0.002 8.386 -0.062 -0.004 -0.004 -0.023 -0.007 -0.013 -0.03 -0.057 -0.014 -0.03 -0.04 -0.038 -0.007 -0.073 -0.048 -0.012 -0.009
-0.254 0.042 -0.361 0.011 -0.062 5.806 0.023 0.004 -0.01 0.025 0.083 -0.065 -0.236 -0.047 -0.006 -0.047 -0.081 -0.016 -0.303 -0.196 -0.019 -0.031
0.183 0.053 -0.026 0.009 -0.004 0.023 2.79 0.009 0.037 0.025 0.065 0.022 -0.014 0.002 0.051 0.048 0.028 0.005 -0.02 -0.01 0.012 0
0.077 0.027 -0.027 0.005 -0.004 0.004 0.009 3.667 0.017 0.013 0.034 0.008 -0.016 -0.001 0.024 0.021 0.01 0.002 -0.021 -0.013 0.005 -0.001
0.243 0.103 -0.144 0.018 -0.023 -0.01 0.037 0.017 4.213 0.049 0.133 0.02 -0.088 -0.009 0.086 0.07 0.026 0.005 -0.116 -0.071 0.015 -0.008
0.239 0.074 -0.048 0.012 -0.007 0.025 0.025 0.013 0.049 3.15 0.09 0.027 -0.027 0.001 0.069 0.064 0.035 0.007 -0.037 -0.021 0.016 -0.001
0.663 0.194 -0.097 0.032 -0.013 0.083 0.065 0.034 0.133 0.09 3.018 0.079 -0.052 0.008 0.187 0.176 0.101 0.019 -0.072 -0.038 0.043 0.001
0.005 0.054 -0.179 0.01 -0.03 -0.065 0.022 0.008 0.02 0.027 0.079 5.212 -0.115 -0.02 0.031 0.01 -0.018 -0.004 -0.149 -0.095 -0.001 -0.014
-0.656 -0.07 -0.321 -0.008 -0.057 -0.236 -0.014 -0.016 -0.088 -0.027 -0.052 -0.115 8.224 -0.054 -0.116 -0.153 -0.144 -0.028 -0.276 -0.183 -0.045 -0.033
-0.094 0 -0.082 0.001 -0.014 -0.047 0.002 -0.001 -0.009 0.001 0.008 -0.02 -0.054 6.582 -0.011 -0.02 -0.024 -0.005 -0.069 -0.045 -0.007 -0.008
0.36 0.146 -0.189 0.025 -0.03 -0.006 0.051 0.024 0.086 0.069 0.187 0.031 -0.116 -0.011 4.179 0.102 0.04 0.008 -0.153 -0.093 0.023 -0.01
0.24 0.132 -0.244 0.024 -0.04 -0.047 0.048 0.021 0.07 0.064 0.176 0.01 -0.153 -0.02 0.102 4.607 0.015 0.003 -0.2 -0.125 0.014 -0.016
0.013 0.069 -0.225 0.013 -0.038 -0.081 0.028 0.01 0.026 0.035 0.101 -0.018 -0.144 -0.024 0.04 0.015 5.181 -0.004 -0.186 -0.119 -0.001 -0.017
0.001 0.013 -0.044 0.003 -0.007 -0.016 0.005 0.002 0.005 0.007 0.019 -0.004 -0.028 -0.005 0.008 0.003 -0.004 5.226 -0.036 -0.023 0 -0.003
-0.854 -0.094 -0.407 -0.011 -0.073 -0.303 -0.02 -0.021 -0.116 -0.037 -0.072 -0.149 -0.276 -0.069 -0.153 -0.2 -0.186 -0.036 8.243 -0.233 -0.059 -0.043
-0.536 -0.055 -0.272 -0.006 -0.048 -0.196 -0.01 -0.013 -0.071 -0.021 -0.038 -0.095 -0.183 -0.045 -0.093 -0.125 -0.119 -0.023 -0.233 8.098 -0.037 -0.028
0.042 0.032 -0.072 0.006 -0.012 -0.019 0.012 0.005 0.015 0.016 0.043 -0.001 -0.045 -0.007 0.023 0.014 -0.001 0 -0.059 -0.037 4.797 -0.005
-0.071 -0.003 -0.05 0 -0.009 -0.031 0 -0.001 -0.008 -0.001 0.001 -0.014 -0.033 -0.008 -0.01 -0.016 -0.017 -0.003 -0.043 -0.028 -0.005 7.026

 Final eigenvalues for each cluster >> 
 (rows correspond to clusters)
9.493 8.929 8.072 7.417 7.415 6.71 6.558 5.837 5.643 5.248 4.753 4.497 4.3 4.161 3.83 3.676 3.59 3.47 3.412 3.402 1.632 1.445
8.893 8.593 8.441 8.401 8.252 7.031 6.594 5.985 5.227 5.227 5.202 4.794 4.713 4.533 4.153 4.055 3.663 3.334 3.115 2.889 2.783 2.772

 *************************************************

 ********************* rotation ******************

 *************************************************


 The orthogonal matrix Q >>
0.144 0.14 0.32 0.102 0.06 0.156 0.075 0.214 0.165 0.166 0.011 0.126 0.346 0.187 0.028 0.06 0.12 0.334 0.272 0.343 0.353 0.308
0.14 -0.983 0.039 0.012 0.007 0.019 0.009 0.026 0.02 0.02 0.001 0.015 0.042 0.023 0.003 0.007 0.015 0.041 0.033 0.042 0.043 0.038
0.32 0.039 -0.91 0.029 0.017 0.044 0.021 0.06 0.046 0.046 0.003 0.035 0.097 0.052 0.008 0.017 0.033 0.094 0.076 0.096 0.099 0.086
0.102 0.012 0.029 -0.991 0.005 0.014 0.007 0.019 0.015 0.015 0.001 0.011 0.031 0.017 0.002 0.005 0.011 0.03 0.024 0.031 0.032 0.028
0.06 0.007 0.017 0.005 -0.997 0.008 0.004 0.011 0.009 0.009 0.001 0.007 0.018 0.01 0.001 0.003 0.006 0.017 0.014 0.018 0.018 0.016
0.156 0.019 0.044 0.014 0.008 -0.979 0.01 0.029 0.023 0.023 0.001 0.017 0.047 0.026 0.004 0.008 0.016 0.046 0.037 0.047 0.048 0.042
0.075 0.009 0.021 0.007 0.004 0.01 -0.995 0.014 0.011 0.011 0.001 0.008 0.023 0.012 0.002 0.004 0.008 0.022 0.018 0.023 0.023 0.02
0.214 0.026 0.06 0.019 0.011 0.029 0.014 -0.96 0.031 0.031 0.002 0.024 0.065 0.035 0.005 0.011 0.022 0.063 0.051 0.064 0.066 0.058
0.165 0.02 0.046 0.015 0.009 0.023 0.011 0.031 -0.976 0.024 0.002 0.018 0.05 0.027 0.004 0.009 0.017 0.048 0.039 0.05 0.051 0.045
0.166 0.02 0.046 0.015 0.009 0.023 0.011 0.031 0.024 -0.976 0.002 0.018 0.05 0.027 0.004 0.009 0.017 0.048 0.039 0.05 0.051 0.045
0.011 0.001 0.003 0.001 0.001 0.001 0.001 0.002 0.002 0.002 -1 0.001 0.003 0.002 0 0.001 0.001 0.003 0.003 0.003 0.003 0.003
0.126 0.015 0.035 0.011 0.007 0.017 0.008 0.024 0.018 0.018 0.001 -0.986 0.038 0.021 0.003 0.007 0.013 0.037 0.03 0.038 0.039 0.034
0.346 0.042 0.097 0.031 0.018 0.047 0.023 0.065 0.05 0.05 0.003 0.038 -0.896 0.057 0.008 0.018 0.036 0.101 0.082 0.104 0.107 0.093
0.187 0.023 0.052 0.017 0.01 0.026 0.012 0.035 0.027 0.027 0.002 0.021 0.057 -0.969 0.005 0.01 0.02 0.055 0.045 0.056 0.058 0.05
0.028 0.003 0.008 0.002 0.001 0.004 0.002 0.005 0.004 0.004 0 0.003 0.008 0.005 -0.999 0.001 0.003 0.008 0.007 0.008 0.009 0.007
0.06 0.007 0.017 0.005 0.003 0.008 0.004 0.011 0.009 0.009 0.001 0.007 0.018 0.01 0.001 -0.997 0.006 0.018 0.014 0.018 0.019 0.016
0.12 0.015 0.033 0.011 0.006 0.016 0.008 0.022 0.017 0.017 0.001 0.013 0.036 0.02 0.003 0.006 -0.988 0.035 0.028 0.036 0.037 0.032
0.334 0.041 0.094 0.03 0.017 0.046 0.022 0.063 0.048 0.048 0.003 0.037 0.101 0.055 0.008 0.018 0.035 -0.902 0.08 0.1 0.103 0.09
0.272 0.033 0.076 0.024 0.014 0.037 0.018 0.051 0.039 0.039 0.003 0.03 0.082 0.045 0.007 0.014 0.028 0.08 -0.935 0.082 0.084 0.073
0.343 0.042 0.096 0.031 0.018 0.047 0.023 0.064 0.05 0.05 0.003 0.038 0.104 0.056 0.008 0.018 0.036 0.1 0.082 -0.897 0.106 0.092
0.353 0.043 0.099 0.032 0.018 0.048 0.023 0.066 0.051 0.051 0.003 0.039 0.107 0.058 0.009 0.019 0.037 0.103 0.084 0.106 -0.891 0.095
0.308 0.038 0.086 0.028 0.016 0.042 0.02 0.058 0.045 0.045 0.003 0.034 0.093 0.05 0.007 0.016 0.032 0.09 0.073 0.092 0.095 -0.917

 Mean vectors and covariance matrices after rotation --- 1th cluster >>

 mean vector (mu'=Q*mu)>>
-0.642 -0.515 -2.853 -1.826 -1.415 -0.51 -1.41 -1.231 -1.074 -1.192 -1.598 -2.324 -0.873 -2.95 -2.927 -0.094 -3.012 -1.333 -2.732 -1.02 -0.235 -2.631

 covariance matrix (Sigma'=Q*Sigma*t(Q))>>

3.905 0.096 0.095 -0.041 0.074 -0.099 0.222 -0.918 -0.057 0.054 -0.006 -0.237 0.584 -0.273 -0.182 0.263 -0.369 -0.145 -0.346 0.272 0.279 -0.402
0.096 3.489 0.032 0.001 0.035 -0.032 0.046 -0.16 -0.01 0.013 0.002 -0.046 0.094 -0.048 -0.024 0.05 -0.082 -0.033 -0.069 0.077 0.059 -0.095
0.095 0.032 1.768 0.134 0.242 -0.099 0.091 0.438 0.016 0.049 0.06 -0.002 -0.052 0.032 0.187 0.042 -0.082 -0.016 0.062 0.29 0.095 -0.147
-0.041 0.001 0.134 6.542 0.005 -0.048 0.006 -0.26 0.011 0.019 0.009 0.038 -0.063 0.073 -0.05 -0.027 -0.002 -0.04 -0.108 0.013 -0.016 -0.024
0.074 0.035 0.242 0.005 6.72 -0.031 0.087 -0.266 0.035 0.065 0.052 0.073 0.117 0.117 -0.041 0.026 0.043 -0.025 -0.119 0.04 0.032 0.014
-0.099 -0.032 -0.099 -0.048 -0.031 9.469 -0.08 -0.197 -0.031 -0.048 -0.054 -0.052 -0.148 -0.063 -0.063 -0.044 -0.074 -0.036 -0.053 -0.04 -0.043 -0.065
0.222 0.046 0.091 0.006 0.087 -0.08 3.786 -0.374 -0.022 0.034 0.007 -0.101 0.212 -0.103 -0.053 0.114 -0.189 -0.08 -0.166 0.186 0.136 -0.223
-0.918 -0.16 0.438 -0.26 -0.266 -0.197 -0.374 6.448 0.036 -0.065 -0.102 0.308 -1.118 0.501 -0.436 -0.491 0.17 -0.197 -0.556 -0.42 -0.474 0.126
-0.057 -0.01 0.016 0.011 0.035 -0.031 -0.022 0.036 4.496 -0.006 -0.003 0.007 -0.113 0.02 0.02 -0.03 -0.015 -0.013 -0.002 0.029 -0.018 -0.027
0.054 0.013 0.049 0.019 0.065 -0.048 0.034 -0.065 -0.006 3.602 0.006 -0.029 0.012 -0.02 0.008 0.027 -0.074 -0.033 -0.049 0.098 0.044 -0.096
-0.006 0.002 0.06 0.009 0.052 -0.054 0.007 -0.102 -0.003 0.006 4.753 -0.01 -0.061 0.008 -0.004 -0.004 -0.057 -0.037 -0.06 0.071 0.013 -0.08
-0.237 -0.046 -0.002 0.038 0.073 -0.052 -0.101 0.308 0.007 -0.029 -0.01 4.357 -0.393 0.091 0.093 -0.123 0.031 0.001 0.077 0.019 -0.097 0.009
0.584 0.094 -0.052 -0.063 0.117 -0.148 0.212 -1.118 -0.113 0.012 -0.061 -0.393 2.056 -0.468 -0.226 0.317 -0.581 -0.206 -0.416 0.369 0.346 -0.615
-0.273 -0.048 0.032 0.073 0.117 -0.063 -0.103 0.501 0.02 -0.02 0.008 0.091 -0.468 3.97 0.154 -0.144 0.062 0.014 0.127 0.051 -0.108 0.029
-0.182 -0.024 0.187 -0.05 -0.041 -0.063 -0.053 -0.436 0.02 0.008 -0.004 0.093 -0.226 0.154 7.312 -0.102 0.045 -0.056 -0.164 -0.064 -0.092 0.021
0.263 0.05 0.042 -0.027 0.026 -0.044 0.114 -0.491 -0.03 0.027 -0.004 -0.123 0.317 -0.144 -0.102 3.55 -0.185 -0.073 -0.18 0.127 0.143 -0.198
-0.369 -0.082 -0.082 -0.002 0.043 -0.074 -0.189 0.17 -0.015 -0.074 -0.057 0.031 -0.581 0.062 0.045 -0.185 5.237 -0.026 0.042 -0.032 -0.157 -0.026
-0.145 -0.033 -0.016 -0.04 -0.025 -0.036 -0.08 -0.197 -0.013 -0.033 -0.037 0.001 -0.206 0.014 -0.056 -0.073 -0.026 7.382 -0.064 -0.046 -0.067 -0.029
-0.346 -0.069 0.062 -0.108 -0.119 -0.053 -0.166 -0.556 -0.002 -0.049 -0.06 0.077 -0.416 0.127 -0.164 -0.18 0.042 -0.064 8.757 -0.183 -0.181 0.042
0.272 0.077 0.29 0.013 0.04 -0.04 0.186 -0.42 0.029 0.098 0.071 0.019 0.369 0.051 -0.064 0.127 -0.032 -0.046 -0.183 5.967 0.135 -0.07
0.279 0.059 0.095 -0.016 0.032 -0.043 0.136 -0.474 -0.018 0.044 0.013 -0.097 0.346 -0.108 -0.092 0.143 -0.157 -0.067 -0.181 0.135 4.31 -0.177
-0.402 -0.095 -0.147 -0.024 0.014 -0.065 -0.223 0.126 -0.027 -0.096 -0.08 0.009 -0.615 0.029 0.021 -0.198 -0.026 -0.029 0.042 -0.07 -0.177 5.614

 Mean vectors and covariance matrices after rotation --- 2th cluster >>

 mean vector (mu'=Q*mu)>>
0.642 0.515 2.853 1.826 1.415 0.51 1.41 1.231 1.074 1.192 1.598 2.324 0.873 2.95 2.927 0.094 3.012 1.333 2.732 1.02 0.235 2.631

 covariance matrix (Sigma'=Q*Sigma*t(Q))>>

2.779 0.038 -0.029 0.003 0.011 -0.001 0.017 0.096 0.019 0.019 -0.021 -0.005 0.006 -0.044 -0.049 0.01 -0.016 0.045 -0.013 0.028 0.03 -0.06
0.038 4.598 -0.03 0.012 0.05 -0.039 0.051 0.151 0.006 0.101 -0.042 -0.193 0.02 -0.183 -0.162 0.132 -0.014 -0.033 -0.239 0.013 0.084 -0.07
-0.029 -0.03 5.146 0.017 -0.02 0.015 -0.047 -0.143 0.011 -0.113 -0.069 0.087 0.012 -0.088 -0.124 -0.219 -0.049 0.113 0.086 0.022 -0.084 -0.207
0.003 0.012 0.017 3.719 0.028 0.022 0.017 0.212 0.042 -0.026 -0.005 0.111 0.031 0.014 -0.009 -0.116 0.043 0.118 0.119 0.051 -0.029 -0.071
0.011 0.05 -0.02 0.028 3.142 0.006 0.03 0.21 0.039 0.017 -0.024 0.034 0.021 -0.044 -0.058 -0.028 0.005 0.095 0.028 0.053 0.025 -0.09
-0.001 -0.039 0.015 0.022 0.006 8.397 -0.014 -0.071 -0.014 -0.025 -0.005 -0.021 0.011 -0.03 -0.029 -0.055 0.018 -0.022 -0.026 -0.02 -0.043 -0.011
0.017 0.051 -0.047 0.017 0.03 -0.014 4.181 0.13 0.022 0.036 -0.048 -0.066 0.019 -0.131 -0.134 0.015 -0.022 0.048 -0.092 0.034 0.04 -0.12
0.096 0.151 -0.143 0.212 0.21 -0.071 0.13 5.393 0.103 0.111 -0.242 -0.328 0.161 -0.727 -0.748 -0.149 0.011 0.249 -0.473 0.151 0.058 -0.649
0.019 0.006 0.011 0.042 0.039 -0.014 0.022 0.103 5.234 0.025 -0.019 -0.066 0.028 -0.092 -0.087 -0.009 0.028 0.004 -0.088 0.008 0 -0.05
0.019 0.101 -0.113 -0.026 0.017 -0.025 0.036 0.111 0.025 3.401 -0.078 -0.118 0.002 -0.19 -0.191 0.092 -0.086 0.053 -0.156 0.047 0.1 -0.173
-0.021 -0.042 -0.069 -0.005 -0.024 -0.005 -0.048 -0.242 -0.019 -0.078 6.535 -0.017 0 -0.108 -0.122 -0.126 -0.055 0.016 -0.028 -0.016 -0.063 -0.14
-0.005 -0.193 0.087 0.111 0.034 -0.021 -0.066 -0.328 -0.066 -0.118 -0.017 8.496 0.054 -0.13 -0.122 -0.26 0.099 -0.11 -0.122 -0.097 -0.211 -0.036
0.006 0.02 0.012 0.031 0.021 0.011 0.019 0.161 0.028 0.002 0 0.054 2.907 0.009 -0.002 -0.04 0.027 0.066 0.058 0.034 0 -0.031
-0.044 -0.183 -0.088 0.014 -0.044 -0.03 -0.131 -0.727 -0.092 -0.19 -0.108 -0.13 0.009 8.186 -0.264 -0.297 -0.072 -0.092 -0.166 -0.108 -0.208 -0.223
-0.049 -0.162 -0.124 -0.009 -0.058 -0.029 -0.134 -0.748 -0.087 -0.191 -0.122 -0.122 -0.002 -0.264 7.975 -0.283 -0.107 -0.072 -0.157 -0.098 -0.188 -0.255
0.01 0.132 -0.219 -0.116 -0.028 -0.055 0.015 -0.149 -0.009 0.092 -0.126 -0.26 -0.04 -0.297 -0.283 3.002 -0.207 -0.023 -0.319 0.018 0.164 -0.223
-0.016 -0.014 -0.049 0.043 0.005 0.018 -0.022 0.011 0.028 -0.086 -0.055 0.099 0.027 -0.072 -0.107 -0.207 4.782 0.134 0.099 0.04 -0.071 -0.188
0.045 -0.033 0.113 0.118 0.095 -0.022 0.048 0.249 0.004 0.053 0.016 -0.11 0.066 -0.092 -0.072 -0.023 0.134 5.944 -0.141 -0.009 -0.035 0.027
-0.013 -0.239 0.086 0.119 0.028 -0.026 -0.092 -0.473 -0.088 -0.156 -0.028 -0.122 0.058 -0.166 -0.157 -0.319 0.099 -0.141 8.741 -0.125 -0.26 -0.056
0.028 0.013 0.022 0.051 0.053 -0.02 0.034 0.151 0.008 0.047 -0.016 -0.097 0.034 -0.108 -0.098 0.018 0.04 -0.009 -0.125 5.21 0.012 -0.039
0.03 0.084 -0.084 -0.029 0.025 -0.043 0.04 0.058 0 0.1 -0.063 -0.211 0 -0.208 -0.188 0.164 -0.071 -0.035 -0.26 0.012 4.164 -0.105
-0.06 -0.07 -0.207 -0.071 -0.09 -0.011 -0.12 -0.649 -0.05 -0.173 -0.14 -0.036 -0.031 -0.223 -0.255 -0.223 -0.188 0.027 -0.056 -0.039 -0.105 6.718

 Final eigenvalues for each cluster >> 
 (rows correspond to clusters)
9.493 8.929 8.072 7.417 7.415 6.71 6.558 5.837 5.643 5.248 4.753 4.497 4.3 4.161 3.83 3.676 3.59 3.47 3.412 3.402 1.632 1.445
8.893 8.593 8.441 8.401 8.252 7.031 6.594 5.985 5.227 5.227 5.202 4.794 4.713 4.533 4.153 4.055 3.663 3.334 3.115 2.889 2.783 2.772

 theoretical Separation index matrix >>

-1 0.34
0.34 -1

 theoretical projection directions >>

**** cluster 1 and 2
0.15 0.085 0.421 0.169 0.118 0.05 0.206 0.204 0.118 0.205 0.172 0.204 0.337 0.294 0.24 0.117 0.345 0.109 0.195 0.069 0.061 0.298

 empirical Separation index matrix (alpha= 0.05 )>>

-1 0.424
0.424 -1

 empirical projection directions >>

**** cluster 1 and 2
0.177 0.073 0.476 0.267 0.106 -0.014 -0.026 0.233 0.267 -0.013 0.176 0.247 0.1 0.27 0.189 -0.188 0.299 0.215 0.13 -0.059 0.162 0.315
