
 Log information for the data set datasetJHG2v24nv0out0_1.dat >>

 alpha = 0.05 sepVal = 0.34

 Number of clusters >> 2

 cluster sizes >>
50 50

 Number of data points >> 100

 Number of dimensions >> 24

 Number of noisy dimensions >> 0

 noisy variables >>
0

 Number of outliers >> 0

 initial eigenvalues for each cluster >> 
 (rows correspond to clusters)
6.025 3.812 5.234 9.338 2.625 3.701 9.289 4.033 3.051 3.397 9.003 3.026 1.936 2.148 4.797 3.742 9.662 7.964 4.733 5.286 1.712 4.341 2.284 7.192
2.791 2.349 3.61 7.268 4.978 8.667 4.012 9.886 8.165 4.858 1.642 1.096 5.391 5.685 2.809 3.984 7.563 5.323 5.628 4.421 6.704 2.962 3.504 6.346

 Mean vectors and covariance matrices before rotation --- 1th cluster >>

 mean vector (mu'=Q*mu)>>
-8.552 0 0 0 0 0 0 0 0 0 0 0 0 0 0 0 0 0 0 0 0 0 0 0

 covariance matrix (Sigma'=Q*Sigma*t(Q))>>

4.822 0.046 -0.032 -0.486 0.008 0.072 -0.721 0.247 0.533 0.192 -0.464 0.064 0.851 0.618 0.052 0.184 -1.38 -0.009 0.099 -0.037 0.847 0.262 0.695 -0.229
0.046 3.815 0.016 -0.006 0 0.005 -0.009 0.02 0.029 0.011 -0.005 0.003 0.038 0.028 0.011 0.013 -0.019 0 0.017 0.012 0.037 0.026 0.032 0
-0.032 0.016 5.276 -0.085 0.002 0.024 -0.126 0.092 0.159 0.06 -0.08 0.019 0.229 0.169 0.038 0.062 -0.246 -0.001 0.065 0.031 0.225 0.114 0.191 -0.03
-0.486 -0.006 -0.085 9.263 0 -0.008 -0.112 -0.044 -0.028 -0.015 -0.074 -0.003 -0.003 -0.006 -0.041 -0.022 -0.206 -0.002 -0.064 -0.069 0.002 -0.073 -0.01 -0.051
0.008 0 0.002 0 2.625 0.001 0 0.003 0.004 0.001 0 0 0.004 0.003 0.001 0.002 -0.001 0 0.002 0.002 0.004 0.004 0.004 0
0.072 0.005 0.024 -0.008 0.001 3.708 -0.012 0.029 0.043 0.017 -0.007 0.005 0.055 0.041 0.016 0.019 -0.025 0 0.026 0.019 0.054 0.039 0.048 0.001
-0.721 -0.009 -0.126 -0.112 0 -0.012 9.122 -0.064 -0.04 -0.022 -0.111 -0.005 -0.003 -0.008 -0.061 -0.033 -0.308 -0.003 -0.094 -0.102 0.005 -0.108 -0.013 -0.076
0.247 0.02 0.092 -0.044 0.003 0.029 -0.064 4.152 0.177 0.07 -0.038 0.021 0.235 0.175 0.063 0.076 -0.131 0 0.103 0.071 0.228 0.158 0.201 -0.001
0.533 0.029 0.159 -0.028 0.004 0.043 -0.04 0.177 3.3 0.1 -0.021 0.03 0.317 0.238 0.101 0.112 -0.091 0 0.164 0.124 0.305 0.242 0.274 0.019
0.192 0.011 0.06 -0.015 0.001 0.017 -0.022 0.07 0.1 3.438 -0.012 0.012 0.129 0.097 0.039 0.044 -0.048 0 0.064 0.047 0.124 0.095 0.111 0.005
-0.464 -0.005 -0.08 -0.074 0 -0.007 -0.111 -0.038 -0.021 -0.012 8.929 -0.002 0.005 0 -0.038 -0.019 -0.205 -0.002 -0.059 -0.064 0.01 -0.066 -0.003 -0.05
0.064 0.003 0.019 -0.003 0 0.005 -0.005 0.021 0.03 0.012 -0.002 3.03 0.038 0.028 0.012 0.013 -0.011 0 0.02 0.015 0.036 0.029 0.033 0.002
0.851 0.038 0.229 -0.003 0.004 0.055 -0.003 0.235 0.317 0.129 0.005 0.038 2.324 0.293 0.141 0.146 -0.027 0.001 0.227 0.18 0.372 0.326 0.339 0.045
0.618 0.028 0.169 -0.006 0.003 0.041 -0.008 0.175 0.238 0.097 0 0.028 0.293 2.37 0.104 0.109 -0.031 0.001 0.168 0.132 0.281 0.243 0.255 0.031
0.052 0.011 0.038 -0.041 0.001 0.016 -0.061 0.063 0.101 0.039 -0.038 0.012 0.141 0.104 4.826 0.042 -0.12 -0.001 0.049 0.029 0.137 0.08 0.119 -0.011
0.184 0.013 0.062 -0.022 0.002 0.019 -0.033 0.076 0.112 0.044 -0.019 0.013 0.146 0.109 0.042 3.791 -0.068 0 0.068 0.048 0.141 0.102 0.125 0.002
-1.38 -0.019 -0.246 -0.206 -0.001 -0.025 -0.308 -0.131 -0.091 -0.048 -0.205 -0.011 -0.027 -0.031 -0.12 -0.068 9.096 -0.005 -0.188 -0.198 -0.013 -0.217 -0.044 -0.144
-0.009 0 -0.001 -0.002 0 0 -0.003 0 0 0 -0.002 0 0.001 0.001 -0.001 0 -0.005 7.964 -0.001 -0.001 0.001 -0.001 0.001 -0.001
0.099 0.017 0.065 -0.064 0.002 0.026 -0.094 0.103 0.164 0.064 -0.059 0.02 0.227 0.168 0.049 0.068 -0.188 -0.001 4.815 0.049 0.222 0.132 0.192 -0.016
-0.037 0.012 0.031 -0.069 0.002 0.019 -0.102 0.071 0.124 0.047 -0.064 0.015 0.18 0.132 0.029 0.048 -0.198 -0.001 0.049 5.309 0.177 0.087 0.15 -0.025
0.847 0.037 0.225 0.002 0.004 0.054 0.005 0.228 0.305 0.124 0.01 0.036 0.372 0.281 0.137 0.141 -0.013 0.001 0.222 0.177 2.068 0.317 0.325 0.046
0.262 0.026 0.114 -0.073 0.004 0.039 -0.108 0.158 0.242 0.095 -0.066 0.029 0.326 0.243 0.08 0.102 -0.217 -0.001 0.132 0.087 0.317 4.548 0.277 -0.011
0.695 0.032 0.191 -0.01 0.004 0.048 -0.013 0.201 0.274 0.111 -0.003 0.033 0.339 0.255 0.119 0.125 -0.044 0.001 0.192 0.15 0.325 0.277 2.579 0.034
-0.229 0 -0.03 -0.051 0 0.001 -0.076 -0.001 0.019 0.005 -0.05 0.002 0.045 0.031 -0.011 0.002 -0.144 -0.001 -0.016 -0.025 0.046 -0.011 0.034 7.162

 Mean vectors and covariance matrices before rotation --- 2th cluster >>

 mean vector (mu'=Q*mu)>>
8.552 0 0 0 0 0 0 0 0 0 0 0 0 0 0 0 0 0 0 0 0 0 0 0

 covariance matrix (Sigma'=Q*Sigma*t(Q))>>

5.397 0.041 0.019 -0.833 0.014 -0.153 0.226 -1.644 -0.284 0.013 0.336 0.587 -0.053 -0.066 0.795 0.28 -0.184 -0.075 -0.17 0.176 -0.231 0.04 0.411 -0.201
0.041 2.35 0 -0.009 0.001 -0.002 0.004 -0.02 -0.003 0.001 0.005 0.009 0 0 0.013 0.005 -0.002 0.001 -0.001 0.004 -0.002 0.001 0.007 -0.002
0.019 0 3.61 -0.013 -0.001 -0.002 0.001 -0.022 -0.004 0 0.003 0.005 -0.002 -0.002 0.006 0.001 -0.003 -0.004 -0.005 -0.001 -0.004 0 0.002 -0.004
-0.833 -0.009 -0.013 6.44 -0.255 -0.113 -0.243 -1.041 -0.228 -0.091 -0.034 -0.025 -0.252 -0.178 -0.258 -0.29 -0.168 -0.444 -0.496 -0.348 -0.282 -0.015 -0.253 -0.296
0.014 0.001 -0.001 -0.255 4.921 -0.038 -0.038 -0.367 -0.074 -0.02 0.019 0.04 -0.062 -0.046 0.004 -0.044 -0.053 -0.107 -0.127 -0.066 -0.083 0 -0.026 -0.083
-0.153 -0.002 -0.002 -0.113 -0.038 8.653 -0.038 -0.135 -0.03 -0.014 -0.009 -0.01 -0.037 -0.025 -0.047 -0.046 -0.023 -0.065 -0.071 -0.053 -0.039 -0.003 -0.042 -0.041
0.226 0.004 0.001 -0.243 -0.038 -0.038 4.005 -0.387 -0.074 -0.012 0.041 0.076 -0.046 -0.037 0.068 -0.007 -0.051 -0.079 -0.1 -0.03 -0.076 0.003 0.017 -0.073
-1.644 -0.02 -0.022 -1.041 -0.367 -0.135 -0.387 8.682 -0.277 -0.133 -0.107 -0.137 -0.351 -0.243 -0.507 -0.464 -0.209 -0.622 -0.68 -0.528 -0.364 -0.028 -0.434 -0.388
-0.284 -0.003 -0.004 -0.228 -0.074 -0.03 -0.074 -0.277 8.103 -0.027 -0.015 -0.017 -0.072 -0.051 -0.088 -0.089 -0.046 -0.128 -0.142 -0.104 -0.079 -0.005 -0.08 -0.083
0.013 0.001 0 -0.091 -0.02 -0.014 -0.012 -0.133 -0.027 4.851 0.008 0.016 -0.022 -0.016 0.004 -0.015 -0.019 -0.038 -0.045 -0.022 -0.029 0 -0.008 -0.03
0.336 0.005 0.003 -0.034 0.019 -0.009 0.041 -0.107 -0.015 0.008 1.68 0.065 0.011 0.005 0.103 0.05 -0.008 0.022 0.015 0.042 -0.006 0.005 0.061 -0.002
0.587 0.009 0.005 -0.025 0.04 -0.01 0.076 -0.137 -0.017 0.016 0.065 1.204 0.028 0.015 0.18 0.093 -0.008 0.053 0.043 0.083 0.001 0.009 0.111 0.008
-0.053 0 -0.002 -0.252 -0.062 -0.037 -0.046 -0.351 -0.072 -0.022 0.011 0.028 5.326 -0.047 -0.017 -0.055 -0.052 -0.113 -0.132 -0.075 -0.083 -0.001 -0.038 -0.084
-0.066 0 -0.002 -0.178 -0.046 -0.025 -0.037 -0.243 -0.051 -0.016 0.005 0.015 -0.047 5.651 -0.021 -0.044 -0.037 -0.083 -0.096 -0.057 -0.059 -0.001 -0.033 -0.06
0.795 0.013 0.006 -0.258 0.004 -0.047 0.068 -0.507 -0.088 0.004 0.103 0.18 -0.017 -0.021 3.051 0.085 -0.057 -0.025 -0.054 0.053 -0.072 0.012 0.125 -0.063
0.28 0.005 0.001 -0.29 -0.044 -0.046 -0.007 -0.464 -0.089 -0.015 0.05 0.093 -0.055 -0.044 0.085 3.977 -0.061 -0.094 -0.119 -0.035 -0.09 0.004 0.022 -0.088
-0.184 -0.002 -0.003 -0.168 -0.053 -0.023 -0.051 -0.209 -0.046 -0.019 -0.008 -0.008 -0.052 -0.037 -0.057 -0.061 7.529 -0.092 -0.102 -0.073 -0.058 -0.003 -0.054 -0.06
-0.075 0.001 -0.004 -0.444 -0.107 -0.065 -0.079 -0.622 -0.128 -0.038 0.022 0.053 -0.113 -0.083 -0.025 -0.094 -0.092 5.125 -0.23 -0.13 -0.146 -0.002 -0.064 -0.148
-0.17 -0.001 -0.005 -0.496 -0.127 -0.071 -0.1 -0.68 -0.142 -0.045 0.015 0.043 -0.132 -0.096 -0.054 -0.119 -0.102 -0.23 5.363 -0.158 -0.164 -0.004 -0.088 -0.168
0.176 0.004 -0.001 -0.348 -0.066 -0.053 -0.03 -0.528 -0.104 -0.022 0.042 0.083 -0.075 -0.057 0.053 -0.035 -0.073 -0.13 -0.158 4.356 -0.11 0.002 -0.005 -0.109
-0.231 -0.002 -0.004 -0.282 -0.083 -0.039 -0.076 -0.364 -0.079 -0.029 -0.006 0.001 -0.083 -0.059 -0.072 -0.09 -0.058 -0.146 -0.164 -0.11 6.609 -0.004 -0.076 -0.099
0.04 0.001 0 -0.015 0 -0.003 0.003 -0.028 -0.005 0 0.005 0.009 -0.001 -0.001 0.012 0.004 -0.003 -0.002 -0.004 0.002 -0.004 2.962 0.006 -0.004
0.411 0.007 0.002 -0.253 -0.026 -0.042 0.017 -0.434 -0.08 -0.008 0.061 0.111 -0.038 -0.033 0.125 0.022 -0.054 -0.064 -0.088 -0.005 -0.076 0.006 3.555 -0.072
-0.201 -0.002 -0.004 -0.296 -0.083 -0.041 -0.073 -0.388 -0.083 -0.03 -0.002 0.008 -0.084 -0.06 -0.063 -0.088 -0.06 -0.148 -0.168 -0.109 -0.099 -0.004 -0.072 6.243

 Final eigenvalues for each cluster >> 
 (rows correspond to clusters)
9.662 9.338 9.289 9.003 7.964 7.192 6.025 5.286 5.234 4.797 4.733 4.341 4.033 3.812 3.742 3.701 3.397 3.051 3.026 2.625 2.284 2.148 1.936 1.712
9.886 8.667 8.165 7.563 7.268 6.704 6.346 5.685 5.628 5.391 5.323 4.978 4.858 4.421 4.012 3.984 3.61 3.504 2.962 2.809 2.791 2.349 1.642 1.096

 *************************************************

 ********************* rotation ******************

 *************************************************


 The orthogonal matrix Q >>
0.083 0.118 0.235 0.297 0.245 0.104 0.179 0.219 0.014 0.142 0.106 0.082 0.071 0.336 0.243 0.329 0.047 0.301 0.292 0.109 0.134 0.24 0.247 0.185
0.118 -0.987 0.026 0.032 0.027 0.011 0.02 0.024 0.002 0.016 0.012 0.009 0.008 0.037 0.027 0.036 0.005 0.033 0.032 0.012 0.015 0.026 0.027 0.02
0.235 0.026 -0.949 0.065 0.053 0.023 0.039 0.048 0.003 0.031 0.023 0.018 0.016 0.073 0.053 0.072 0.01 0.065 0.063 0.024 0.029 0.052 0.054 0.04
0.297 0.032 0.065 -0.919 0.067 0.029 0.049 0.06 0.004 0.039 0.029 0.023 0.02 0.092 0.067 0.09 0.013 0.082 0.08 0.03 0.037 0.066 0.068 0.051
0.245 0.027 0.053 0.067 -0.944 0.024 0.041 0.05 0.003 0.032 0.024 0.019 0.016 0.076 0.055 0.075 0.011 0.068 0.066 0.025 0.03 0.054 0.056 0.042
0.104 0.011 0.023 0.029 0.024 -0.99 0.017 0.021 0.001 0.014 0.01 0.008 0.007 0.032 0.023 0.032 0.005 0.029 0.028 0.01 0.013 0.023 0.024 0.018
0.179 0.02 0.039 0.049 0.041 0.017 -0.97 0.036 0.002 0.023 0.018 0.014 0.012 0.056 0.04 0.054 0.008 0.05 0.048 0.018 0.022 0.04 0.041 0.031
0.219 0.024 0.048 0.06 0.05 0.021 0.036 -0.956 0.003 0.029 0.022 0.017 0.014 0.068 0.049 0.067 0.009 0.061 0.059 0.022 0.027 0.049 0.05 0.037
0.014 0.002 0.003 0.004 0.003 0.001 0.002 0.003 -1 0.002 0.001 0.001 0.001 0.004 0.003 0.004 0.001 0.004 0.004 0.001 0.002 0.003 0.003 0.002
0.142 0.016 0.031 0.039 0.032 0.014 0.023 0.029 0.002 -0.981 0.014 0.011 0.009 0.044 0.032 0.043 0.006 0.039 0.038 0.014 0.018 0.031 0.032 0.024
0.106 0.012 0.023 0.029 0.024 0.01 0.018 0.022 0.001 0.014 -0.99 0.008 0.007 0.033 0.024 0.032 0.005 0.03 0.029 0.011 0.013 0.024 0.024 0.018
0.082 0.009 0.018 0.023 0.019 0.008 0.014 0.017 0.001 0.011 0.008 -0.994 0.005 0.026 0.018 0.025 0.004 0.023 0.022 0.008 0.01 0.018 0.019 0.014
0.071 0.008 0.016 0.02 0.016 0.007 0.012 0.014 0.001 0.009 0.007 0.005 -0.995 0.022 0.016 0.022 0.003 0.02 0.019 0.007 0.009 0.016 0.016 0.012
0.336 0.037 0.073 0.092 0.076 0.032 0.056 0.068 0.004 0.044 0.033 0.026 0.022 -0.896 0.075 0.102 0.015 0.093 0.091 0.034 0.042 0.075 0.077 0.057
0.243 0.027 0.053 0.067 0.055 0.023 0.04 0.049 0.003 0.032 0.024 0.018 0.016 0.075 -0.945 0.074 0.011 0.068 0.065 0.024 0.03 0.054 0.056 0.042
0.329 0.036 0.072 0.09 0.075 0.032 0.054 0.067 0.004 0.043 0.032 0.025 0.022 0.102 0.074 -0.9 0.014 0.091 0.089 0.033 0.041 0.073 0.075 0.056
0.047 0.005 0.01 0.013 0.011 0.005 0.008 0.009 0.001 0.006 0.005 0.004 0.003 0.015 0.011 0.014 -0.998 0.013 0.013 0.005 0.006 0.01 0.011 0.008
0.301 0.033 0.065 0.082 0.068 0.029 0.05 0.061 0.004 0.039 0.03 0.023 0.02 0.093 0.068 0.091 0.013 -0.916 0.081 0.03 0.037 0.067 0.069 0.051
0.292 0.032 0.063 0.08 0.066 0.028 0.048 0.059 0.004 0.038 0.029 0.022 0.019 0.091 0.065 0.089 0.013 0.081 -0.921 0.029 0.036 0.065 0.067 0.05
0.109 0.012 0.024 0.03 0.025 0.01 0.018 0.022 0.001 0.014 0.011 0.008 0.007 0.034 0.024 0.033 0.005 0.03 0.029 -0.989 0.013 0.024 0.025 0.019
0.134 0.015 0.029 0.037 0.03 0.013 0.022 0.027 0.002 0.018 0.013 0.01 0.009 0.042 0.03 0.041 0.006 0.037 0.036 0.013 -0.983 0.03 0.031 0.023
0.24 0.026 0.052 0.066 0.054 0.023 0.04 0.049 0.003 0.031 0.024 0.018 0.016 0.075 0.054 0.073 0.01 0.067 0.065 0.024 0.03 -0.947 0.055 0.041
0.247 0.027 0.054 0.068 0.056 0.024 0.041 0.05 0.003 0.032 0.024 0.019 0.016 0.077 0.056 0.075 0.011 0.069 0.067 0.025 0.031 0.055 -0.943 0.042
0.185 0.02 0.04 0.051 0.042 0.018 0.031 0.037 0.002 0.024 0.018 0.014 0.012 0.057 0.042 0.056 0.008 0.051 0.05 0.019 0.023 0.041 0.042 -0.968

 Mean vectors and covariance matrices after rotation --- 1th cluster >>

 mean vector (mu'=Q*mu)>>
-0.91 -1.146 -2.494 -2.574 -1.582 -0.611 -2.116 -1.533 -0.706 -2.813 -2.875 -0.928 -2.056 -2.537 -2.013 -1.872 -2.098 -0.401 -1.013 -0.704 -1.211 -0.891 -0.12 -2.077

 covariance matrix (Sigma'=Q*Sigma*t(Q))>>

8.987 -0.056 0.01 0.011 -0.001 -0.105 0.016 -0.026 -0.128 0.09 0.091 -0.043 -0.038 -0.035 -0.024 -0.002 0.136 -0.015 0.038 0.028 0.018 0.025 -0.117 0.026
-0.056 1.812 -0.071 -0.374 -0.133 0.141 0.028 -0.122 -0.135 -0.148 -0.041 0.062 0.04 -0.334 -0.011 -0.011 -0.143 0.165 -0.063 -0.032 -0.022 -0.041 0.165 -0.097
0.01 -0.071 4.757 -0.22 -0.038 -0.134 0.036 -0.013 0.112 0.091 0.135 0.016 0.006 -0.206 0.018 0.018 0.17 0.293 0.035 0.034 0.027 0.027 -0.112 0.021
0.011 -0.374 -0.22 7.572 -0.125 -0.412 -0.297 -0.017 -0.591 -0.157 -0.218 -0.095 -0.263 -0.311 -0.179 -0.208 0.038 0.466 -0.047 -0.03 -0.116 -0.056 -0.293 -0.163
-0.001 -0.133 -0.038 -0.125 7.158 -0.181 -0.053 -0.016 -0.167 0.034 0.027 -0.041 -0.078 -0.126 -0.048 -0.044 0.119 0.164 0.018 0.016 -0.011 0.007 -0.155 -0.017
-0.105 0.141 -0.134 -0.412 -0.181 2.15 0.006 -0.196 -0.436 -0.24 -0.115 0.042 0.009 -0.391 -0.063 -0.047 -0.247 0.035 -0.099 -0.057 -0.049 -0.068 0.232 -0.156
0.016 0.028 0.036 -0.297 -0.053 0.006 2.355 -0.011 0.305 0.023 0.103 0.082 0.082 -0.24 0.065 0.048 0.055 0.346 0.004 0.014 0.028 0.01 0.034 0.005
-0.026 -0.122 -0.013 -0.017 -0.016 -0.196 -0.011 9.243 -0.282 0.113 0.106 -0.079 -0.089 -0.081 -0.061 -0.028 0.2 0.007 0.049 0.037 0.012 0.03 -0.204 0.019
-0.128 -0.135 0.112 -0.591 -0.167 -0.436 0.305 -0.282 5.704 0.525 0.755 -0.076 -0.02 -0.783 -0.023 0.104 0.818 0.441 0.203 0.182 0.165 0.156 -0.482 0.136
0.09 -0.148 0.091 -0.157 0.034 -0.24 0.023 0.113 0.525 3.917 0.173 0.044 0.033 -0.093 0.081 0.047 0.264 0.488 0.068 0.055 0.046 0.051 -0.196 0.083
0.091 -0.041 0.135 -0.218 0.027 -0.115 0.103 0.106 0.755 0.173 2.37 0.106 0.125 -0.136 0.142 0.103 0.224 0.528 0.062 0.055 0.071 0.055 -0.079 0.1
-0.043 0.062 0.016 -0.095 -0.041 0.042 0.082 -0.079 -0.076 0.044 0.106 5.292 0.031 -0.133 0.004 0.031 0.054 -0.021 0.014 0.017 0.028 0.015 0.021 0.009
-0.038 0.04 0.006 -0.263 -0.078 0.009 0.082 -0.089 -0.02 0.033 0.125 0.031 4.379 -0.27 0.012 0.029 0.075 0.166 0.009 0.019 0.026 0.012 0.01 -0.008
-0.035 -0.334 -0.206 -0.311 -0.126 -0.391 -0.24 -0.081 -0.783 -0.093 -0.136 -0.133 -0.27 9.034 -0.2 -0.192 0.1 0.269 -0.022 -0.012 -0.093 -0.037 -0.313 -0.139
-0.024 -0.011 0.018 -0.179 -0.048 -0.063 0.065 -0.061 -0.023 0.081 0.142 0.004 0.012 -0.2 5.239 0.024 0.137 0.142 0.03 0.031 0.031 0.025 -0.064 0.016
-0.002 -0.011 0.018 -0.208 -0.044 -0.047 0.048 -0.028 0.104 0.047 0.103 0.031 0.029 -0.192 0.024 4.057 0.093 0.223 0.016 0.02 0.023 0.015 -0.032 0.008
0.136 -0.143 0.17 0.038 0.119 -0.247 0.055 0.2 0.818 0.264 0.224 0.054 0.075 0.1 0.137 0.093 2.947 0.438 0.103 0.074 0.075 0.078 -0.219 0.157
-0.015 0.165 0.293 0.466 0.164 0.035 0.346 0.007 0.441 0.488 0.528 -0.021 0.166 0.269 0.142 0.223 0.438 9.252 0.183 0.13 0.184 0.15 -0.112 0.284
0.038 -0.063 0.035 -0.047 0.018 -0.099 0.004 0.049 0.203 0.068 0.062 0.014 0.009 -0.022 0.03 0.016 0.103 0.183 3.839 0.021 0.017 0.02 -0.081 0.033
0.028 -0.032 0.034 -0.03 0.016 -0.057 0.014 0.037 0.182 0.055 0.055 0.017 0.019 -0.012 0.031 0.02 0.074 0.13 0.021 3.043 0.017 0.016 -0.047 0.03
0.018 -0.022 0.027 -0.116 -0.011 -0.049 0.028 0.012 0.165 0.046 0.071 0.028 0.026 -0.093 0.031 0.023 0.075 0.184 0.017 0.017 3.416 0.014 -0.034 0.018
0.025 -0.041 0.027 -0.056 0.007 -0.068 0.01 0.03 0.156 0.051 0.055 0.015 0.012 -0.037 0.025 0.015 0.078 0.15 0.02 0.016 0.014 3.716 -0.055 0.024
-0.117 0.165 -0.112 -0.293 -0.155 0.232 0.034 -0.204 -0.482 -0.196 -0.079 0.021 0.01 -0.313 -0.064 -0.032 -0.219 -0.112 -0.081 -0.047 -0.034 -0.055 3.274 -0.128
0.026 -0.097 0.021 -0.163 -0.017 -0.156 0.005 0.019 0.136 0.083 0.1 0.009 -0.008 -0.139 0.016 0.008 0.157 0.284 0.033 0.03 0.018 0.024 -0.128 4.819

 Mean vectors and covariance matrices after rotation --- 2th cluster >>

 mean vector (mu'=Q*mu)>>
0.91 1.146 2.494 2.574 1.582 0.611 2.116 1.533 0.706 2.813 2.875 0.928 2.056 2.537 2.013 1.872 2.098 0.401 1.013 0.704 1.211 0.891 0.12 2.077

 covariance matrix (Sigma'=Q*Sigma*t(Q))>>

1.649 0.009 0.016 0.01 -0.004 0.031 0.016 0.017 0.069 0.005 -0.063 0.043 -0.005 0.051 -0.02 0.096 -0.007 0.016 0.004 0 -0.013 -0.035 0.045 0.023
0.009 6.695 -0.015 -0.008 -0.008 -0.021 -0.008 -0.015 -0.019 0.02 0.025 -0.054 0.104 -0.025 0.086 0.003 0.009 -0.004 0.057 -0.039 0.016 -0.019 0.005 -0.05
0.016 -0.015 5.605 -0.017 -0.021 -0.018 -0.009 -0.02 -0.016 0.028 -0.008 -0.066 0.164 -0.018 0.125 0.056 0.004 0.002 0.094 -0.067 0.014 -0.058 0.036 -0.075
0.01 -0.008 -0.017 5.307 -0.02 -0.005 -0.013 -0.019 -0.052 0.017 -0.035 -0.048 0.14 0.011 0.101 0.11 -0.003 0.01 0.083 -0.072 0.005 -0.064 0.053 -0.077
-0.004 -0.008 -0.021 -0.02 6.331 -0.014 -0.028 -0.027 -0.13 -0.002 -0.013 -0.054 0.097 0 0.073 0.073 -0.006 0.005 0.055 -0.064 0.004 -0.035 0.029 -0.082
0.031 -0.021 -0.018 -0.005 -0.014 5.367 0.027 0.007 0.186 0.042 0.037 -0.032 0.084 -0.08 0.073 -0.13 0.016 -0.018 0.045 0.016 0.019 -0.014 -0.026 0.023
0.016 -0.008 -0.009 -0.013 -0.028 0.027 3.515 0.008 0.074 0.004 -0.103 0.026 0.044 0.023 0.01 0.096 -0.021 0.014 0.036 -0.019 -0.019 -0.076 0.064 0.002
0.017 -0.015 -0.02 -0.019 -0.027 0.007 0.008 4.013 0.068 0.007 -0.061 0.001 0.05 -0.019 0.025 0.015 -0.015 0.002 0.035 -0.011 -0.009 -0.054 0.031 -0.001
0.069 -0.019 -0.016 -0.052 -0.13 0.186 0.074 0.068 3.205 -0.013 -0.598 0.24 0.047 0.181 -0.1 0.529 -0.126 0.084 0.089 -0.034 -0.13 -0.368 0.338 0.096
0.005 0.02 0.028 0.017 -0.002 0.042 0.004 0.007 -0.013 4.002 -0.089 0.022 0.089 0.12 0.046 0.272 -0.003 0.036 0.061 -0.068 -0.009 -0.076 0.105 -0.044
-0.063 0.025 -0.008 -0.035 -0.013 0.037 -0.103 -0.061 -0.598 -0.089 5.532 -0.023 0.034 0.178 -0.006 0.462 -0.056 0.053 0.031 -0.167 -0.041 -0.078 0.145 -0.204
0.043 -0.054 -0.066 -0.048 -0.054 -0.032 0.026 0.001 0.24 0.022 -0.023 4.391 0.066 -0.168 0.049 -0.253 -0.015 -0.034 0.04 0.042 0.001 -0.048 -0.038 0.046
-0.005 0.104 0.164 0.14 0.097 0.084 0.044 0.05 0.047 0.089 0.034 0.066 3.074 0.346 0.081 0.554 0.08 0.078 0.065 -0.091 0.033 -0.003 0.14 -0.032
0.051 -0.025 -0.018 0.011 0 -0.08 0.023 -0.019 0.181 0.12 0.178 -0.168 0.346 7.16 0.305 -0.119 0.073 -0.025 0.181 -0.072 0.081 -0.016 -0.036 -0.087
-0.02 0.086 0.125 0.101 0.073 0.073 0.01 0.025 -0.1 0.046 -0.006 0.049 0.081 0.305 3.662 0.523 0.049 0.071 0.05 -0.103 0.015 -0.015 0.136 -0.066
0.096 0.003 0.056 0.11 0.073 -0.13 0.096 0.015 0.529 0.272 0.462 -0.253 0.554 -0.119 0.523 9.65 0.197 -0.041 0.276 -0.064 0.181 0.073 -0.117 -0.061
-0.007 0.009 0.004 -0.003 -0.006 0.016 -0.021 -0.015 -0.126 -0.003 -0.056 -0.015 0.08 0.073 0.049 0.197 4.97 0.023 0.051 -0.073 -0.006 -0.052 0.071 -0.075
0.016 -0.004 0.002 0.01 0.005 -0.018 0.014 0.002 0.084 0.036 0.053 -0.034 0.078 -0.025 0.071 -0.041 0.023 7.557 0.04 -0.007 0.022 0.003 -0.014 -0.006
0.004 0.057 0.094 0.083 0.055 0.045 0.036 0.035 0.089 0.061 0.031 0.04 0.065 0.181 0.05 0.276 0.051 0.04 2.386 -0.037 0.023 0.002 0.069 0.001
0 -0.039 -0.067 -0.072 -0.064 0.016 -0.019 -0.011 -0.034 -0.068 -0.167 0.042 -0.091 -0.072 -0.103 -0.064 -0.073 -0.007 -0.037 1.123 -0.054 -0.071 0.025 0.024
-0.013 0.016 0.014 0.005 0.004 0.019 -0.019 -0.009 -0.13 -0.009 -0.041 0.001 0.033 0.081 0.015 0.181 -0.006 0.022 0.023 -0.054 4.851 -0.028 0.057 -0.056
-0.035 -0.019 -0.058 -0.064 -0.035 -0.014 -0.076 -0.054 -0.368 -0.076 -0.078 -0.048 -0.003 -0.016 -0.015 0.073 -0.052 0.003 0.002 -0.071 -0.028 8.631 0.029 -0.115
0.045 0.005 0.036 0.053 0.029 -0.026 0.064 0.031 0.338 0.105 0.145 -0.038 0.14 -0.036 0.136 -0.117 0.071 -0.014 0.069 0.025 0.057 0.029 8.119 0.049
0.023 -0.05 -0.075 -0.077 -0.082 0.023 0.002 -0.001 0.096 -0.044 -0.204 0.046 -0.032 -0.087 -0.066 -0.061 -0.075 -0.006 0.001 0.024 -0.056 -0.115 0.049 2.848

 Final eigenvalues for each cluster >> 
 (rows correspond to clusters)
9.662 9.338 9.289 9.003 7.964 7.192 6.025 5.286 5.234 4.797 4.733 4.341 4.033 3.812 3.742 3.701 3.397 3.051 3.026 2.625 2.284 2.148 1.936 1.712
9.886 8.667 8.165 7.563 7.268 6.704 6.346 5.685 5.628 5.391 5.323 4.978 4.858 4.421 4.012 3.984 3.61 3.504 2.962 2.809 2.791 2.349 1.642 1.096

 theoretical Separation index matrix >>

-1 0.34
0.34 -1

 theoretical projection directions >>

**** cluster 1 and 2
0.077 0.18 0.244 0.265 0.134 0.152 0.378 0.118 0.047 0.342 0.365 0.094 0.242 0.191 0.202 0.097 0.221 -0.052 0.119 0.202 0.147 0.088 0.024 0.3

 empirical Separation index matrix (alpha= 0.05 )>>

-1 0.444
0.444 -1

 empirical projection directions >>

**** cluster 1 and 2
-0.012 0.123 0.174 0.18 0.312 0.089 0.29 0.213 0.088 0.376 0.187 0.166 0.162 0.218 0.183 0.153 0.356 -0.159 0.05 0.087 0.37 0.013 0.041 0.21
