
 Log information for the data set datasetJHG2v22nv1out0_1.dat >>

 alpha = 0.05 sepVal = 0.34

 Number of clusters >> 2

 cluster sizes >>
50 50

 Number of data points >> 100

 Number of dimensions >> 23

 Number of noisy dimensions >> 1

 noisy variables >>
15

 Number of outliers >> 0

 initial eigenvalues for each cluster >> 
 (rows correspond to clusters)
2.994 3.211 8.822 1.378 5.438 7.053 9.113 2.302 8.952 7.08 7.419 6.544 8.444 3.15 8.813 9.578 1.991 4.639 6.345 3.85 8.065 2.543
4.82 3.419 6.922 6.948 9.228 6.572 4.333 2.841 2.803 2.496 9.435 2.773 9.327 2.444 4.58 4.062 5.69 5.907 5.164 8.643 2.705 9.932

 Mean vectors and covariance matrices before rotation --- 1th cluster >>

 mean vector (mu'=Q*mu)>>
-9.09 0 0 0 0 0 0 0 0 0 0 0 0 0 0 0 0 0 0 0 0 0 0

 covariance matrix (Sigma'=Q*Sigma*t(Q))>>

6.257 0.56 -0.638 1.337 0.025 -0.404 -1.162 0.751 -0.354 -0.315 -0.183 -0.24 -0.222 0.144 -0.412 -0.915 0.371 0.144 -0.069 0.32 -0.835 0.651 0
0.56 3.306 -0.127 0.237 0.002 -0.088 -0.23 0.131 -0.07 -0.068 -0.039 -0.057 -0.045 0.025 -0.082 -0.18 0.065 0.022 -0.018 0.053 -0.17 0.113 0
-0.638 -0.127 8.488 -0.077 -0.071 -0.406 -0.573 -0.091 -0.18 -0.31 -0.15 -0.373 -0.127 -0.031 -0.216 -0.417 -0.036 -0.105 -0.141 -0.115 -0.533 -0.093 0
1.337 0.237 -0.077 1.852 0.037 0.029 -0.155 0.285 -0.045 0.02 -0.001 0.07 -0.023 0.06 -0.05 -0.136 0.137 0.09 0.034 0.152 -0.063 0.253 0
0.025 0.002 -0.071 0.037 5.428 -0.073 -0.125 0.014 -0.039 -0.056 -0.028 -0.063 -0.026 0.001 -0.046 -0.093 0.008 -0.01 -0.023 -0.005 -0.107 0.01 0
-0.404 -0.088 -0.406 0.029 -0.073 6.591 -0.702 -0.034 -0.22 -0.354 -0.174 -0.414 -0.153 -0.021 -0.263 -0.516 -0.007 -0.1 -0.155 -0.096 -0.633 -0.045 0
-1.162 -0.23 -0.573 -0.155 -0.125 -0.702 8.128 -0.17 -0.31 -0.537 -0.26 -0.648 -0.219 -0.057 -0.372 -0.714 -0.068 -0.186 -0.246 -0.206 -0.918 -0.173 0
0.751 0.131 -0.091 0.285 0.014 -0.034 -0.17 2.468 -0.051 -0.027 -0.02 -0.004 -0.03 0.033 -0.059 -0.138 0.081 0.043 0.003 0.08 -0.107 0.146 0
-0.354 -0.07 -0.18 -0.045 -0.039 -0.22 -0.31 -0.051 8.855 -0.168 -0.081 -0.202 -0.069 -0.017 -0.117 -0.225 -0.02 -0.058 -0.077 -0.064 -0.288 -0.052 0
-0.315 -0.068 -0.31 0.02 -0.056 -0.354 -0.537 -0.027 -0.168 6.809 -0.133 -0.317 -0.117 -0.016 -0.201 -0.395 -0.006 -0.077 -0.119 -0.074 -0.484 -0.035 0
-0.183 -0.039 -0.15 -0.001 -0.028 -0.174 -0.26 -0.02 -0.081 -0.133 7.354 -0.157 -0.057 -0.009 -0.097 -0.19 -0.006 -0.039 -0.059 -0.039 -0.236 -0.023 0
-0.24 -0.057 -0.373 0.07 -0.063 -0.414 -0.648 -0.004 -0.202 -0.317 -0.157 6.177 -0.14 -0.013 -0.242 -0.478 0.006 -0.081 -0.137 -0.072 -0.576 -0.017 0
-0.222 -0.045 -0.127 -0.023 -0.026 -0.153 -0.219 -0.03 -0.069 -0.117 -0.057 -0.14 8.395 -0.011 -0.082 -0.159 -0.012 -0.039 -0.053 -0.041 -0.202 -0.032 0
0.144 0.025 -0.031 0.06 0.001 -0.021 -0.057 0.033 -0.017 -0.016 -0.009 -0.013 -0.011 3.157 -0.02 -0.044 0.017 0.006 -0.004 0.014 -0.042 0.029 0
-0.412 -0.082 -0.216 -0.05 -0.046 -0.263 -0.372 -0.059 -0.117 -0.201 -0.097 -0.242 -0.082 -0.02 8.673 -0.27 -0.023 -0.068 -0.092 -0.075 -0.345 -0.06 0
-0.915 -0.18 -0.417 -0.136 -0.093 -0.516 -0.714 -0.138 -0.225 -0.395 -0.19 -0.478 -0.159 -0.044 -0.27 9.061 -0.056 -0.141 -0.182 -0.159 -0.67 -0.139 0
0.371 0.065 -0.036 0.137 0.008 -0.007 -0.068 0.081 -0.02 -0.006 -0.006 0.006 -0.012 0.017 -0.023 -0.056 2.03 0.023 0.005 0.041 -0.039 0.071 0
0.144 0.022 -0.105 0.09 -0.01 -0.1 -0.186 0.043 -0.058 -0.077 -0.039 -0.081 -0.039 0.006 -0.068 -0.141 0.023 4.632 -0.029 0.005 -0.154 0.034 0
-0.069 -0.018 -0.141 0.034 -0.023 -0.155 -0.246 0.003 -0.077 -0.119 -0.059 -0.137 -0.053 -0.004 -0.092 -0.182 0.005 -0.029 6.294 -0.025 -0.217 -0.002 0
0.32 0.053 -0.115 0.152 -0.005 -0.096 -0.206 0.08 -0.064 -0.074 -0.039 -0.072 -0.041 0.014 -0.075 -0.159 0.041 0.005 -0.025 3.875 -0.162 0.068 0
-0.835 -0.17 -0.533 -0.063 -0.107 -0.633 -0.918 -0.107 -0.288 -0.484 -0.236 -0.576 -0.202 -0.042 -0.345 -0.67 -0.039 -0.154 -0.217 -0.162 7.222 -0.115 0
0.651 0.113 -0.093 0.253 0.01 -0.045 -0.173 0.146 -0.052 -0.035 -0.023 -0.017 -0.032 0.029 -0.06 -0.139 0.071 0.034 -0.002 0.068 -0.115 2.67 0
0 0 0 0 0 0 0 0 0 0 0 0 0 0 0 0 0 0 0 0 0 0 78.024

 Mean vectors and covariance matrices before rotation --- 2th cluster >>

 mean vector (mu'=Q*mu)>>
9.09 0 0 0 0 0 0 0 0 0 0 0 0 0 0 0 0 0 0 0 0 0 0

 covariance matrix (Sigma'=Q*Sigma*t(Q))>>

5.111 0.07 -0.013 -0.505 -0.853 -0.189 0.076 0.68 0.306 0.69 -0.33 0.545 -0.037 0.39 0.093 0.068 -0.192 -0.053 -0.038 -1.068 0.803 -1.153 0
0.07 3.424 0 -0.004 -0.019 -0.001 0.007 0.037 0.017 0.036 -0.007 0.029 -0.001 0.02 0.012 0.005 0.008 0.001 0.014 -0.022 0.043 -0.027 0
-0.013 0 6.922 -0.006 -0.007 -0.002 -0.001 0 0 0.001 -0.003 0 0 0 -0.002 0 -0.005 -0.001 -0.004 -0.009 0 -0.009 0
-0.505 -0.004 -0.006 6.727 -0.266 -0.093 -0.031 0.005 0.003 0.024 -0.101 0.007 -0.012 0.015 -0.069 -0.016 -0.172 -0.038 -0.151 -0.352 0.015 -0.342 0
-0.853 -0.019 -0.007 -0.266 8.95 -0.117 -0.062 -0.108 -0.047 -0.08 -0.105 -0.081 -0.012 -0.043 -0.125 -0.038 -0.24 -0.052 -0.234 -0.378 -0.113 -0.348 0
-0.189 -0.001 -0.002 -0.093 -0.117 6.533 -0.011 0.013 0.006 0.021 -0.044 0.012 -0.005 0.012 -0.025 -0.005 -0.069 -0.016 -0.059 -0.153 0.019 -0.151 0
0.076 0.007 -0.001 -0.031 -0.062 -0.011 4.343 0.069 0.031 0.068 -0.024 0.055 -0.003 0.038 0.016 0.008 -0.004 -0.002 0.01 -0.076 0.08 -0.086 0
0.68 0.037 0 0.005 -0.108 0.013 0.069 3.151 0.138 0.294 -0.044 0.245 -0.005 0.165 0.117 0.049 0.096 0.017 0.146 -0.115 0.356 -0.165 0
0.306 0.017 0 0.003 -0.047 0.006 0.031 0.138 2.865 0.131 -0.019 0.109 -0.002 0.074 0.053 0.022 0.044 0.008 0.066 -0.05 0.159 -0.072 0
0.69 0.036 0.001 0.024 -0.08 0.021 0.068 0.294 0.131 2.773 -0.033 0.232 -0.004 0.156 0.118 0.048 0.106 0.019 0.152 -0.08 0.337 -0.127 0
-0.33 -0.007 -0.003 -0.101 -0.105 -0.044 -0.024 -0.044 -0.019 -0.033 9.395 -0.033 -0.005 -0.018 -0.049 -0.015 -0.092 -0.02 -0.09 -0.143 -0.046 -0.131 0
0.545 0.029 0 0.007 -0.081 0.012 0.055 0.245 0.109 0.232 -0.033 2.967 -0.004 0.13 0.094 0.039 0.078 0.014 0.118 -0.086 0.281 -0.125 0
-0.037 -0.001 0 -0.012 -0.012 -0.005 -0.003 -0.005 -0.002 -0.004 -0.005 -0.004 9.327 -0.002 -0.005 -0.002 -0.01 -0.002 -0.01 -0.016 -0.005 -0.015 0
0.39 0.02 0 0.015 -0.043 0.012 0.038 0.165 0.074 0.156 -0.018 0.13 -0.002 2.532 0.066 0.027 0.061 0.011 0.086 -0.042 0.189 -0.069 0
0.093 0.012 -0.002 -0.069 -0.125 -0.025 0.016 0.117 0.053 0.118 -0.049 0.094 -0.005 0.066 4.602 0.013 -0.019 -0.006 0.006 -0.155 0.138 -0.171 0
0.068 0.005 0 -0.016 -0.038 -0.005 0.008 0.049 0.022 0.048 -0.015 0.039 -0.002 0.027 0.013 4.068 0.002 0 0.011 -0.045 0.057 -0.052 0
-0.192 0.008 -0.005 -0.172 -0.24 -0.069 -0.004 0.096 0.044 0.106 -0.092 0.078 -0.01 0.061 -0.019 0.002 5.584 -0.025 -0.075 -0.309 0.118 -0.317 0
-0.053 0.001 -0.001 -0.038 -0.052 -0.016 -0.002 0.017 0.008 0.019 -0.02 0.014 -0.002 0.011 -0.006 0 -0.025 5.901 -0.019 -0.067 0.021 -0.068 0
-0.038 0.014 -0.004 -0.151 -0.234 -0.059 0.01 0.146 0.066 0.152 -0.09 0.118 -0.01 0.086 0.006 0.011 -0.075 -0.019 5.126 -0.297 0.174 -0.314 0
-1.068 -0.022 -0.009 -0.352 -0.378 -0.153 -0.076 -0.115 -0.05 -0.08 -0.143 -0.086 -0.016 -0.042 -0.155 -0.045 -0.309 -0.067 -0.297 8.133 -0.118 -0.476 0
0.803 0.043 0 0.015 -0.113 0.019 0.08 0.356 0.159 0.337 -0.046 0.281 -0.005 0.189 0.138 0.057 0.118 0.021 0.174 -0.118 3.113 -0.175 0
-1.153 -0.027 -0.009 -0.342 -0.348 -0.151 -0.086 -0.165 -0.072 -0.127 -0.131 -0.125 -0.015 -0.069 -0.171 -0.052 -0.317 -0.068 -0.314 -0.476 -0.175 9.498 0
0 0 0 0 0 0 0 0 0 0 0 0 0 0 0 0 0 0 0 0 0 0 78.024

 Final eigenvalues for each cluster >> 
 (rows correspond to clusters)
78.024 9.578 9.113 8.952 8.822 8.813 8.444 8.065 7.419 7.08 7.053 6.544 6.345 5.438 4.639 3.85 3.211 3.15 2.994 2.543 2.302 1.991 1.378
78.024 9.932 9.435 9.327 9.228 8.643 6.948 6.922 6.572 5.907 5.69 5.164 4.82 4.58 4.333 4.062 3.419 2.841 2.803 2.773 2.705 2.496 2.444

 *************************************************

 ********************* rotation ******************

 *************************************************


 The orthogonal matrix Q >>
0.249 0.274 0.306 0.122 0.035 0.248 0.285 0.272 0.248 0.061 0.27 0.04 0.166 0.191 0.337 0.052 0.248 0.197 0.286 0.087 0.045 0.155
0.274 -0.94 0.067 0.027 0.008 0.054 0.063 0.06 0.055 0.013 0.059 0.009 0.036 0.042 0.074 0.011 0.054 0.043 0.063 0.019 0.01 0.034
0.306 0.067 -0.925 0.03 0.009 0.061 0.07 0.067 0.061 0.015 0.066 0.01 0.041 0.047 0.083 0.013 0.061 0.048 0.07 0.021 0.011 0.038
0.122 0.027 0.03 -0.988 0.003 0.024 0.028 0.027 0.024 0.006 0.026 0.004 0.016 0.019 0.033 0.005 0.024 0.019 0.028 0.008 0.004 0.015
0.035 0.008 0.009 0.003 -0.999 0.007 0.008 0.008 0.007 0.002 0.008 0.001 0.005 0.005 0.01 0.001 0.007 0.006 0.008 0.002 0.001 0.004
0.248 0.054 0.061 0.024 0.007 -0.951 0.057 0.054 0.049 0.012 0.054 0.008 0.033 0.038 0.067 0.01 0.049 0.039 0.057 0.017 0.009 0.031
0.285 0.063 0.07 0.028 0.008 0.057 -0.935 0.062 0.057 0.014 0.062 0.009 0.038 0.044 0.077 0.012 0.057 0.045 0.065 0.02 0.01 0.035
0.272 0.06 0.067 0.027 0.008 0.054 0.062 -0.941 0.054 0.013 0.059 0.009 0.036 0.042 0.074 0.011 0.054 0.043 0.062 0.019 0.01 0.034
0.248 0.055 0.061 0.024 0.007 0.049 0.057 0.054 -0.951 0.012 0.054 0.008 0.033 0.038 0.067 0.01 0.049 0.039 0.057 0.017 0.009 0.031
0.061 0.013 0.015 0.006 0.002 0.012 0.014 0.013 0.012 -0.997 0.013 0.002 0.008 0.009 0.017 0.003 0.012 0.01 0.014 0.004 0.002 0.008
0.27 0.059 0.066 0.026 0.008 0.054 0.062 0.059 0.054 0.013 -0.942 0.009 0.036 0.041 0.073 0.011 0.054 0.043 0.062 0.019 0.01 0.034
0.04 0.009 0.01 0.004 0.001 0.008 0.009 0.009 0.008 0.002 0.009 -0.999 0.005 0.006 0.011 0.002 0.008 0.006 0.009 0.003 0.001 0.005
0.166 0.036 0.041 0.016 0.005 0.033 0.038 0.036 0.033 0.008 0.036 0.005 -0.978 0.025 0.045 0.007 0.033 0.026 0.038 0.012 0.006 0.021
0.191 0.042 0.047 0.019 0.005 0.038 0.044 0.042 0.038 0.009 0.041 0.006 0.025 -0.971 0.052 0.008 0.038 0.03 0.044 0.013 0.007 0.024
0.337 0.074 0.083 0.033 0.01 0.067 0.077 0.074 0.067 0.017 0.073 0.011 0.045 0.052 -0.909 0.014 0.067 0.053 0.077 0.023 0.012 0.042
0.052 0.011 0.013 0.005 0.001 0.01 0.012 0.011 0.01 0.003 0.011 0.002 0.007 0.008 0.014 -0.998 0.01 0.008 0.012 0.004 0.002 0.006
0.248 0.054 0.061 0.024 0.007 0.049 0.057 0.054 0.049 0.012 0.054 0.008 0.033 0.038 0.067 0.01 -0.951 0.039 0.057 0.017 0.009 0.031
0.197 0.043 0.048 0.019 0.006 0.039 0.045 0.043 0.039 0.01 0.043 0.006 0.026 0.03 0.053 0.008 0.039 -0.969 0.045 0.014 0.007 0.024
0.286 0.063 0.07 0.028 0.008 0.057 0.065 0.062 0.057 0.014 0.062 0.009 0.038 0.044 0.077 0.012 0.057 0.045 -0.935 0.02 0.01 0.035
0.087 0.019 0.021 0.008 0.002 0.017 0.02 0.019 0.017 0.004 0.019 0.003 0.012 0.013 0.023 0.004 0.017 0.014 0.02 -0.994 0.003 0.011
0.045 0.01 0.011 0.004 0.001 0.009 0.01 0.01 0.009 0.002 0.01 0.001 0.006 0.007 0.012 0.002 0.009 0.007 0.01 0.003 -0.998 0.006
0.155 0.034 0.038 0.015 0.004 0.031 0.035 0.034 0.031 0.008 0.034 0.005 0.021 0.024 0.042 0.006 0.031 0.024 0.035 0.011 0.006 -0.981

 Mean vectors and covariance matrices after rotation --- 1th cluster >>

 mean vector (mu'=Q*mu)>>
-0.788 -2.266 -2.259 -0.557 -2.256 -2.778 -0.321 -3.068 -0.361 -0.475 -2.59 -1.789 -2.491 -0.412 0 -1.41 -1.511 -2.475 -1.113 -2.456 -1.737 -2.255 -2.596

 covariance matrix (Sigma'=Q*Sigma*t(Q))>>

3.855 0.118 -0.093 -0.015 0.035 -0.113 -0.003 -0.123 -0.006 -0.029 -0.116 -0.009 0.019 -0.019 0 0.023 -0.056 0.039 0.04 -0.07 0.01 -0.058 -0.051
0.118 4.567 -0.539 0.596 0.539 -0.308 0.092 -0.774 0.745 1.001 0.416 0.129 0.344 1.277 0 0.162 -0.272 0.421 -0.157 -0.363 0.275 0.379 -0.175
-0.093 -0.539 8.848 0.02 0.043 -0.078 -0.021 -0.148 -0.002 0.163 0.039 -0.037 -0.08 0.137 0 -0.131 -0.058 -0.084 -0.327 -0.084 0.032 -0.034 -0.063
-0.015 0.596 0.02 6.902 0.2 -0.051 -0.025 0.049 -0.238 -0.259 -0.233 0.079 0.139 -0.345 0 0.064 0.013 0.173 0.044 0.073 0.142 -0.119 0.103
0.035 0.539 0.043 0.2 2.163 0.153 0.036 0.041 0.218 0.345 0.36 0.099 0.133 0.399 0 0.037 0.045 0.125 -0.11 0.067 0.12 0.248 0.098
-0.113 -0.308 -0.078 -0.051 0.153 8.75 -0.034 -0.104 -0.108 0.083 -0.018 0.008 -0.017 0.011 0 -0.121 -0.04 -0.01 -0.37 -0.034 0.115 -0.067 0.002
-0.003 0.092 -0.021 -0.025 0.036 -0.034 5.433 -0.025 -0.031 -0.034 -0.054 0.008 0.021 -0.043 0 0.01 -0.012 0.03 0.006 -0.009 0.022 -0.028 0
-0.123 -0.774 -0.148 0.049 0.041 -0.104 -0.025 8.601 0.027 0.252 0.076 -0.057 -0.12 0.229 0 -0.181 -0.083 -0.127 -0.444 -0.125 0.03 -0.032 -0.099
-0.006 0.745 -0.002 -0.238 0.218 -0.108 -0.031 0.027 6.241 -0.374 -0.361 0.082 0.164 -0.471 0 0.097 -0.003 0.212 0.124 0.062 0.15 -0.183 0.097
-0.029 1.001 0.163 -0.259 0.345 0.083 -0.034 0.252 -0.374 9.224 -0.195 0.172 0.247 -0.509 0 0.088 0.103 0.281 -0.004 0.232 0.265 -0.089 0.268
-0.116 0.416 0.039 -0.233 0.36 -0.018 -0.054 0.076 -0.361 -0.195 8.936 0.12 0.151 -0.365 0 -0.04 0.031 0.183 -0.304 0.124 0.274 -0.134 0.179
-0.009 0.129 -0.037 0.079 0.099 0.008 0.008 -0.057 0.082 0.172 0.12 4.669 0.043 0.188 0 -0.011 -0.013 0.045 -0.121 -0.013 0.065 0.074 0.012
0.019 0.344 -0.08 0.139 0.133 -0.017 0.021 -0.12 0.164 0.247 0.151 0.043 3.293 0.299 0 0.025 -0.035 0.092 -0.076 -0.045 0.077 0.114 -0.006
-0.019 1.277 0.137 -0.345 0.399 0.011 -0.043 0.229 -0.471 -0.509 -0.365 0.188 0.299 7.377 0 0.137 0.085 0.354 0.096 0.228 0.296 -0.173 0.276
0 0 0 0 0 0 0 0 0 0 0 0 0 0 78.024 0 0 0 0 0 0 0 0
0.023 0.162 -0.131 0.064 0.037 -0.121 0.01 -0.181 0.097 0.088 -0.04 -0.011 0.025 0.137 0 2.575 -0.075 0.044 0.04 -0.106 0.002 -0.003 -0.079
-0.056 -0.272 -0.058 0.013 0.045 -0.04 -0.012 -0.083 -0.003 0.103 0.031 -0.013 -0.035 0.085 0 -0.075 8.412 -0.036 -0.204 -0.043 0.033 -0.014 -0.027
0.039 0.421 -0.084 0.173 0.125 -0.01 0.03 -0.127 0.212 0.281 0.183 0.045 0.092 0.354 0 0.044 -0.036 2.404 -0.037 -0.051 0.068 0.144 -0.011
0.04 -0.157 -0.327 0.044 -0.11 -0.37 0.006 -0.444 0.124 -0.004 -0.304 -0.121 -0.076 0.096 0 0.04 -0.204 -0.037 1.575 -0.306 -0.13 -0.158 -0.28
-0.07 -0.363 -0.084 0.073 0.067 -0.034 -0.009 -0.125 0.062 0.232 0.124 -0.013 -0.045 0.228 0 -0.106 -0.043 -0.051 -0.306 7.355 0.048 0.032 -0.04
0.01 0.275 0.032 0.142 0.12 0.115 0.022 0.03 0.15 0.265 0.274 0.065 0.077 0.296 0 0.002 0.033 0.068 -0.13 0.048 3.236 0.176 0.069
-0.058 0.379 -0.034 -0.119 0.248 -0.067 -0.028 -0.032 -0.183 -0.089 -0.134 0.074 0.114 -0.173 0 -0.003 -0.014 0.144 -0.158 0.032 0.176 6.968 0.08
-0.051 -0.175 -0.063 0.103 0.098 0.002 0 -0.099 0.097 0.268 0.179 0.012 -0.006 0.276 0 -0.079 -0.027 -0.011 -0.28 -0.04 0.069 0.08 6.334

 Mean vectors and covariance matrices after rotation --- 2th cluster >>

 mean vector (mu'=Q*mu)>>
0.788 2.266 2.259 0.557 2.256 2.778 0.321 3.068 0.361 0.475 2.59 1.789 2.491 0.412 0 1.41 1.511 2.475 1.113 2.456 1.737 2.255 2.596

 covariance matrix (Sigma'=Q*Sigma*t(Q))>>

8.356 0.541 0.274 -0.07 0.026 0.347 -0.237 0.282 -0.092 0.018 0.297 0.182 0.354 -0.145 0 -0.186 0.153 0.198 -0.146 0.164 0.193 0.165 0.077
0.541 5.197 0.371 -0.309 0.053 -0.538 0.525 0.148 -0.274 0.016 0.187 -0.104 0.423 -0.432 0 0.154 -0.669 0.165 0.197 -0.906 0.246 -0.198 0.071
0.274 0.371 2.887 -0.065 0.102 -0.092 0.228 0.077 -0.052 0.014 0.064 0.005 0.097 -0.085 0 0.194 -0.121 0.047 0.148 -0.123 0.052 0.014 0.099
-0.07 -0.309 -0.065 2.675 -0.081 -0.27 -0.041 -0.151 0.16 0.004 -0.155 -0.141 -0.167 0.24 0 -0.188 -0.168 0.051 -0.04 -0.278 -0.005 -0.179 -0.072
0.026 0.053 0.102 -0.081 5.678 -0.053 0.04 0.054 -0.077 0.001 0.07 0.001 0.128 -0.119 0 -0.029 -0.106 0.044 -0.01 -0.157 0.067 -0.025 -0.001
0.347 -0.538 -0.092 -0.27 -0.053 6.66 0.314 -0.136 -0.217 -0.036 -0.098 -0.099 -0.033 -0.322 0 0.243 -0.227 -0.245 0.112 -0.262 -0.118 -0.113 -0.102
-0.237 0.525 0.228 -0.041 0.04 0.314 9.027 0.248 -0.061 0.018 0.255 0.163 0.293 -0.097 0 -0.141 0.153 0.177 -0.112 0.176 0.163 0.156 0.083
0.282 0.148 0.077 -0.151 0.054 -0.136 0.248 4.625 -0.126 0 0.053 -0.015 0.115 -0.195 0 0.186 -0.172 -0.015 0.124 -0.197 0.032 -0.021 0.043
-0.092 -0.274 -0.052 0.16 -0.077 -0.217 -0.061 -0.126 2.915 0.003 -0.129 -0.117 -0.14 0.212 0 -0.185 -0.133 0.05 -0.051 -0.229 0 -0.151 -0.067
0.018 0.016 0.014 0.004 0.001 -0.036 0.018 0 0.003 4.064 0 -0.011 0.008 0.003 0 -0.005 -0.035 0.016 0.008 -0.051 0.013 -0.016 0.003
0.297 0.187 0.064 -0.155 0.07 -0.098 0.255 0.053 -0.129 0 4.39 0.001 0.108 -0.198 0 0.224 -0.135 -0.029 0.138 -0.136 0.02 0.006 0.056
0.182 -0.104 0.005 -0.141 0.001 -0.099 0.163 -0.015 -0.117 -0.011 0.001 5.883 0.043 -0.176 0 0.13 -0.11 -0.078 0.066 -0.124 -0.021 -0.03 -0.016
0.354 0.423 0.097 -0.167 0.128 -0.033 0.293 0.115 -0.14 0.008 0.108 0.043 3.574 -0.216 0 0.301 -0.095 -0.003 0.182 -0.062 0.04 0.064 0.114
-0.145 -0.432 -0.085 0.24 -0.119 -0.322 -0.097 -0.195 0.212 0.003 -0.198 -0.176 -0.216 3.023 0 -0.281 -0.193 0.067 -0.081 -0.334 -0.006 -0.227 -0.105
0 0 0 0 0 0 0 0 0 0 0 0 0 0 78.024 0 0 0 0 0 0 0 0
-0.186 0.154 0.194 -0.188 -0.029 0.243 -0.141 0.186 -0.185 -0.005 0.224 0.13 0.301 -0.281 0 9.821 0.079 0.054 -0.128 0.078 0.111 0.105 -0.004
0.153 -0.669 -0.121 -0.168 -0.106 -0.227 0.153 -0.172 -0.133 -0.035 -0.135 -0.11 -0.095 -0.193 0 0.079 9.157 -0.214 0.019 -0.22 -0.119 -0.134 -0.143
0.198 0.165 0.047 0.051 0.044 -0.245 0.177 -0.015 0.05 0.016 -0.029 -0.078 -0.003 0.067 0 0.054 -0.214 2.923 0.106 -0.285 0.052 -0.094 0.048
-0.146 0.197 0.148 -0.04 -0.01 0.112 -0.112 0.124 -0.051 0.008 0.138 0.066 0.182 -0.081 0 -0.128 0.019 0.106 6.864 -0.008 0.107 0.043 0.018
0.164 -0.906 -0.123 -0.278 -0.157 -0.262 0.176 -0.197 -0.229 -0.051 -0.136 -0.124 -0.062 -0.334 0 0.078 -0.22 -0.285 -0.008 9.142 -0.14 -0.164 -0.203
0.193 0.246 0.052 -0.005 0.067 -0.118 0.163 0.032 0 0.013 0.02 -0.021 0.04 -0.006 0 0.111 -0.119 0.052 0.107 -0.14 2.486 -0.02 0.067
0.165 -0.198 0.014 -0.179 -0.025 -0.113 0.156 -0.021 -0.151 -0.016 0.006 -0.03 0.064 -0.227 0 0.105 -0.134 -0.094 0.043 -0.164 -0.02 6.526 -0.043
0.077 0.071 0.099 -0.072 -0.001 -0.102 0.083 0.043 -0.067 0.003 0.056 -0.016 0.114 -0.105 0 -0.004 -0.143 0.048 0.018 -0.203 0.067 -0.043 5.171

 Final eigenvalues for each cluster >> 
 (rows correspond to clusters)
78.024 9.578 9.113 8.952 8.822 8.813 8.444 8.065 7.419 7.08 7.053 6.544 6.345 5.438 4.639 3.85 3.211 3.15 2.994 2.543 2.302 1.991 1.378
78.024 9.932 9.435 9.327 9.228 8.643 6.948 6.922 6.572 5.907 5.69 5.164 4.82 4.58 4.333 4.062 3.419 2.841 2.803 2.773 2.705 2.496 2.444

 theoretical Separation index matrix >>

-1 0.34
0.34 -1

 theoretical projection directions >>

**** cluster 1 and 2
0.011 0.236 0.224 0.077 0.239 0.244 -0.027 0.288 0.046 -0.02 0.178 0.187 0.331 0.016 0 0.094 0.141 0.485 0.18 0.223 0.261 0.18 0.249

 empirical Separation index matrix (alpha= 0.05 )>>

-1 0.359
0.359 -1

 empirical projection directions >>

**** cluster 1 and 2
0.038 -0.228 -0.056 0.032 -0.173 -0.066 0.039 -0.331 0.068 0.106 -0.274 -0.189 -0.197 -0.228 -0.043 -0.095 -0.225 -0.544 -0.172 -0.14 -0.282 -0.14 -0.273
