
 Log information for the data set datasetJHG2v24nv1out0_3.dat >>

 alpha = 0.05 sepVal = 0.34

 Number of clusters >> 2

 cluster sizes >>
50 50

 Number of data points >> 100

 Number of dimensions >> 25

 Number of noisy dimensions >> 1

 noisy variables >>
6

 Number of outliers >> 0

 initial eigenvalues for each cluster >> 
 (rows correspond to clusters)
4.082 8.157 7.164 7.345 6.234 1.015 2.886 1.104 8.779 7.389 1.293 1.06 3.077 4.405 6.749 4.405 1.503 4.44 3.673 3.044 6.25 5.099 3.748 5.702
6.81 1.423 7.885 3.873 1.489 5.031 7.513 6.751 2.145 6.631 7.141 7.728 6.017 3.943 6.733 3.378 5.413 2.92 1.952 6.769 5.779 1.273 7.134 1.075

 Mean vectors and covariance matrices before rotation --- 1th cluster >>

 mean vector (mu'=Q*mu)>>
-8.491 0 0 0 0 0 0 0 0 0 0 0 0 0 0 0 0 0 0 0 0 0 0 0 0

 covariance matrix (Sigma'=Q*Sigma*t(Q))>>

4.858 -0.963 -0.543 -0.878 -0.276 0.706 0.003 1.142 -0.731 -0.157 0.792 0.49 0.151 0.039 -0.493 0.034 0.302 0.061 0.275 0.035 -0.417 -0.094 0.187 -0.116 0
-0.963 7.697 -0.316 -0.49 -0.222 -0.017 -0.001 -0.034 -0.321 -0.087 -0.034 -0.013 -0.05 -0.111 -0.323 -0.098 -0.018 -0.202 -0.181 -0.011 -0.332 -0.229 -0.136 -0.129 0
-0.543 -0.316 6.952 -0.33 -0.144 0.02 0 0.028 -0.223 -0.059 0.013 0.013 -0.024 -0.065 -0.214 -0.057 0.002 -0.118 -0.096 -0.005 -0.216 -0.141 -0.073 -0.082 0
-0.878 -0.49 -0.33 6.832 -0.226 0.021 -0.001 0.027 -0.344 -0.091 0.009 0.013 -0.04 -0.104 -0.334 -0.092 -0.002 -0.19 -0.158 -0.009 -0.339 -0.223 -0.119 -0.129 0
-0.276 -0.222 -0.144 -0.226 6.14 0.042 0 0.065 -0.158 -0.04 0.041 0.028 -0.007 -0.035 -0.143 -0.031 0.014 -0.065 -0.043 -0.001 -0.141 -0.084 -0.034 -0.052 0
0.706 -0.017 0.02 0.021 0.042 1.211 0.001 0.321 -0.028 0.003 0.228 0.137 0.066 0.068 0.037 0.06 0.09 0.121 0.167 0.015 0.062 0.094 0.12 0.036 0
0.003 -0.001 0 -0.001 0 0.001 2.886 0.002 -0.001 0 0.002 0.001 0 0 0 0 0.001 0.001 0.001 0 0 0 0.001 0 0
1.142 -0.034 0.028 0.027 0.065 0.321 0.002 1.628 -0.05 0.004 0.373 0.224 0.108 0.11 0.056 0.097 0.147 0.196 0.271 0.025 0.096 0.15 0.194 0.057 0
-0.731 -0.321 -0.223 -0.344 -0.158 -0.028 -0.001 -0.05 8.557 -0.061 -0.043 -0.02 -0.041 -0.083 -0.229 -0.074 -0.02 -0.151 -0.14 -0.009 -0.237 -0.168 -0.105 -0.093 0
-0.157 -0.087 -0.059 -0.091 -0.04 0.003 0 0.004 -0.061 7.373 0.001 0.002 -0.007 -0.019 -0.059 -0.016 -0.001 -0.034 -0.028 -0.002 -0.06 -0.04 -0.021 -0.023 0
0.792 -0.034 0.013 0.009 0.041 0.228 0.002 0.373 -0.043 0.001 1.558 0.159 0.076 0.076 0.032 0.067 0.104 0.135 0.189 0.017 0.061 0.102 0.136 0.038 0
0.49 -0.013 0.013 0.013 0.028 0.137 0.001 0.224 -0.02 0.002 0.159 1.155 0.046 0.047 0.025 0.042 0.063 0.084 0.116 0.011 0.042 0.065 0.083 0.025 0
0.151 -0.05 -0.024 -0.04 -0.007 0.066 0 0.108 -0.041 -0.007 0.076 0.046 3.096 0.013 -0.019 0.011 0.029 0.022 0.04 0.004 -0.011 0.01 0.028 0 0
0.039 -0.111 -0.065 -0.104 -0.035 0.068 0 0.11 -0.083 -0.019 0.076 0.047 0.013 4.405 -0.06 0 0.029 -0.002 0.02 0.003 -0.053 -0.018 0.013 -0.016 0
-0.493 -0.323 -0.214 -0.334 -0.143 0.037 0 0.056 -0.229 -0.059 0.032 0.025 -0.019 -0.06 6.534 -0.053 0.009 -0.11 -0.084 -0.004 -0.215 -0.135 -0.064 -0.08 0
0.034 -0.098 -0.057 -0.092 -0.031 0.06 0 0.097 -0.074 -0.016 0.067 0.042 0.011 0 -0.053 4.405 0.025 -0.002 0.018 0.003 -0.047 -0.016 0.011 -0.014 0
0.302 -0.018 0.002 -0.002 0.014 0.09 0.001 0.147 -0.02 -0.001 0.104 0.063 0.029 0.029 0.009 0.025 1.544 0.051 0.073 0.007 0.021 0.038 0.052 0.014 0
0.061 -0.202 -0.118 -0.19 -0.065 0.121 0.001 0.196 -0.151 -0.034 0.135 0.084 0.022 -0.002 -0.11 -0.002 0.051 4.435 0.034 0.005 -0.098 -0.034 0.022 -0.03 0
0.275 -0.181 -0.096 -0.158 -0.043 0.167 0.001 0.271 -0.14 -0.028 0.189 0.116 0.04 0.02 -0.084 0.018 0.073 0.034 3.755 0.009 -0.065 0 0.057 -0.015 0
0.035 -0.011 -0.005 -0.009 -0.001 0.015 0 0.025 -0.009 -0.002 0.017 0.011 0.004 0.003 -0.004 0.003 0.007 0.005 0.009 3.045 -0.002 0.002 0.007 0 0
-0.417 -0.332 -0.216 -0.339 -0.141 0.062 0 0.096 -0.237 -0.06 0.061 0.042 -0.011 -0.053 -0.215 -0.047 0.021 -0.098 -0.065 -0.002 6.038 -0.127 -0.051 -0.078 0
-0.094 -0.229 -0.141 -0.223 -0.084 0.094 0 0.15 -0.168 -0.04 0.102 0.065 0.01 -0.018 -0.135 -0.016 0.038 -0.034 0 0.002 -0.127 5.038 -0.003 -0.043 0
0.187 -0.136 -0.073 -0.119 -0.034 0.12 0.001 0.194 -0.105 -0.021 0.136 0.083 0.028 0.013 -0.064 0.011 0.052 0.022 0.057 0.007 -0.051 -0.003 3.787 -0.012 0
-0.116 -0.129 -0.082 -0.129 -0.052 0.036 0 0.057 -0.093 -0.023 0.038 0.025 0 -0.016 -0.08 -0.014 0.014 -0.03 -0.015 0 -0.078 -0.043 -0.012 5.674 0
0 0 0 0 0 0 0 0 0 0 0 0 0 0 0 0 0 0 0 0 0 0 0 0 74.045

 Mean vectors and covariance matrices before rotation --- 2th cluster >>

 mean vector (mu'=Q*mu)>>
8.491 0 0 0 0 0 0 0 0 0 0 0 0 0 0 0 0 0 0 0 0 0 0 0 0

 covariance matrix (Sigma'=Q*Sigma*t(Q))>>

4.938 1.063 -0.739 0.307 0.502 -0.006 -0.387 -0.482 0.069 -0.069 -0.664 -0.611 -0.259 0.275 -0.367 0.196 -0.098 0.407 0.48 -0.153 -0.203 0.112 -0.152 1.099 0
1.063 2.189 0.184 0.51 0.366 0.276 0.127 0.287 0.058 0.046 0.289 0.171 0.319 0.483 0.222 0.243 0.336 0.42 0.382 0.09 0.344 0.079 0.067 0.749 0
-0.739 0.184 7.633 0.003 0.086 -0.049 -0.137 -0.193 0.011 -0.028 -0.247 -0.211 -0.132 -0.001 -0.147 0.016 -0.087 0.049 0.077 -0.061 -0.119 0.02 -0.057 0.198 0
0.307 0.51 0.003 4.165 0.243 0.137 0.017 0.086 0.037 0.015 0.065 0.012 0.129 0.275 0.067 0.145 0.156 0.259 0.249 0.027 0.148 0.053 0.015 0.507 0
0.502 0.366 0.086 0.243 1.664 0.131 0.06 0.136 0.027 0.022 0.136 0.08 0.151 0.23 0.105 0.116 0.16 0.2 0.182 0.043 0.163 0.038 0.031 0.358 0
-0.006 0.276 -0.049 0.137 0.131 5.085 -0.02 0.001 0.02 0.001 -0.02 -0.037 0.034 0.128 0.002 0.071 0.056 0.131 0.132 0 0.045 0.029 -0.004 0.277 0
-0.387 0.127 -0.137 0.017 0.06 -0.02 7.439 -0.101 0.008 -0.015 -0.131 -0.115 -0.065 0.014 -0.077 0.017 -0.039 0.04 0.055 -0.032 -0.057 0.014 -0.03 0.134 0
-0.482 0.287 -0.193 0.086 0.136 0.001 -0.101 6.628 0.019 -0.018 -0.172 -0.159 -0.065 0.077 -0.094 0.054 -0.022 0.111 0.13 -0.039 -0.05 0.03 -0.039 0.297 0
0.069 0.058 0.011 0.037 0.027 0.02 0.008 0.019 2.15 0.003 0.018 0.01 0.022 0.035 0.015 0.018 0.024 0.031 0.029 0.006 0.024 0.006 0.004 0.057 0
-0.069 0.046 -0.028 0.015 0.022 0.001 -0.015 -0.018 0.003 6.628 -0.025 -0.023 -0.009 0.013 -0.013 0.009 -0.002 0.018 0.021 -0.006 -0.006 0.005 -0.006 0.047 0
-0.664 0.289 -0.247 0.065 0.136 -0.02 -0.131 -0.172 0.018 -0.025 6.911 -0.205 -0.103 0.057 -0.131 0.047 -0.053 0.103 0.128 -0.055 -0.087 0.031 -0.053 0.302 0
-0.611 0.171 -0.211 0.012 0.08 -0.037 -0.115 -0.159 0.01 -0.023 -0.205 7.552 -0.107 0.008 -0.122 0.018 -0.068 0.049 0.073 -0.05 -0.096 0.018 -0.047 0.182 0
-0.259 0.319 -0.132 0.129 0.151 0.034 -0.065 -0.065 0.022 -0.009 -0.103 -0.107 6.003 0.119 -0.049 0.072 0.022 0.138 0.149 -0.021 0.001 0.033 -0.024 0.325 0
0.275 0.483 -0.001 0.275 0.23 0.128 0.014 0.077 0.035 0.013 0.057 0.008 0.119 4.202 0.06 0.137 0.146 0.245 0.235 0.024 0.137 0.05 0.013 0.48 0
-0.367 0.222 -0.147 0.067 0.105 0.002 -0.077 -0.094 0.015 -0.013 -0.131 -0.122 -0.049 0.06 6.662 0.042 -0.016 0.086 0.101 -0.03 -0.037 0.023 -0.03 0.229 0
0.196 0.243 0.016 0.145 0.116 0.071 0.017 0.054 0.018 0.009 0.047 0.018 0.072 0.137 0.042 3.45 0.083 0.126 0.119 0.017 0.08 0.025 0.011 0.241 0
-0.098 0.336 -0.087 0.156 0.16 0.056 -0.039 -0.022 0.024 -0.002 -0.053 -0.068 0.022 0.146 -0.016 0.083 5.466 0.155 0.159 -0.007 0.036 0.035 -0.012 0.339 0
0.407 0.42 0.049 0.259 0.2 0.131 0.04 0.111 0.031 0.018 0.103 0.049 0.138 0.245 0.086 0.126 0.155 3.142 0.207 0.035 0.153 0.043 0.024 0.415 0
0.48 0.382 0.077 0.249 0.182 0.132 0.055 0.13 0.029 0.021 0.128 0.073 0.149 0.235 0.101 0.119 0.159 0.207 2.142 0.041 0.161 0.039 0.03 0.375 0
-0.153 0.09 -0.061 0.027 0.043 0 -0.032 -0.039 0.006 -0.006 -0.055 -0.05 -0.021 0.024 -0.03 0.017 -0.007 0.035 0.041 6.757 -0.016 0.009 -0.013 0.093 0
-0.203 0.344 -0.119 0.148 0.163 0.045 -0.057 -0.05 0.024 -0.006 -0.087 -0.096 0.001 0.137 -0.037 0.08 0.036 0.153 0.161 -0.016 5.795 0.036 -0.02 0.349 0
0.112 0.079 0.02 0.053 0.038 0.029 0.014 0.03 0.006 0.005 0.031 0.018 0.033 0.05 0.023 0.025 0.035 0.043 0.039 0.009 0.036 1.281 0.007 0.077 0
-0.152 0.067 -0.057 0.015 0.031 -0.004 -0.03 -0.039 0.004 -0.006 -0.053 -0.047 -0.024 0.013 -0.03 0.011 -0.012 0.024 0.03 -0.013 -0.02 0.007 7.121 0.07 0
1.099 0.749 0.198 0.507 0.358 0.277 0.134 0.297 0.057 0.047 0.302 0.182 0.325 0.48 0.229 0.241 0.339 0.415 0.375 0.093 0.349 0.077 0.07 1.807 0
0 0 0 0 0 0 0 0 0 0 0 0 0 0 0 0 0 0 0 0 0 0 0 0 74.045

 Final eigenvalues for each cluster >> 
 (rows correspond to clusters)
74.045 8.779 8.157 7.389 7.345 7.164 6.749 6.25 6.234 5.702 5.099 4.44 4.405 4.405 4.082 3.748 3.673 3.077 3.044 2.886 1.503 1.293 1.104 1.06 1.015
74.045 7.885 7.728 7.513 7.141 7.134 6.81 6.769 6.751 6.733 6.631 6.017 5.779 5.413 5.031 3.943 3.873 3.378 2.92 2.145 1.952 1.489 1.423 1.273 1.075

 *************************************************

 ********************* rotation ******************

 *************************************************


 The orthogonal matrix Q >>
0.173 0.306 0.285 0.097 0.297 0.02 0.314 0.146 0.112 0.117 0.104 0.169 0.316 0.107 0.207 0.244 0.083 0.342 0.215 0.082 0.194 0.283 0.001 0.063
0.306 -0.92 0.074 0.025 0.077 0.005 0.082 0.038 0.029 0.031 0.027 0.044 0.082 0.028 0.054 0.063 0.022 0.089 0.056 0.021 0.051 0.074 0 0.016
0.285 0.074 -0.931 0.024 0.072 0.005 0.076 0.035 0.027 0.028 0.025 0.041 0.077 0.026 0.05 0.059 0.02 0.083 0.052 0.02 0.047 0.069 0 0.015
0.097 0.025 0.024 -0.992 0.025 0.002 0.026 0.012 0.009 0.01 0.009 0.014 0.026 0.009 0.017 0.02 0.007 0.028 0.018 0.007 0.016 0.024 0 0.005
0.297 0.077 0.072 0.025 -0.925 0.005 0.079 0.037 0.028 0.03 0.026 0.043 0.08 0.027 0.052 0.062 0.021 0.086 0.054 0.021 0.049 0.072 0 0.016
0.02 0.005 0.005 0.002 0.005 -1 0.005 0.003 0.002 0.002 0.002 0.003 0.006 0.002 0.004 0.004 0.001 0.006 0.004 0.001 0.003 0.005 0 0.001
0.314 0.082 0.076 0.026 0.079 0.005 -0.916 0.039 0.03 0.031 0.028 0.045 0.085 0.029 0.055 0.065 0.022 0.091 0.058 0.022 0.052 0.076 0 0.017
0.146 0.038 0.035 0.012 0.037 0.003 0.039 -0.982 0.014 0.015 0.013 0.021 0.039 0.013 0.026 0.03 0.01 0.042 0.027 0.01 0.024 0.035 0 0.008
0.112 0.029 0.027 0.009 0.028 0.002 0.03 0.014 -0.989 0.011 0.01 0.016 0.03 0.01 0.02 0.023 0.008 0.033 0.021 0.008 0.019 0.027 0 0.006
0.117 0.031 0.028 0.01 0.03 0.002 0.031 0.015 0.011 -0.988 0.01 0.017 0.032 0.011 0.021 0.024 0.008 0.034 0.022 0.008 0.019 0.028 0 0.006
0.104 0.027 0.025 0.009 0.026 0.002 0.028 0.013 0.01 0.01 -0.991 0.015 0.028 0.009 0.018 0.022 0.007 0.03 0.019 0.007 0.017 0.025 0 0.006
0.169 0.044 0.041 0.014 0.043 0.003 0.045 0.021 0.016 0.017 0.015 -0.976 0.045 0.015 0.03 0.035 0.012 0.049 0.031 0.012 0.028 0.041 0 0.009
0.316 0.082 0.077 0.026 0.08 0.006 0.085 0.039 0.03 0.032 0.028 0.045 -0.915 0.029 0.056 0.066 0.022 0.092 0.058 0.022 0.052 0.076 0 0.017
0.107 0.028 0.026 0.009 0.027 0.002 0.029 0.013 0.01 0.011 0.009 0.015 0.029 -0.99 0.019 0.022 0.008 0.031 0.02 0.008 0.018 0.026 0 0.006
0.207 0.054 0.05 0.017 0.052 0.004 0.055 0.026 0.02 0.021 0.018 0.03 0.056 0.019 -0.963 0.043 0.015 0.06 0.038 0.015 0.034 0.05 0 0.011
0.244 0.063 0.059 0.02 0.062 0.004 0.065 0.03 0.023 0.024 0.022 0.035 0.066 0.022 0.043 -0.949 0.017 0.071 0.045 0.017 0.04 0.059 0 0.013
0.083 0.022 0.02 0.007 0.021 0.001 0.022 0.01 0.008 0.008 0.007 0.012 0.022 0.008 0.015 0.017 -0.994 0.024 0.015 0.006 0.014 0.02 0 0.004
0.342 0.089 0.083 0.028 0.086 0.006 0.091 0.042 0.033 0.034 0.03 0.049 0.092 0.031 0.06 0.071 0.024 -0.9 0.063 0.024 0.057 0.083 0 0.018
0.215 0.056 0.052 0.018 0.054 0.004 0.058 0.027 0.021 0.022 0.019 0.031 0.058 0.02 0.038 0.045 0.015 0.063 -0.96 0.015 0.036 0.052 0 0.012
0.082 0.021 0.02 0.007 0.021 0.001 0.022 0.01 0.008 0.008 0.007 0.012 0.022 0.008 0.015 0.017 0.006 0.024 0.015 -0.994 0.014 0.02 0 0.004
0.194 0.051 0.047 0.016 0.049 0.003 0.052 0.024 0.019 0.019 0.017 0.028 0.052 0.018 0.034 0.04 0.014 0.057 0.036 0.014 -0.968 0.047 0 0.01
0.283 0.074 0.069 0.024 0.072 0.005 0.076 0.035 0.027 0.028 0.025 0.041 0.076 0.026 0.05 0.059 0.02 0.083 0.052 0.02 0.047 -0.932 0 0.015
0.001 0 0 0 0 0 0 0 0 0 0 0 0 0 0 0 0 0 0 0 0 0 -1 0
0.063 0.016 0.015 0.005 0.016 0.001 0.017 0.008 0.006 0.006 0.006 0.009 0.017 0.006 0.011 0.013 0.004 0.018 0.012 0.004 0.01 0.015 0 -0.997

 Mean vectors and covariance matrices after rotation --- 1th cluster >>

 mean vector (mu'=Q*mu)>>
-0.698 -0.174 -1.759 -0.827 -2.405 0 -1.469 -1.238 -0.011 -2.596 -2.52 -2.684 -0.881 -0.533 -0.707 -0.91 -1.431 -1.65 -2.663 -0.997 -2.068 -2.418 -2.901 -0.953 -1.828

 covariance matrix (Sigma'=Q*Sigma*t(Q))>>

3.051 -0.058 0.039 0.098 0.017 0 0.051 -0.065 -0.007 0.048 0.01 0.026 -0.045 0.016 -0.008 0.007 -0.001 0.041 0.04 -0.001 0.009 0.024 0.015 0.058 0.004
-0.058 1.174 -0.14 -0.041 -0.159 0 -0.353 0.166 0.115 -0.279 -0.224 -0.214 0.119 -0.017 0.011 -0.028 -0.018 -0.104 -0.273 -0.103 -0.159 -0.231 -0.186 -0.112 -0.03
0.039 -0.14 6.711 -0.032 -0.003 0 -0.062 -0.121 -0.098 -0.073 -0.017 0.141 -0.09 -0.02 0.001 -0.015 0.052 -0.04 0.204 -0.02 0.044 -0.047 0.029 -0.022 -0.026
0.098 -0.041 -0.032 7.077 0.138 0 0.562 0.098 -0.134 -0.049 0.147 0.368 0.061 -0.034 0.082 0.03 0.204 -0.051 0.426 0.052 0.211 0.049 0.236 -0.128 0.096
0.017 -0.159 -0.003 0.138 5.068 0 -0.131 -0.169 -0.049 -0.05 -0.07 0.06 -0.12 0.006 -0.018 -0.013 0.013 0.009 0.112 -0.048 -0.013 -0.064 -0.025 0.055 -0.036
0 0 0 0 0 74.045 0 0 0 0 0 0 0 0 0 0 0 0 0 0 0 0 0 0 0
0.051 -0.353 -0.062 0.562 -0.131 0 4.047 -0.263 -0.006 -0.394 -0.382 0.18 -0.187 0.051 0.025 0 0.18 0.034 0.289 -0.259 -0.089 -0.384 -0.095 0.13 0.005
-0.065 0.166 -0.121 0.098 -0.169 0 -0.263 1.292 0.169 -0.303 -0.278 -0.24 0.136 0.008 0.02 -0.014 -0.002 -0.064 -0.311 -0.139 -0.189 -0.269 -0.204 -0.068 -0.002
-0.007 0.115 -0.098 -0.134 -0.049 0 -0.006 0.169 3.787 -0.185 -0.082 -0.023 0.117 -0.022 0.038 -0.005 0.055 -0.082 -0.051 -0.041 -0.029 -0.12 -0.034 -0.122 0.021
0.048 -0.279 -0.073 -0.049 -0.05 0 -0.394 -0.303 -0.185 8.048 -0.051 0.167 -0.22 -0.044 -0.035 -0.05 0.018 -0.085 0.282 -0.035 0.032 -0.085 -0.016 -0.022 -0.108
0.01 -0.224 -0.017 0.147 -0.07 0 -0.382 -0.278 -0.082 -0.051 6.139 0.027 -0.198 -0.004 -0.049 -0.036 -0.036 -0.01 0.099 -0.056 -0.042 -0.08 -0.075 0.069 -0.093
0.026 -0.214 0.141 0.368 0.06 0 0.18 -0.24 -0.023 0.167 0.027 3.17 -0.166 0.058 -0.028 0.025 -0.002 0.152 0.143 -0.01 0.029 0.079 0.052 0.215 0.013
-0.045 0.119 -0.09 0.061 -0.12 0 -0.187 0.136 0.117 -0.22 -0.198 -0.166 1.391 0.004 0.015 -0.01 0.002 -0.049 -0.216 -0.099 -0.132 -0.193 -0.143 -0.053 -0.002
0.016 -0.017 -0.02 -0.034 0.006 0 0.051 0.008 -0.022 -0.044 -0.004 0.058 0.004 5.694 0.014 0.001 0.038 -0.019 0.072 -0.007 0.023 -0.022 0.023 -0.027 0.01
-0.008 0.011 0.001 0.082 -0.018 0 0.025 0.02 0.038 -0.035 -0.049 -0.028 0.015 0.014 1.509 0.006 0.009 0.016 -0.038 -0.03 -0.029 -0.04 -0.024 0.02 0.013
0.007 -0.028 -0.015 0.03 -0.013 0 0 -0.014 -0.005 -0.05 -0.036 0.025 -0.01 0.001 0.006 4.404 0.024 -0.006 0.036 -0.024 -0.004 -0.042 -0.006 -0.002 0.002
-0.001 -0.018 0.052 0.204 0.013 0 0.18 -0.002 0.055 0.018 -0.036 -0.002 0.002 0.038 0.009 0.024 1.083 0.075 -0.01 -0.032 -0.016 -0.011 0.005 0.085 0.042
0.041 -0.104 -0.04 -0.051 0.009 0 0.034 -0.064 -0.082 -0.085 -0.01 0.152 -0.049 -0.019 0.016 -0.006 0.075 6.21 0.204 -0.018 0.054 -0.048 0.047 -0.039 -0.003
0.04 -0.273 0.204 0.426 0.112 0 0.289 -0.311 -0.051 0.282 0.099 0.143 -0.216 0.072 -0.038 0.036 -0.01 0.204 3.096 0.023 0.072 0.164 0.105 0.277 0.021
-0.001 -0.103 -0.02 0.052 -0.048 0 -0.259 -0.139 -0.041 -0.035 -0.056 -0.01 -0.099 -0.007 -0.03 -0.024 -0.032 -0.018 0.023 7.361 -0.033 -0.048 -0.055 0.023 -0.059
0.009 -0.159 0.044 0.211 -0.013 0 -0.089 -0.189 -0.029 0.032 -0.042 0.029 -0.132 0.023 -0.029 -0.004 -0.016 0.054 0.072 -0.033 4.389 -0.013 -0.021 0.109 -0.03
0.024 -0.231 -0.047 0.049 -0.064 0 -0.384 -0.269 -0.12 -0.085 -0.08 0.079 -0.193 -0.022 -0.04 -0.042 -0.011 -0.048 0.164 -0.048 -0.013 7.077 -0.053 0.02 -0.097
0.015 -0.186 0.029 0.236 -0.025 0 -0.095 -0.204 -0.034 -0.016 -0.075 0.052 -0.143 0.023 -0.024 -0.006 0.005 0.047 0.105 -0.055 -0.021 -0.053 4.413 0.107 -0.03
0.058 -0.112 -0.022 -0.128 0.055 0 0.13 -0.068 -0.122 -0.022 0.069 0.215 -0.053 -0.027 0.02 -0.002 0.085 -0.039 0.277 0.023 0.109 0.02 0.107 8.729 0.006
0.004 -0.03 -0.026 0.096 -0.036 0 0.005 -0.002 0.021 -0.108 -0.093 0.013 -0.002 0.01 0.013 0.002 0.042 -0.003 0.021 -0.059 -0.03 -0.097 -0.03 0.006 3.683

 Mean vectors and covariance matrices after rotation --- 2th cluster >>

 mean vector (mu'=Q*mu)>>
0.698 0.174 1.759 0.827 2.405 0 1.469 1.238 0.011 2.596 2.52 2.684 0.881 0.533 0.707 0.91 1.431 1.65 2.663 0.997 2.068 2.418 2.901 0.953 1.828

 covariance matrix (Sigma'=Q*Sigma*t(Q))>>

6.764 -0.017 -0.013 -0.029 0.085 0 -0.075 -0.011 0.001 0.012 0.053 -0.013 -0.006 -0.064 -0.016 -0.026 -0.012 -0.013 -0.029 -0.006 0.022 -0.025 0.033 0.024 0.02
-0.017 5.076 -0.041 0.101 -0.016 0 -0.251 -0.025 -0.001 0.188 0.067 -0.036 -0.031 0.224 0.035 0.092 -0.065 0.002 -0.09 -0.026 0.017 -0.105 0.053 -0.001 0.078
-0.013 -0.041 6.7 -0.076 0.209 0 -0.191 -0.025 0.003 0.022 0.127 -0.035 -0.009 -0.167 -0.038 -0.066 -0.027 -0.033 -0.075 -0.016 0.051 -0.063 0.075 0.059 0.045
-0.029 0.101 -0.076 4.022 -0.08 0 -0.521 0.005 0.03 0.179 0.023 -0.11 0.042 0.271 0.081 0.132 -0.074 -0.001 -0.225 -0.078 -0.04 -0.178 -0.012 -0.029 0.055
0.085 -0.016 0.209 -0.08 1.715 0 1.103 0.219 0.053 0 0.257 0.255 0.263 -0.425 0.058 -0.055 0.256 0.166 0.217 0.076 0.194 0.318 0.246 0.138 0.101
0 0 0 0 0 74.045 0 0 0 0 0 0 0 0 0 0 0 0 0 0 0 0 0 0 0
-0.075 -0.251 -0.191 -0.521 1.103 0 5.697 -0.118 0.033 -0.136 0.564 -0.242 0.004 -1.16 -0.24 -0.463 -0.108 -0.218 -0.44 -0.109 0.2 -0.318 0.272 0.297 0.12
-0.011 -0.025 -0.025 0.005 0.219 0 -0.118 6.706 -0.016 0.209 0.212 0.01 -0.065 0.03 -0.021 0.01 -0.058 -0.007 -0.035 0.004 0.11 -0.075 0.173 0.073 0.135
0.001 -0.001 0.003 0.03 0.053 0 0.033 -0.016 7.122 0.113 0.078 0.026 -0.036 0.077 0.001 0.029 -0.02 0.011 0.019 0.013 0.049 -0.011 0.077 0.022 0.063
0.012 0.188 0.022 0.179 0 0 -0.136 0.209 0.113 1.513 0.028 -0.053 0.34 0.086 0.2 0.163 0.101 0.109 -0.26 -0.105 -0.046 -0.045 -0.021 -0.017 0.032
0.053 0.067 0.127 0.023 0.257 0 0.564 0.212 0.078 0.028 1.646 0.12 0.294 -0.221 0.114 0.031 0.189 0.138 0.012 -0.002 0.09 0.161 0.128 0.073 0.067
-0.013 -0.036 -0.035 -0.11 0.255 0 -0.242 0.01 0.026 -0.053 0.12 5.956 0.061 -0.294 -0.03 -0.098 0.002 -0.035 -0.13 -0.038 0.034 -0.064 0.047 0.065 0.017
-0.006 -0.031 -0.009 0.042 0.263 0 0.004 -0.065 -0.036 0.34 0.294 0.061 7.023 0.134 -0.023 0.046 -0.075 0.012 0.025 0.032 0.172 -0.064 0.266 0.096 0.207
-0.064 0.224 -0.167 0.271 -0.425 0 -1.16 0.03 0.077 0.086 -0.221 -0.294 0.134 1.563 0.168 0.23 -0.121 -0.033 -0.483 -0.185 -0.237 -0.338 -0.262 -0.151 -0.067
-0.016 0.035 -0.038 0.081 0.058 0 -0.24 -0.021 0.001 0.2 0.114 -0.03 -0.023 0.168 5.442 0.075 -0.06 0.003 -0.095 -0.025 0.042 -0.105 0.088 0.021 0.098
-0.026 0.092 -0.066 0.132 -0.055 0 -0.463 0.01 0.029 0.163 0.031 -0.098 0.046 0.23 0.075 4.06 -0.062 0.002 -0.207 -0.071 -0.031 -0.159 -0.003 -0.021 0.054
-0.012 -0.065 -0.027 -0.074 0.256 0 -0.108 -0.058 -0.02 0.101 0.189 0.002 -0.075 -0.121 -0.06 -0.062 7.68 -0.033 -0.017 0.01 0.101 -0.055 0.144 0.081 0.093
-0.013 0.002 -0.033 -0.001 0.166 0 -0.218 -0.007 0.011 0.109 0.138 -0.035 0.012 -0.033 0.003 0.002 -0.033 5.769 -0.104 -0.027 0.052 -0.084 0.09 0.048 0.076
-0.029 -0.09 -0.075 -0.225 0.217 0 -0.44 -0.035 0.019 -0.26 0.012 -0.13 0.025 -0.483 -0.095 -0.207 -0.017 -0.104 7.357 -0.051 -0.035 -0.086 -0.07 0.044 -0.088
-0.006 -0.026 -0.016 -0.078 0.076 0 -0.109 0.004 0.013 -0.105 -0.002 -0.038 0.032 -0.185 -0.025 -0.071 0.01 -0.027 -0.051 6.613 -0.015 -0.014 -0.029 0.015 -0.037
0.022 0.017 0.051 -0.04 0.194 0 0.2 0.11 0.049 -0.046 0.09 0.034 0.172 -0.237 0.042 -0.031 0.101 0.052 -0.035 -0.015 3.419 0.067 0.053 0.05 0.016
-0.025 -0.105 -0.063 -0.178 0.318 0 -0.318 -0.075 -0.011 -0.045 0.161 -0.064 -0.064 -0.338 -0.105 -0.159 -0.055 -0.084 -0.086 -0.014 0.067 7.793 0.085 0.089 0.033
0.033 0.053 0.075 -0.012 0.246 0 0.272 0.173 0.077 -0.021 0.128 0.047 0.266 -0.262 0.088 -0.003 0.144 0.09 -0.07 -0.029 0.053 0.085 2.999 0.063 0.037
0.024 -0.001 0.059 -0.029 0.138 0 0.297 0.073 0.022 -0.017 0.073 0.065 0.096 -0.151 0.021 -0.021 0.081 0.048 0.044 0.015 0.05 0.089 0.063 2.186 0.023
0.02 0.078 0.045 0.055 0.101 0 0.12 0.135 0.063 0.032 0.067 0.017 0.207 -0.067 0.098 0.054 0.093 0.076 -0.088 -0.037 0.016 0.033 0.037 0.023 1.984

 Final eigenvalues for each cluster >> 
 (rows correspond to clusters)
74.045 8.779 8.157 7.389 7.345 7.164 6.749 6.25 6.234 5.702 5.099 4.44 4.405 4.405 4.082 3.748 3.673 3.077 3.044 2.886 1.503 1.293 1.104 1.06 1.015
74.045 7.885 7.728 7.513 7.141 7.134 6.81 6.769 6.751 6.733 6.631 6.017 5.779 5.413 5.031 3.943 3.873 3.378 2.92 2.145 1.952 1.489 1.423 1.273 1.075

 theoretical Separation index matrix >>

-1 0.34
0.34 -1

 theoretical projection directions >>

**** cluster 1 and 2
0.067 0.116 0.134 0.03 0.271 0 0.198 0.206 -0.003 0.292 0.308 0.291 0.101 0.181 0.098 0.128 0.143 0.13 0.271 0.099 0.26 0.191 0.381 0.047 0.319

 empirical Separation index matrix (alpha= 0.05 )>>

-1 0.389
0.389 -1

 empirical projection directions >>

**** cluster 1 and 2
-0.061 -0.159 -0.1 -0.132 -0.334 0.058 0.042 -0.164 0.172 -0.46 -0.354 -0.129 -0.07 -0.156 -0.051 -0.024 0.041 -0.086 -0.271 -0.117 -0.174 -0.228 -0.326 -0.082 -0.303
