
 Log information for the data set datasetJHG2v24nv1out0_1.dat >>

 alpha = 0.05 sepVal = 0.34

 Number of clusters >> 2

 cluster sizes >>
50 50

 Number of data points >> 100

 Number of dimensions >> 25

 Number of noisy dimensions >> 1

 noisy variables >>
18

 Number of outliers >> 0

 initial eigenvalues for each cluster >> 
 (rows correspond to clusters)
5.423 9.358 8.495 5.457 4.218 1.92 8.889 2.1 1.276 9.595 6.433 9.184 8.368 3.948 5.778 8.267 5.073 5.027 4.981 2.869 6.216 8.337 9.06 2.847
5.083 5.711 2.094 9.533 5.501 9.026 4.678 7.939 4.941 5.808 3.38 8.799 5.692 3.561 5.135 3.894 5.397 5.998 5.081 9.403 8.466 9.201 3.723 1.275

 Mean vectors and covariance matrices before rotation --- 1th cluster >>

 mean vector (mu'=Q*mu)>>
-8.627 0 0 0 0 0 0 0 0 0 0 0 0 0 0 0 0 0 0 0 0 0 0 0 0

 covariance matrix (Sigma'=Q*Sigma*t(Q))>>

5.468 -1.221 -0.798 0.001 0.207 1.071 -0.62 0.932 1.158 -0.466 -0.06 -0.223 -0.826 0.416 -0.079 -0.234 0.082 0.019 0.045 0.648 -0.126 -0.786 -0.104 0.34 0
-1.221 8.689 -0.5 -0.156 -0.122 -0.032 -0.363 -0.043 0.019 -0.248 -0.083 -0.125 -0.53 -0.181 -0.289 -0.153 -0.204 -0.041 -0.087 -0.091 -0.214 -0.508 -0.059 -0.047 0
-0.798 -0.5 8.128 -0.102 -0.07 0.033 -0.269 0.018 0.071 -0.186 -0.057 -0.093 -0.389 -0.098 -0.194 -0.112 -0.13 -0.026 -0.055 -0.027 -0.147 -0.372 -0.044 -0.014 0
0.001 -0.156 -0.102 5.456 0.026 0.135 -0.079 0.117 0.146 -0.06 -0.008 -0.029 -0.106 0.052 -0.011 -0.03 0.01 0.002 0.005 0.081 -0.017 -0.101 -0.013 0.043 0
0.207 -0.122 -0.07 0.026 4.277 0.208 -0.058 0.183 0.216 -0.048 0.002 -0.022 -0.07 0.108 0.032 -0.019 0.049 0.01 0.023 0.137 0.011 -0.066 -0.01 0.072 0
1.071 -0.032 0.033 0.135 0.208 2.481 0.004 0.501 0.56 -0.019 0.041 -0.003 0.045 0.363 0.209 0.015 0.216 0.044 0.097 0.401 0.121 0.045 -0.001 0.209 0
-0.62 -0.363 -0.269 -0.079 -0.058 0.004 8.693 -0.005 0.031 -0.135 -0.043 -0.068 -0.285 -0.084 -0.149 -0.082 -0.102 -0.02 -0.044 -0.034 -0.111 -0.273 -0.032 -0.017 0
0.932 -0.043 0.018 0.117 0.183 0.501 -0.005 2.547 0.501 -0.022 0.035 -0.006 0.029 0.321 0.181 0.01 0.189 0.039 0.085 0.357 0.104 0.03 -0.002 0.186 0
1.158 0.019 0.071 0.146 0.216 0.56 0.031 0.501 1.831 0 0.047 0.006 0.085 0.375 0.23 0.027 0.231 0.047 0.103 0.405 0.137 0.084 0.004 0.212 0
-0.466 -0.248 -0.186 -0.06 -0.048 -0.019 -0.135 -0.022 0 9.503 -0.031 -0.046 -0.197 -0.072 -0.11 -0.057 -0.078 -0.016 -0.034 -0.039 -0.081 -0.189 -0.022 -0.02 0
-0.06 -0.083 -0.057 -0.008 0.002 0.041 -0.043 0.035 0.047 -0.031 6.426 -0.015 -0.06 0.007 -0.018 -0.017 -0.007 -0.001 -0.003 0.021 -0.016 -0.057 -0.007 0.011 0
-0.223 -0.125 -0.093 -0.029 -0.022 -0.003 -0.068 -0.006 0.006 -0.046 -0.015 9.16 -0.099 -0.032 -0.053 -0.029 -0.037 -0.007 -0.016 -0.015 -0.039 -0.095 -0.011 -0.008 0
-0.826 -0.53 -0.389 -0.106 -0.07 0.045 -0.285 0.029 0.085 -0.197 -0.06 -0.099 7.957 -0.097 -0.201 -0.119 -0.134 -0.027 -0.057 -0.022 -0.153 -0.394 -0.047 -0.011 0
0.416 -0.181 -0.098 0.052 0.108 0.363 -0.084 0.321 0.375 -0.072 0.007 -0.032 -0.097 4.145 0.069 -0.027 0.094 0.02 0.043 0.243 0.029 -0.092 -0.015 0.127 0
-0.079 -0.289 -0.194 -0.011 0.032 0.209 -0.149 0.181 0.23 -0.11 -0.018 -0.053 -0.201 0.069 5.741 -0.057 0.002 0.001 0.003 0.122 -0.04 -0.192 -0.025 0.064 0
-0.234 -0.153 -0.112 -0.03 -0.019 0.015 -0.082 0.01 0.027 -0.057 -0.017 -0.029 -0.119 -0.027 -0.057 8.233 -0.038 -0.008 -0.016 -0.005 -0.044 -0.114 -0.013 -0.002 0
0.082 -0.204 -0.13 0.01 0.049 0.216 -0.102 0.189 0.231 -0.078 -0.007 -0.037 -0.134 0.094 0.002 -0.038 5.102 0.006 0.014 0.135 -0.012 -0.127 -0.017 0.071 0
0.019 -0.041 -0.026 0.002 0.01 0.044 -0.02 0.039 0.047 -0.016 -0.001 -0.007 -0.027 0.02 0.001 -0.008 0.006 5.028 0.003 0.028 -0.002 -0.025 -0.003 0.015 0
0.045 -0.087 -0.055 0.005 0.023 0.097 -0.044 0.085 0.103 -0.034 -0.003 -0.016 -0.057 0.043 0.003 -0.016 0.014 0.003 4.988 0.061 -0.004 -0.054 -0.007 0.032 0
0.648 -0.091 -0.027 0.081 0.137 0.401 -0.034 0.357 0.405 -0.039 0.021 -0.015 -0.022 0.243 0.122 -0.005 0.135 0.028 0.061 3.148 0.066 -0.019 -0.007 0.146 0
-0.126 -0.214 -0.147 -0.017 0.011 0.121 -0.111 0.104 0.137 -0.081 -0.016 -0.039 -0.153 0.029 -0.04 -0.044 -0.012 -0.002 -0.004 0.066 6.178 -0.146 -0.018 0.035 0
-0.786 -0.508 -0.372 -0.101 -0.066 0.045 -0.273 0.03 0.084 -0.189 -0.057 -0.095 -0.394 -0.092 -0.192 -0.114 -0.127 -0.025 -0.054 -0.019 -0.146 7.961 -0.045 -0.009 0
-0.104 -0.059 -0.044 -0.013 -0.01 -0.001 -0.032 -0.002 0.004 -0.022 -0.007 -0.011 -0.047 -0.015 -0.025 -0.013 -0.017 -0.003 -0.007 -0.007 -0.018 -0.045 9.055 -0.003 0
0.34 -0.047 -0.014 0.043 0.072 0.209 -0.017 0.186 0.212 -0.02 0.011 -0.008 -0.011 0.127 0.064 -0.002 0.071 0.015 0.032 0.146 0.035 -0.009 -0.003 2.923 0
0 0 0 0 0 0 0 0 0 0 0 0 0 0 0 0 0 0 0 0 0 0 0 0 60.208

 Mean vectors and covariance matrices before rotation --- 2th cluster >>

 mean vector (mu'=Q*mu)>>
8.627 0 0 0 0 0 0 0 0 0 0 0 0 0 0 0 0 0 0 0 0 0 0 0 0

 covariance matrix (Sigma'=Q*Sigma*t(Q))>>

5.358 -0.148 0.677 -1.139 -0.008 -0.136 0.132 -0.47 0.051 -0.042 0.088 -0.315 -0.137 0.1 0.013 0.507 -0.018 -0.229 0.008 -0.242 -0.119 -0.704 0.108 1.227 0
-0.148 5.572 0.193 -0.463 -0.014 -0.056 0.002 -0.206 -0.011 -0.034 0.021 -0.132 -0.133 0.023 -0.01 0.101 -0.068 -0.157 -0.004 -0.099 -0.051 -0.289 0.023 0.367 0
0.677 0.193 2.34 -0.062 0.027 -0.005 0.14 0.013 0.084 0.042 0.042 -0.008 0.19 0.051 0.04 0.295 0.153 0.151 0.02 -0.012 -0.001 -0.03 0.059 0.404 0
-1.139 -0.463 -0.062 8.958 -0.057 -0.074 -0.188 -0.312 -0.13 -0.107 -0.028 -0.176 -0.45 -0.037 -0.07 -0.26 -0.307 -0.431 -0.034 -0.124 -0.071 -0.371 -0.047 -0.029 0
-0.008 -0.014 0.027 -0.057 5.5 -0.007 0.002 -0.025 0 -0.004 0.003 -0.016 -0.013 0.003 -0.001 0.016 -0.006 -0.017 0 -0.012 -0.006 -0.035 0.004 0.05 0
-0.136 -0.056 -0.005 -0.074 -0.007 9.016 -0.022 -0.039 -0.016 -0.013 -0.003 -0.022 -0.055 -0.004 -0.008 -0.029 -0.037 -0.053 -0.004 -0.016 -0.009 -0.047 -0.005 0.001 0
0.132 0.002 0.14 -0.188 0.002 -0.022 4.718 -0.073 0.019 -0.001 0.019 -0.051 0.003 0.023 0.007 0.119 0.017 -0.016 0.004 -0.04 -0.019 -0.115 0.025 0.247 0
-0.47 -0.206 0.013 -0.312 -0.025 -0.039 -0.073 7.778 -0.053 -0.048 -0.007 -0.094 -0.2 -0.01 -0.029 -0.082 -0.132 -0.198 -0.014 -0.067 -0.037 -0.2 -0.014 0.059 0
0.051 -0.011 0.084 -0.13 0 -0.016 0.019 -0.053 4.95 -0.004 0.011 -0.036 -0.01 0.013 0.003 0.066 0.003 -0.021 0.002 -0.028 -0.014 -0.08 0.014 0.151 0
-0.042 -0.034 0.042 -0.107 -0.004 -0.013 -0.001 -0.048 -0.004 5.8 0.004 -0.03 -0.033 0.005 -0.003 0.02 -0.017 -0.038 -0.001 -0.023 -0.012 -0.067 0.005 0.081 0
0.088 0.021 0.042 -0.028 0.003 -0.003 0.019 -0.007 0.011 0.004 3.387 -0.007 0.021 0.008 0.005 0.045 0.019 0.015 0.003 -0.006 -0.002 -0.016 0.009 0.071 0
-0.315 -0.132 -0.008 -0.176 -0.016 -0.022 -0.051 -0.094 -0.036 -0.03 -0.007 8.745 -0.128 -0.009 -0.019 -0.066 -0.086 -0.124 -0.009 -0.038 -0.021 -0.113 -0.012 0.009 0
-0.137 -0.133 0.19 -0.45 -0.013 -0.055 0.003 -0.2 -0.01 -0.033 0.021 -0.128 5.565 0.023 -0.009 0.101 -0.064 -0.151 -0.004 -0.096 -0.049 -0.281 0.023 0.36 0
0.1 0.023 0.051 -0.037 0.003 -0.004 0.023 -0.01 0.013 0.005 0.008 -0.009 0.023 3.57 0.006 0.054 0.021 0.015 0.003 -0.008 -0.003 -0.022 0.011 0.087 0
0.013 -0.01 0.04 -0.07 -0.001 -0.008 0.007 -0.029 0.003 -0.003 0.005 -0.019 -0.009 0.006 5.136 0.03 -0.002 -0.015 0 -0.015 -0.007 -0.043 0.006 0.073 0
0.507 0.101 0.295 -0.26 0.016 -0.029 0.119 -0.082 0.066 0.02 0.045 -0.066 0.101 0.054 0.03 4.189 0.099 0.057 0.015 -0.055 -0.024 -0.156 0.06 0.506 0
-0.018 -0.068 0.153 -0.307 -0.006 -0.037 0.017 -0.132 0.003 -0.017 0.019 -0.086 -0.064 0.021 -0.002 0.099 5.371 -0.084 -0.001 -0.065 -0.033 -0.191 0.022 0.284 0
-0.229 -0.157 0.151 -0.431 -0.017 -0.053 -0.016 -0.198 -0.021 -0.038 0.015 -0.124 -0.151 0.015 -0.015 0.057 -0.084 5.829 -0.007 -0.092 -0.048 -0.271 0.015 0.296 0
0.008 -0.004 0.02 -0.034 0 -0.004 0.004 -0.014 0.002 -0.001 0.003 -0.009 -0.004 0.003 0 0.015 -0.001 -0.007 5.082 -0.007 -0.004 -0.021 0.003 0.037 0
-0.242 -0.099 -0.012 -0.124 -0.012 -0.016 -0.04 -0.067 -0.028 -0.023 -0.006 -0.038 -0.096 -0.008 -0.015 -0.055 -0.065 -0.092 -0.007 9.377 -0.015 -0.08 -0.01 -0.004 0
-0.119 -0.051 -0.001 -0.071 -0.006 -0.009 -0.019 -0.037 -0.014 -0.012 -0.002 -0.021 -0.049 -0.003 -0.007 -0.024 -0.033 -0.048 -0.004 -0.015 8.458 -0.045 -0.004 0.007 0
-0.704 -0.289 -0.03 -0.371 -0.035 -0.047 -0.115 -0.2 -0.08 -0.067 -0.016 -0.113 -0.281 -0.022 -0.043 -0.156 -0.191 -0.271 -0.021 -0.08 -0.045 8.962 -0.028 -0.003 0
0.108 0.023 0.059 -0.047 0.004 -0.005 0.025 -0.014 0.014 0.005 0.009 -0.012 0.023 0.011 0.006 0.06 0.022 0.015 0.003 -0.01 -0.004 -0.028 3.735 0.1 0
1.227 0.367 0.404 -0.029 0.05 0.001 0.247 0.059 0.151 0.081 0.071 0.009 0.36 0.087 0.073 0.506 0.284 0.296 0.037 -0.004 0.007 -0.003 0.1 1.926 0
0 0 0 0 0 0 0 0 0 0 0 0 0 0 0 0 0 0 0 0 0 0 0 0 60.208

 Final eigenvalues for each cluster >> 
 (rows correspond to clusters)
60.208 9.595 9.358 9.184 9.06 8.889 8.495 8.368 8.337 8.267 6.433 6.216 5.778 5.457 5.423 5.073 5.027 4.981 4.218 3.948 2.869 2.847 2.1 1.92 1.276
60.208 9.533 9.403 9.201 9.026 8.799 8.466 7.939 5.998 5.808 5.711 5.692 5.501 5.397 5.135 5.083 5.081 4.941 4.678 3.894 3.723 3.561 3.38 2.094 1.275

 *************************************************

 ********************* rotation ******************

 *************************************************


 The orthogonal matrix Q >>
0.054 0.289 0.08 0.29 0.166 0.16 0.241 0.131 0.2 0.002 0.005 0.08 0.087 0.23 0.145 0.221 0.353 0.201 0.101 0.054 0.093 0.29 0.359 0.342
0.289 -0.921 0.022 0.08 0.045 0.044 0.066 0.036 0.055 0 0.001 0.022 0.024 0.063 0.04 0.061 0.097 0.055 0.028 0.015 0.025 0.079 0.098 0.094
0.08 0.022 -0.994 0.022 0.013 0.012 0.018 0.01 0.015 0 0 0.006 0.007 0.018 0.011 0.017 0.027 0.015 0.008 0.004 0.007 0.022 0.027 0.026
0.29 0.08 0.022 -0.92 0.046 0.044 0.066 0.036 0.055 0 0.001 0.022 0.024 0.063 0.04 0.061 0.097 0.055 0.028 0.015 0.026 0.08 0.099 0.094
0.166 0.045 0.013 0.046 -0.974 0.025 0.038 0.021 0.032 0 0.001 0.013 0.014 0.036 0.023 0.035 0.056 0.032 0.016 0.009 0.015 0.046 0.057 0.054
0.16 0.044 0.012 0.044 0.025 -0.976 0.037 0.02 0.03 0 0.001 0.012 0.013 0.035 0.022 0.034 0.054 0.031 0.015 0.008 0.014 0.044 0.054 0.052
0.241 0.066 0.018 0.066 0.038 0.037 -0.945 0.03 0.046 0 0.001 0.018 0.02 0.053 0.033 0.051 0.081 0.046 0.023 0.012 0.021 0.066 0.082 0.078
0.131 0.036 0.01 0.036 0.021 0.02 0.03 -0.984 0.025 0 0.001 0.01 0.011 0.029 0.018 0.028 0.044 0.025 0.013 0.007 0.012 0.036 0.045 0.043
0.2 0.055 0.015 0.055 0.032 0.03 0.046 0.025 -0.962 0 0.001 0.015 0.017 0.044 0.028 0.042 0.067 0.038 0.019 0.01 0.018 0.055 0.068 0.065
0.002 0 0 0 0 0 0 0 0 -1 0 0 0 0 0 0 0.001 0 0 0 0 0 0.001 0.001
0.005 0.001 0 0.001 0.001 0.001 0.001 0.001 0.001 0 -1 0 0 0.001 0.001 0.001 0.002 0.001 0 0 0 0.001 0.002 0.002
0.08 0.022 0.006 0.022 0.013 0.012 0.018 0.01 0.015 0 0 -0.994 0.007 0.018 0.011 0.017 0.027 0.015 0.008 0.004 0.007 0.022 0.027 0.026
0.087 0.024 0.007 0.024 0.014 0.013 0.02 0.011 0.017 0 0 0.007 -0.993 0.019 0.012 0.018 0.029 0.017 0.008 0.004 0.008 0.024 0.03 0.028
0.23 0.063 0.018 0.063 0.036 0.035 0.053 0.029 0.044 0 0.001 0.018 0.019 -0.95 0.032 0.048 0.077 0.044 0.022 0.012 0.02 0.063 0.078 0.075
0.145 0.04 0.011 0.04 0.023 0.022 0.033 0.018 0.028 0 0.001 0.011 0.012 0.032 -0.98 0.031 0.049 0.028 0.014 0.008 0.013 0.04 0.049 0.047
0.221 0.061 0.017 0.061 0.035 0.034 0.051 0.028 0.042 0 0.001 0.017 0.018 0.048 0.031 -0.953 0.074 0.042 0.021 0.011 0.019 0.061 0.075 0.072
0.353 0.097 0.027 0.097 0.056 0.054 0.081 0.044 0.067 0.001 0.002 0.027 0.029 0.077 0.049 0.074 -0.881 0.067 0.034 0.018 0.031 0.097 0.12 0.115
0.201 0.055 0.015 0.055 0.032 0.031 0.046 0.025 0.038 0 0.001 0.015 0.017 0.044 0.028 0.042 0.067 -0.962 0.019 0.01 0.018 0.055 0.069 0.065
0.101 0.028 0.008 0.028 0.016 0.015 0.023 0.013 0.019 0 0 0.008 0.008 0.022 0.014 0.021 0.034 0.019 -0.99 0.005 0.009 0.028 0.035 0.033
0.054 0.015 0.004 0.015 0.009 0.008 0.012 0.007 0.01 0 0 0.004 0.004 0.012 0.008 0.011 0.018 0.01 0.005 -0.997 0.005 0.015 0.019 0.018
0.093 0.025 0.007 0.026 0.015 0.014 0.021 0.012 0.018 0 0 0.007 0.008 0.02 0.013 0.019 0.031 0.018 0.009 0.005 -0.992 0.025 0.032 0.03
0.29 0.079 0.022 0.08 0.046 0.044 0.066 0.036 0.055 0 0.001 0.022 0.024 0.063 0.04 0.061 0.097 0.055 0.028 0.015 0.025 -0.92 0.099 0.094
0.359 0.098 0.027 0.099 0.057 0.054 0.082 0.045 0.068 0.001 0.002 0.027 0.03 0.078 0.049 0.075 0.12 0.069 0.035 0.019 0.032 0.099 -0.878 0.116
0.342 0.094 0.026 0.094 0.054 0.052 0.078 0.043 0.065 0.001 0.002 0.026 0.028 0.075 0.047 0.072 0.115 0.065 0.033 0.018 0.03 0.094 0.116 -0.889

 Mean vectors and covariance matrices after rotation --- 1th cluster >>

 mean vector (mu'=Q*mu)>>
-1.988 -2.081 -0.044 -3.097 -1.254 -0.749 -1.729 -0.874 -2.493 -0.47 -3.049 -0.692 -1.134 -0.014 -1.379 -2.505 -1.431 0 -2.501 -0.799 -2.95 -0.692 -1.736 -0.464 -1.911

 covariance matrix (Sigma'=Q*Sigma*t(Q))>>

4.007 -0.095 0.03 -0.361 0.056 0.143 0.073 0.011 -0.04 0.023 -0.002 -0.035 0.038 0.106 0.047 -0.027 0.033 0 -0.052 0.04 0.1 0.135 -0.025 0.143 -0.135
-0.095 8.821 -0.017 -0.187 -0.079 0.017 -0.168 -0.019 -0.048 -0.234 0.002 -0.024 -0.225 0.052 -0.234 0.006 -0.041 0 -0.063 -0.046 0.152 0.022 0.049 -0.295 -0.068
0.03 -0.017 6.427 0.025 -0.002 -0.045 0.062 0.008 -0.048 0.022 0.029 -0.007 0.043 -0.027 0.052 0.022 0.019 0 -0.024 -0.005 0.048 -0.043 0.02 0.049 0.005
-0.361 -0.187 0.025 8.31 -0.129 0.279 -0.58 -0.115 -0.004 -0.381 -0.368 -0.06 -0.518 0.253 -0.584 -0.302 -0.222 0 -0.148 -0.054 -0.241 0.274 -0.188 -1.131 -0.309
0.056 -0.079 -0.002 -0.129 5.779 -0.022 0.104 0.014 -0.109 0 0.053 -0.029 0.044 0.003 0.061 0.031 0.037 0 -0.075 -0.004 0.155 -0.021 0.036 0.084 -0.056
0.143 0.017 -0.045 0.279 -0.022 8.157 0.226 0.06 -0.11 -0.036 0.279 0.002 0.089 -0.128 0.129 0.233 0.112 0 -0.011 -0.031 0.413 -0.199 0.212 0.41 0.122
0.073 -0.168 0.062 -0.58 0.104 0.226 1.411 -0.005 -0.086 0.171 -0.131 -0.059 0.151 0.153 0.159 -0.151 0.02 0 -0.11 0.074 -0.081 0.21 -0.15 0.091 -0.242
0.011 -0.019 0.008 -0.115 0.014 0.06 -0.005 4.986 0.01 -0.029 0.015 -0.007 -0.023 0.045 -0.022 0.006 0.01 0 -0.001 0.012 0.062 0.057 0.008 0.054 -0.037
-0.04 -0.048 -0.048 -0.004 -0.109 -0.11 -0.086 0.01 9.259 -0.294 0.157 -0.019 -0.219 -0.023 -0.21 0.14 0.01 0 -0.063 -0.074 0.385 -0.098 0.177 -0.128 0.012
0.023 -0.234 0.022 -0.381 0 -0.036 0.171 -0.029 -0.294 3.052 -0.176 -0.081 0.183 0.002 0.196 -0.174 -0.016 0 -0.246 -0.007 -0.139 -0.038 -0.147 -0.276 -0.211
-0.002 0.002 0.029 -0.368 0.053 0.279 -0.131 0.015 0.157 -0.176 5.132 -0.001 -0.179 0.194 -0.187 0.034 0.017 0 0.079 0.051 0.201 0.268 0.039 0.192 -0.094
-0.035 -0.024 -0.007 -0.06 -0.029 0.002 -0.059 -0.007 -0.019 -0.081 -0.001 9.175 -0.078 0.016 -0.082 0.001 -0.015 0 -0.023 -0.017 0.051 0.004 0.017 -0.109 -0.023
0.038 -0.225 0.043 -0.518 0.044 0.089 0.151 -0.023 -0.219 0.183 -0.179 -0.078 2.269 0.078 0.179 -0.186 -0.007 0 -0.205 0.028 -0.132 0.08 -0.165 -0.159 -0.248
0.106 0.052 -0.027 0.253 0.003 -0.128 0.153 0.045 -0.023 0.002 0.194 0.016 0.078 9.506 0.103 0.165 0.08 0 0.036 -0.009 0.245 -0.122 0.14 0.348 0.114
0.047 -0.234 0.052 -0.584 0.061 0.129 0.159 -0.022 -0.21 0.196 -0.187 -0.082 0.179 0.103 2.109 -0.197 -0.003 0 -0.204 0.041 -0.136 0.118 -0.179 -0.125 -0.272
-0.027 0.006 0.022 -0.302 0.031 0.233 -0.151 0.006 0.14 -0.174 0.034 0.001 -0.186 0.165 -0.197 5.476 -0.001 0 0.068 0.036 0.149 0.225 0.029 0.09 -0.076
0.033 -0.041 0.019 -0.222 0.037 0.112 0.02 0.01 0.01 -0.016 0.017 -0.015 -0.007 0.08 -0.003 -0.001 4.24 0 -0.007 0.029 0.088 0.107 -0.001 0.121 -0.075
0 0 0 0 0 0 0 0 0 0 0 0 0 0 0 0 0 60.208 0 0 0 0 0 0 0
-0.052 -0.063 -0.024 -0.148 -0.075 -0.011 -0.11 -0.001 -0.063 -0.246 0.079 -0.023 -0.205 0.036 -0.204 0.068 -0.007 0 8.279 -0.046 0.273 -0.005 0.105 -0.156 -0.046
0.04 -0.046 -0.005 -0.054 -0.004 -0.031 0.074 0.012 -0.074 -0.007 0.051 -0.017 0.028 -0.009 0.041 0.036 0.029 0 -0.046 6.21 0.123 -0.03 0.038 0.069 -0.023
0.1 0.152 0.048 -0.241 0.155 0.413 -0.081 0.062 0.385 -0.139 0.201 0.051 -0.132 0.245 -0.136 0.149 0.088 0 0.273 0.123 3.146 0.394 0.103 0.746 0.007
0.135 0.022 -0.043 0.274 -0.021 -0.199 0.21 0.057 -0.098 -0.038 0.268 0.004 0.08 -0.122 0.118 0.225 0.107 0 -0.005 -0.03 0.394 8.307 0.204 0.394 0.12
-0.025 0.049 0.02 -0.188 0.036 0.212 -0.15 0.008 0.177 -0.147 0.039 0.017 -0.165 0.14 -0.179 0.029 -0.001 0 0.105 0.038 0.103 0.204 5.055 0.126 -0.03
0.143 -0.295 0.049 -1.131 0.084 0.41 0.091 0.054 -0.128 -0.276 0.192 -0.109 -0.159 0.348 -0.125 0.09 0.121 0 -0.156 0.069 0.746 0.394 0.126 5.852 -0.388
-0.135 -0.068 0.005 -0.309 -0.056 0.122 -0.242 -0.037 0.012 -0.211 -0.094 -0.023 -0.248 0.114 -0.272 -0.076 -0.075 0 -0.046 -0.023 0.007 0.12 -0.03 -0.388 8.151

 Mean vectors and covariance matrices after rotation --- 2th cluster >>

 mean vector (mu'=Q*mu)>>
1.988 2.081 0.044 3.097 1.254 0.749 1.729 0.874 2.493 0.47 3.049 0.692 1.134 0.014 1.379 2.505 1.431 0 2.501 0.799 2.95 0.692 1.736 0.464 1.911

 covariance matrix (Sigma'=Q*Sigma*t(Q))>>

3.657 0.052 -0.021 0.152 0.032 0.104 0.047 0.022 0.122 0.05 0.091 0.071 0.13 0.026 -0.054 0.202 0.028 0 0.063 -0.004 -0.024 -0.134 0.125 0.269 -0.023
0.052 4.684 -0.012 0.077 -0.004 0.065 0.001 -0.003 0.029 0.006 -0.004 0.011 0.038 0.021 -0.117 -0.016 -0.016 0 -0.104 -0.044 0.04 -0.076 0.045 0.028 -0.02
-0.021 -0.012 3.386 -0.036 -0.014 0.011 -0.015 -0.011 -0.016 -0.012 -0.028 -0.016 -0.021 0.005 -0.026 -0.062 -0.019 0 -0.053 -0.015 0.023 0.027 -0.01 -0.05 0.014
0.152 0.077 -0.036 3.962 0.051 0.152 0.072 0.035 0.184 0.082 0.139 0.115 0.207 0.038 -0.079 0.332 0.046 0 0.11 -0.003 -0.065 -0.229 0.19 0.394 -0.054
0.032 -0.004 -0.014 0.051 5.135 0.031 -0.001 0 0.017 0.015 -0.001 0.021 0.043 0.011 -0.06 0.045 -0.006 0 -0.026 -0.019 -0.039 -0.087 0.029 -0.011 -0.046
0.104 0.065 0.011 0.152 0.031 5.614 0.045 0.025 -0.035 -0.063 0.037 -0.081 -0.12 -0.025 -0.04 -0.298 0.031 0 -0.188 -0.03 0.39 0.137 -0.067 0.149 0.119
0.047 0.001 -0.015 0.072 -0.001 0.045 4.943 0 0.023 0.013 0 0.019 0.045 0.015 -0.088 0.025 -0.009 0 -0.059 -0.031 -0.008 -0.092 0.038 0.007 -0.041
0.022 -0.003 -0.011 0.035 0 0.025 0 5.082 0.015 0.014 0.001 0.019 0.036 0.008 -0.039 0.047 -0.003 0 -0.008 -0.012 -0.04 -0.068 0.025 -0.005 -0.037
0.122 0.029 -0.016 0.184 0.017 -0.035 0.023 0.015 5.684 -0.028 0.005 -0.035 -0.037 -0.007 -0.126 -0.176 0.01 0 -0.196 -0.056 0.213 -0.043 -0.028 0.017 -0.005
0.05 0.006 -0.012 0.082 0.015 -0.063 0.013 0.014 -0.028 9.399 0.009 -0.006 -0.013 -0.017 -0.002 -0.021 0.021 0 -0.013 0 0.025 -0.043 -0.034 -0.031 -0.037
0.091 -0.004 -0.028 0.139 -0.001 0.037 0 0.001 0.005 0.009 5.381 0.014 0.046 0.015 -0.157 -0.02 -0.014 0 -0.141 -0.059 0.02 -0.153 0.029 -0.05 -0.079
0.071 0.011 -0.016 0.115 0.021 -0.081 0.019 0.019 -0.035 -0.006 0.014 8.79 -0.017 -0.023 -0.005 -0.031 0.028 0 -0.022 -0.002 0.044 -0.055 -0.042 -0.029 -0.045
0.13 0.038 -0.021 0.207 0.043 -0.12 0.045 0.036 -0.037 -0.013 0.046 -0.017 7.908 -0.035 -0.006 -0.063 0.054 0 -0.039 -0.002 0.13 -0.061 -0.056 0.037 -0.039
0.026 0.021 0.005 0.038 0.011 -0.025 0.015 0.008 -0.007 -0.017 0.015 -0.023 -0.035 5.8 0.001 -0.079 0.012 0 -0.04 -0.003 0.111 0.048 -0.019 0.055 0.04
-0.054 -0.117 -0.026 -0.079 -0.06 -0.04 -0.088 -0.039 -0.126 -0.002 -0.157 -0.005 -0.006 0.001 8.905 -0.047 -0.069 0 -0.127 -0.054 -0.239 -0.172 -0.073 -0.524 -0.189
0.202 -0.016 -0.062 0.332 0.045 -0.298 0.025 0.047 -0.176 -0.021 -0.02 -0.031 -0.063 -0.079 -0.047 9.421 0.067 0 -0.102 -0.02 0.023 -0.251 -0.18 -0.336 -0.233
0.028 -0.016 -0.019 0.046 -0.006 0.031 -0.009 -0.003 0.01 0.021 -0.014 0.028 0.054 0.012 -0.069 0.067 5.49 0 -0.022 -0.022 -0.087 -0.12 0.029 -0.062 -0.075
0 0 0 0 0 0 0 0 0 0 0 0 0 0 0 0 0 60.208 0 0 0 0 0 0 0
0.063 -0.104 -0.053 0.11 -0.026 -0.188 -0.059 -0.008 -0.196 -0.013 -0.141 -0.022 -0.039 -0.04 -0.127 -0.102 -0.022 0 9.037 -0.056 -0.18 -0.272 -0.154 -0.607 -0.276
-0.004 -0.044 -0.015 -0.003 -0.019 -0.03 -0.031 -0.012 -0.056 0 -0.059 -0.002 -0.002 -0.003 -0.054 -0.02 -0.022 0 -0.056 8.443 -0.091 -0.088 -0.035 -0.215 -0.089
-0.024 0.04 0.023 -0.065 -0.039 0.39 -0.008 -0.04 0.213 0.025 0.02 0.044 0.13 0.111 -0.239 0.023 -0.087 0 -0.18 -0.091 1.405 0.045 0.249 0.379 0.162
-0.134 -0.076 0.027 -0.229 -0.087 0.137 -0.092 -0.068 -0.043 -0.043 -0.153 -0.055 -0.061 0.048 -0.172 -0.251 -0.12 0 -0.272 -0.088 0.045 2.201 0.001 -0.251 0.061
0.125 0.045 -0.01 0.19 0.029 -0.067 0.038 0.025 -0.028 -0.034 0.029 -0.042 -0.056 -0.019 -0.073 -0.18 0.029 0 -0.154 -0.035 0.249 0.001 5.955 0.073 0.023
0.269 0.028 -0.05 0.394 -0.011 0.149 0.007 -0.005 0.017 -0.031 -0.05 -0.029 0.037 0.055 -0.524 -0.336 -0.062 0 -0.607 -0.215 0.379 -0.251 0.073 5.075 -0.064
-0.023 -0.02 0.014 -0.054 -0.046 0.119 -0.041 -0.037 -0.005 -0.037 -0.079 -0.045 -0.039 0.04 -0.189 -0.233 -0.075 0 -0.276 -0.089 0.162 0.061 0.023 -0.064 3.962

 Final eigenvalues for each cluster >> 
 (rows correspond to clusters)
60.208 9.595 9.358 9.184 9.06 8.889 8.495 8.368 8.337 8.267 6.433 6.216 5.778 5.457 5.423 5.073 5.027 4.981 4.218 3.948 2.869 2.847 2.1 1.92 1.276
60.208 9.533 9.403 9.201 9.026 8.799 8.466 7.939 5.998 5.808 5.711 5.692 5.501 5.397 5.135 5.083 5.081 4.941 4.678 3.894 3.723 3.561 3.38 2.094 1.275

 theoretical Separation index matrix >>

-1 0.34
0.34 -1

 theoretical projection directions >>

**** cluster 1 and 2
0.243 0.166 0.001 0.317 0.106 -0.014 0.324 0.088 0.146 0.064 0.295 0.039 0.134 -0.037 0.204 0.172 0.154 0 0.163 0.058 0.606 0.035 0.144 0.028 0.2

 empirical Separation index matrix (alpha= 0.05 )>>

-1 0.421
0.421 -1

 empirical projection directions >>

**** cluster 1 and 2
-0.132 -0.172 -0.001 -0.412 -0.084 -0.099 -0.282 -0.119 -0.095 -0.022 -0.383 -0.127 -0.104 0.118 -0.273 -0.083 -0.171 -0.002 -0.063 -0.124 -0.52 -0.16 -0.098 0.091 -0.178
