
 Log information for the data set datasetJHG2v24nv1out0_2.dat >>

 alpha = 0.05 sepVal = 0.34

 Number of clusters >> 2

 cluster sizes >>
50 50

 Number of data points >> 100

 Number of dimensions >> 25

 Number of noisy dimensions >> 1

 noisy variables >>
17

 Number of outliers >> 0

 initial eigenvalues for each cluster >> 
 (rows correspond to clusters)
9.849 5.051 9.429 4.669 2.035 1.565 3.396 4.26 1.235 4.183 8.113 4.144 3.507 1.032 9.936 3.951 6.722 5.886 5.785 7.964 7.645 9.066 4.76 5.432
9.562 1.563 2.967 9.713 5.815 1.055 5.474 4.051 7.308 6.785 7.411 1.872 5.334 2.272 2.312 4.779 3.16 3.574 4.727 9.572 8.434 1.07 6.06 5.165

 Mean vectors and covariance matrices before rotation --- 1th cluster >>

 mean vector (mu'=Q*mu)>>
-8.629 0 0 0 0 0 0 0 0 0 0 0 0 0 0 0 0 0 0 0 0 0 0 0 0

 covariance matrix (Sigma'=Q*Sigma*t(Q))>>

5.645 0.04 -0.61 0.086 1.047 0.679 0.439 0.157 1.038 0.288 -0.523 0.194 0.184 0.632 -0.126 0.711 -0.185 0.043 0.058 -0.672 -0.241 -0.836 0.43 0.104 0
0.04 5.059 0.009 0.014 0.083 0.051 0.044 0.021 0.075 0.037 0.025 0.025 0.019 0.045 0.001 0.084 0.042 0.044 0.039 0.037 0.018 0.018 0.073 0.032 0
-0.61 0.009 9.341 0.018 0.189 0.121 0.083 0.032 0.184 0.058 -0.068 0.039 0.035 0.112 -0.018 0.139 -0.011 0.024 0.024 -0.085 -0.029 -0.117 0.093 0.028 0
0.086 0.014 0.018 4.691 0.133 0.081 0.072 0.034 0.12 0.06 0.045 0.04 0.031 0.072 0.002 0.137 0.071 0.073 0.064 0.065 0.031 0.034 0.119 0.053 0
1.047 0.083 0.189 0.133 2.757 0.435 0.405 0.196 0.637 0.349 0.344 0.231 0.175 0.378 0.03 0.783 0.469 0.455 0.4 0.489 0.222 0.314 0.706 0.325 0
0.679 0.051 0.121 0.081 0.435 1.827 0.245 0.119 0.383 0.212 0.216 0.141 0.106 0.228 0.019 0.476 0.29 0.28 0.246 0.307 0.139 0.2 0.431 0.199 0
0.439 0.044 0.083 0.072 0.405 0.245 3.619 0.107 0.36 0.19 0.167 0.126 0.096 0.214 0.012 0.428 0.241 0.239 0.211 0.239 0.11 0.143 0.381 0.173 0
0.157 0.021 0.032 0.034 0.196 0.119 0.107 4.31 0.175 0.09 0.071 0.06 0.046 0.105 0.004 0.203 0.108 0.11 0.097 0.102 0.048 0.056 0.178 0.08 0
1.038 0.075 0.184 0.12 0.637 0.383 0.36 0.175 1.795 0.312 0.324 0.207 0.155 0.332 0.03 0.7 0.431 0.414 0.363 0.459 0.207 0.302 0.635 0.295 0
0.288 0.037 0.058 0.06 0.349 0.212 0.19 0.09 0.312 4.343 0.128 0.106 0.082 0.186 0.008 0.362 0.194 0.196 0.173 0.184 0.086 0.102 0.318 0.143 0
-0.523 0.025 -0.068 0.045 0.344 0.216 0.167 0.071 0.324 0.128 8.094 0.085 0.071 0.195 -0.016 0.298 0.069 0.107 0.098 -0.014 0.005 -0.081 0.231 0.089 0
0.194 0.025 0.039 0.04 0.231 0.141 0.126 0.06 0.207 0.106 0.085 4.215 0.054 0.123 0.005 0.24 0.129 0.131 0.115 0.123 0.057 0.069 0.211 0.095 0
0.184 0.019 0.035 0.031 0.175 0.106 0.096 0.046 0.155 0.082 0.071 0.054 3.548 0.093 0.005 0.184 0.103 0.103 0.09 0.102 0.047 0.06 0.163 0.074 0
0.632 0.045 0.112 0.072 0.378 0.228 0.214 0.105 0.332 0.186 0.195 0.123 0.093 1.229 0.018 0.417 0.259 0.248 0.217 0.277 0.125 0.183 0.379 0.176 0
-0.126 0.001 -0.018 0.002 0.03 0.019 0.012 0.004 0.03 0.008 -0.016 0.005 0.005 0.018 9.932 0.02 -0.006 0.001 0.001 -0.021 -0.007 -0.025 0.012 0.003 0
0.711 0.084 0.139 0.137 0.783 0.476 0.428 0.203 0.7 0.362 0.298 0.24 0.184 0.417 0.02 4.771 0.445 0.448 0.396 0.429 0.199 0.244 0.722 0.326 0
-0.185 0.042 -0.011 0.071 0.469 0.29 0.241 0.108 0.431 0.194 0.069 0.129 0.103 0.259 -0.006 0.445 6.896 0.202 0.181 0.109 0.059 0.009 0.369 0.156 0
0.043 0.044 0.024 0.073 0.455 0.28 0.239 0.11 0.414 0.196 0.107 0.131 0.103 0.248 0.001 0.448 0.202 6.106 0.196 0.159 0.079 0.058 0.381 0.165 0
0.058 0.039 0.024 0.064 0.4 0.246 0.211 0.097 0.363 0.173 0.098 0.115 0.09 0.217 0.001 0.396 0.181 0.196 5.959 0.145 0.072 0.056 0.337 0.147 0
-0.672 0.037 -0.085 0.065 0.489 0.307 0.239 0.102 0.459 0.184 -0.014 0.123 0.102 0.277 -0.021 0.429 0.109 0.159 0.145 7.962 0.015 -0.099 0.335 0.132 0
-0.241 0.018 -0.029 0.031 0.222 0.139 0.11 0.048 0.207 0.086 0.005 0.057 0.047 0.125 -0.007 0.199 0.059 0.079 0.072 0.015 7.658 -0.031 0.159 0.064 0
-0.836 0.018 -0.117 0.034 0.314 0.2 0.143 0.056 0.302 0.102 -0.081 0.069 0.06 0.183 -0.025 0.244 0.009 0.058 0.056 -0.099 -0.031 8.911 0.173 0.058 0
0.43 0.073 0.093 0.119 0.706 0.431 0.381 0.178 0.635 0.318 0.231 0.211 0.163 0.379 0.012 0.722 0.369 0.381 0.337 0.335 0.159 0.173 5.389 0.28 0
0.104 0.032 0.028 0.053 0.325 0.199 0.173 0.08 0.295 0.143 0.089 0.095 0.074 0.176 0.003 0.326 0.156 0.165 0.147 0.132 0.064 0.058 0.28 5.555 0
0 0 0 0 0 0 0 0 0 0 0 0 0 0 0 0 0 0 0 0 0 0 0 0 65.269

 Mean vectors and covariance matrices before rotation --- 2th cluster >>

 mean vector (mu'=Q*mu)>>
8.629 0 0 0 0 0 0 0 0 0 0 0 0 0 0 0 0 0 0 0 0 0 0 0 0

 covariance matrix (Sigma'=Q*Sigma*t(Q))>>

5.682 0.446 0.052 -0.829 0.204 1.057 0.131 0.031 -0.032 -0.016 -0.052 0.782 0.422 0.819 0.706 0.295 0.595 0.612 0.209 -0.725 -0.152 0.162 0.175 0.527 0
0.446 1.645 0.012 0.088 0.179 0.184 0.08 0.009 0.02 0.032 0.029 0.151 0.232 0.167 0.145 0.117 0.142 0.161 0.081 0.083 0.034 0.028 0.23 0.258 0
0.052 0.012 2.968 0.01 0.024 0.027 0.011 0.001 0.003 0.004 0.004 0.022 0.032 0.024 0.021 0.016 0.02 0.023 0.011 0.01 0.004 0.004 0.031 0.036 0
-0.829 0.088 0.01 9.536 0.033 0.209 0.023 0.006 -0.008 -0.005 -0.012 0.154 0.075 0.161 0.139 0.055 0.116 0.118 0.039 -0.155 -0.033 0.032 0.024 0.095 0
0.204 0.179 0.024 0.033 6.111 0.407 0.138 0.018 0.027 0.047 0.038 0.323 0.403 0.353 0.305 0.213 0.288 0.318 0.148 0.037 0.033 0.062 0.37 0.455 0
1.057 0.184 0.027 0.209 0.407 1.466 0.183 0.021 0.047 0.074 0.067 0.336 0.526 0.374 0.324 0.265 0.319 0.362 0.182 0.196 0.079 0.063 0.524 0.585 0
0.131 0.08 0.011 0.023 0.138 0.183 5.538 0.008 0.013 0.022 0.018 0.145 0.186 0.159 0.138 0.098 0.13 0.145 0.068 0.024 0.017 0.028 0.173 0.21 0
0.031 0.009 0.001 0.006 0.018 0.021 0.008 4.052 0.002 0.003 0.003 0.017 0.024 0.019 0.016 0.012 0.016 0.017 0.008 0.006 0.003 0.003 0.023 0.027 0
-0.032 0.02 0.003 -0.008 0.027 0.047 0.013 0.002 7.31 0.004 0.002 0.036 0.038 0.039 0.034 0.021 0.031 0.034 0.015 -0.006 0.001 0.007 0.033 0.044 0
-0.016 0.032 0.004 -0.005 0.047 0.074 0.022 0.003 0.004 6.791 0.005 0.058 0.065 0.063 0.054 0.035 0.05 0.055 0.025 -0.003 0.003 0.011 0.057 0.074 0
-0.052 0.029 0.004 -0.012 0.038 0.067 0.018 0.003 0.002 0.005 7.414 0.052 0.054 0.056 0.049 0.03 0.044 0.048 0.021 -0.01 0.001 0.01 0.046 0.062 0
0.782 0.151 0.022 0.154 0.323 0.336 0.145 0.017 0.036 0.058 0.052 2.147 0.419 0.304 0.264 0.212 0.259 0.292 0.146 0.145 0.06 0.052 0.415 0.467 0
0.422 0.232 0.032 0.075 0.403 0.526 0.186 0.024 0.038 0.065 0.054 0.419 5.876 0.459 0.397 0.285 0.377 0.418 0.197 0.078 0.051 0.08 0.506 0.611 0
0.819 0.167 0.024 0.161 0.353 0.374 0.159 0.019 0.039 0.063 0.056 0.304 0.459 2.609 0.292 0.233 0.286 0.322 0.16 0.152 0.064 0.057 0.452 0.511 0
0.706 0.145 0.021 0.139 0.305 0.324 0.138 0.016 0.034 0.054 0.049 0.264 0.397 0.292 2.566 0.201 0.248 0.279 0.139 0.131 0.055 0.05 0.391 0.442 0
0.295 0.117 0.016 0.055 0.213 0.265 0.098 0.012 0.021 0.035 0.03 0.212 0.285 0.233 0.201 4.927 0.193 0.215 0.102 0.055 0.03 0.041 0.269 0.32 0
0.595 0.142 0.02 0.116 0.288 0.319 0.13 0.016 0.031 0.05 0.044 0.259 0.377 0.286 0.248 0.193 3.401 0.27 0.133 0.11 0.049 0.049 0.368 0.421 0
0.612 0.161 0.023 0.118 0.318 0.362 0.145 0.017 0.034 0.055 0.048 0.292 0.418 0.322 0.279 0.215 0.27 3.877 0.148 0.114 0.052 0.055 0.405 0.468 0
0.209 0.081 0.011 0.039 0.148 0.182 0.068 0.008 0.015 0.025 0.021 0.146 0.197 0.16 0.139 0.102 0.133 0.148 4.798 0.039 0.021 0.028 0.187 0.221 0
-0.725 0.083 0.01 -0.155 0.037 0.196 0.024 0.006 -0.006 -0.003 -0.01 0.145 0.078 0.152 0.131 0.055 0.11 0.114 0.039 9.437 -0.028 0.03 0.032 0.097 0
-0.152 0.034 0.004 -0.033 0.033 0.079 0.017 0.003 0.001 0.003 0.001 0.06 0.051 0.064 0.055 0.03 0.049 0.052 0.021 -0.028 8.431 0.012 0.038 0.06 0
0.162 0.028 0.004 0.032 0.062 0.063 0.028 0.003 0.007 0.011 0.01 0.052 0.08 0.057 0.05 0.041 0.049 0.055 0.028 0.03 0.012 1.08 0.08 0.089 0
0.175 0.23 0.031 0.024 0.37 0.524 0.173 0.023 0.033 0.057 0.046 0.415 0.506 0.452 0.391 0.269 0.368 0.405 0.187 0.032 0.038 0.08 6.521 0.573 0
0.527 0.258 0.036 0.095 0.455 0.585 0.21 0.027 0.044 0.074 0.062 0.467 0.611 0.511 0.442 0.32 0.421 0.468 0.221 0.097 0.06 0.089 0.573 5.853 0
0 0 0 0 0 0 0 0 0 0 0 0 0 0 0 0 0 0 0 0 0 0 0 0 65.269

 Final eigenvalues for each cluster >> 
 (rows correspond to clusters)
65.269 9.936 9.849 9.429 9.066 8.113 7.964 7.645 6.722 5.886 5.785 5.432 5.051 4.76 4.669 4.26 4.183 4.144 3.951 3.507 3.396 2.035 1.565 1.235 1.032
65.269 9.713 9.572 9.562 8.434 7.411 7.308 6.785 6.06 5.815 5.474 5.334 5.165 4.779 4.727 4.051 3.574 3.16 2.967 2.312 2.272 1.872 1.563 1.07 1.055

 *************************************************

 ********************* rotation ******************

 *************************************************


 The orthogonal matrix Q >>
0.344 0.247 0.104 0.129 0.268 0.424 0.324 0.274 0.062 0.055 0.055 0.17 0.255 0.135 0.038 0.235 0.077 0.093 0.239 0.103 0.205 0.072 0.196 0.122
0.247 -0.955 0.019 0.024 0.049 0.078 0.06 0.05 0.011 0.01 0.01 0.031 0.047 0.025 0.007 0.043 0.014 0.017 0.044 0.019 0.038 0.013 0.036 0.022
0.104 0.019 -0.992 0.01 0.021 0.033 0.025 0.021 0.005 0.004 0.004 0.013 0.02 0.01 0.003 0.018 0.006 0.007 0.019 0.008 0.016 0.006 0.015 0.01
0.129 0.024 0.01 -0.988 0.026 0.041 0.031 0.026 0.006 0.005 0.005 0.016 0.024 0.013 0.004 0.022 0.007 0.009 0.023 0.01 0.02 0.007 0.019 0.012
0.268 0.049 0.021 0.026 -0.947 0.085 0.065 0.055 0.012 0.011 0.011 0.034 0.051 0.027 0.008 0.047 0.015 0.018 0.048 0.02 0.041 0.014 0.039 0.024
0.424 0.078 0.033 0.041 0.085 -0.866 0.102 0.086 0.019 0.017 0.017 0.054 0.08 0.042 0.012 0.074 0.024 0.029 0.075 0.032 0.065 0.023 0.062 0.039
0.324 0.06 0.025 0.031 0.065 0.102 -0.922 0.066 0.015 0.013 0.013 0.041 0.061 0.032 0.009 0.057 0.019 0.022 0.058 0.025 0.05 0.017 0.047 0.03
0.274 0.05 0.021 0.026 0.055 0.086 0.066 -0.944 0.013 0.011 0.011 0.035 0.052 0.027 0.008 0.048 0.016 0.019 0.049 0.021 0.042 0.015 0.04 0.025
0.062 0.011 0.005 0.006 0.012 0.019 0.015 0.013 -0.997 0.003 0.003 0.008 0.012 0.006 0.002 0.011 0.004 0.004 0.011 0.005 0.009 0.003 0.009 0.006
0.055 0.01 0.004 0.005 0.011 0.017 0.013 0.011 0.003 -0.998 0.002 0.007 0.01 0.006 0.002 0.01 0.003 0.004 0.01 0.004 0.008 0.003 0.008 0.005
0.055 0.01 0.004 0.005 0.011 0.017 0.013 0.011 0.003 0.002 -0.998 0.007 0.01 0.006 0.002 0.01 0.003 0.004 0.01 0.004 0.008 0.003 0.008 0.005
0.17 0.031 0.013 0.016 0.034 0.054 0.041 0.035 0.008 0.007 0.007 -0.978 0.032 0.017 0.005 0.03 0.01 0.012 0.03 0.013 0.026 0.009 0.025 0.015
0.255 0.047 0.02 0.024 0.051 0.08 0.061 0.052 0.012 0.01 0.01 0.032 -0.952 0.026 0.007 0.044 0.015 0.018 0.045 0.019 0.039 0.014 0.037 0.023
0.135 0.025 0.01 0.013 0.027 0.042 0.032 0.027 0.006 0.006 0.006 0.017 0.026 -0.987 0.004 0.023 0.008 0.009 0.024 0.01 0.021 0.007 0.02 0.012
0.038 0.007 0.003 0.004 0.008 0.012 0.009 0.008 0.002 0.002 0.002 0.005 0.007 0.004 -0.999 0.007 0.002 0.003 0.007 0.003 0.006 0.002 0.005 0.003
0.235 0.043 0.018 0.022 0.047 0.074 0.057 0.048 0.011 0.01 0.01 0.03 0.044 0.023 0.007 -0.959 0.013 0.016 0.042 0.018 0.036 0.013 0.034 0.021
0.077 0.014 0.006 0.007 0.015 0.024 0.019 0.016 0.004 0.003 0.003 0.01 0.015 0.008 0.002 0.013 -0.996 0.005 0.014 0.006 0.012 0.004 0.011 0.007
0.093 0.017 0.007 0.009 0.018 0.029 0.022 0.019 0.004 0.004 0.004 0.012 0.018 0.009 0.003 0.016 0.005 -0.994 0.016 0.007 0.014 0.005 0.014 0.008
0.239 0.044 0.019 0.023 0.048 0.075 0.058 0.049 0.011 0.01 0.01 0.03 0.045 0.024 0.007 0.042 0.014 0.016 -0.958 0.018 0.036 0.013 0.035 0.022
0.103 0.019 0.008 0.01 0.02 0.032 0.025 0.021 0.005 0.004 0.004 0.013 0.019 0.01 0.003 0.018 0.006 0.007 0.018 -0.992 0.016 0.005 0.015 0.009
0.205 0.038 0.016 0.02 0.041 0.065 0.05 0.042 0.009 0.008 0.008 0.026 0.039 0.021 0.006 0.036 0.012 0.014 0.036 0.016 -0.969 0.011 0.03 0.019
0.072 0.013 0.006 0.007 0.014 0.023 0.017 0.015 0.003 0.003 0.003 0.009 0.014 0.007 0.002 0.013 0.004 0.005 0.013 0.005 0.011 -0.996 0.01 0.007
0.196 0.036 0.015 0.019 0.039 0.062 0.047 0.04 0.009 0.008 0.008 0.025 0.037 0.02 0.005 0.034 0.011 0.014 0.035 0.015 0.03 0.01 -0.971 0.018
0.122 0.022 0.01 0.012 0.024 0.039 0.03 0.025 0.006 0.005 0.005 0.015 0.023 0.012 0.003 0.021 0.007 0.008 0.022 0.009 0.019 0.007 0.018 -0.989

 Mean vectors and covariance matrices after rotation --- 1th cluster >>

 mean vector (mu'=Q*mu)>>
-2.8 -2.129 -1.773 -2.314 -0.325 -0.8 -1.469 -0.477 -2.364 -2.97 -2.024 -1.11 -3.659 -0.619 -0.901 -0.668 0 -2.199 -2.06 -1.056 -0.887 -0.477 -1.161 -0.533 -1.69

 covariance matrix (Sigma'=Q*Sigma*t(Q))>>

3.528 0.082 0.05 -0.003 0.016 0.043 0.053 0.194 0.115 0.483 -0.026 0.041 0.315 0.276 0.157 0.106 0 0.139 0.061 0.028 0.245 -0.035 -0.005 -0.22 0.002
0.082 5.169 0.04 -0.139 0.016 -0.075 0.025 0.064 0.117 0.518 -0.184 0.032 0.243 0.144 0.1 -0.036 0 0.136 0.004 -0.038 0.075 -0.116 -0.077 -0.346 -0.15
0.05 0.04 7.618 -0.038 -0.006 -0.045 0.01 0.022 0.051 -0.224 -0.09 0.01 0.179 0.054 0.017 -0.027 0 0.072 -0.025 -0.029 0.018 -0.057 -0.015 -0.161 -0.082
-0.003 -0.139 -0.038 2.145 -0.006 0.198 -0.004 0.31 -0.078 -0.294 0.168 -0.024 0.058 0.351 0.143 0.278 0 -0.051 0.032 0.08 0.389 0.106 0.06 0.094 0.192
0.016 0.016 -0.006 -0.006 9.934 -0.018 0.004 -0.011 0.017 -0.064 -0.023 0.004 0.046 -0.007 -0.005 -0.019 0 0.021 -0.006 -0.009 -0.016 -0.016 -0.001 -0.035 -0.024
0.043 -0.075 -0.045 0.198 -0.018 6.002 0.02 0.085 -0.031 -0.649 0.196 -0.004 0.077 0.059 -0.01 0.123 0 -0.019 0.028 0.06 0.107 0.103 0.115 0.216 0.17
0.053 0.025 0.01 -0.004 0.004 0.02 4.163 0.095 0.043 0.113 -0.016 0.014 0.144 0.133 0.069 0.052 0 0.057 0.018 0.009 0.118 -0.016 -0.002 -0.102 -0.002
0.194 0.064 0.022 0.31 -0.011 0.085 0.095 8.106 0.108 -0.34 0.251 0.056 0.283 -0.049 -0.042 0.056 0 0.111 0.103 0.081 0.001 0.096 0.176 0.234 0.192
0.115 0.117 0.051 -0.078 0.017 -0.031 0.043 0.108 4.389 0.546 -0.119 0.041 0.289 0.188 0.121 0.014 0 0.149 0.033 -0.01 0.134 -0.086 -0.045 -0.298 -0.09
0.483 0.518 -0.224 -0.294 -0.064 -0.649 0.113 -0.34 0.546 7.574 -0.865 0.123 1.517 -0.188 -0.169 -0.644 0 0.693 -0.252 -0.339 -0.514 -0.573 -0.1 -1.286 -0.883
-0.026 -0.184 -0.09 0.168 -0.023 0.196 -0.016 0.251 -0.119 -0.865 4.162 -0.04 0.019 0.255 0.068 0.255 0 -0.089 0.002 0.075 0.31 0.133 0.098 0.207 0.215
0.041 0.032 0.01 -0.024 0.004 -0.004 0.014 0.056 0.041 0.123 -0.04 4.681 0.115 0.088 0.049 0.018 0 0.052 0.008 -0.002 0.068 -0.028 -0.013 -0.109 -0.028
0.315 0.243 0.179 0.058 0.046 0.077 0.144 0.283 0.289 1.517 0.019 0.115 2.165 0.416 0.278 0.158 0 0.31 0.189 0.081 0.374 -0.05 0.02 -0.339 0.05
0.276 0.144 0.054 0.351 -0.007 0.059 0.133 -0.049 0.188 -0.188 0.255 0.088 0.416 8.974 -0.052 0.015 0 0.191 0.136 0.084 -0.049 0.079 0.199 0.204 0.182
0.157 0.1 0.017 0.143 -0.005 -0.01 0.069 -0.042 0.121 -0.169 0.068 0.049 0.278 -0.052 9.398 -0.03 0 0.13 0.052 0.02 -0.051 0.003 0.084 0.017 0.033
0.106 -0.036 -0.027 0.278 -0.019 0.123 0.052 0.056 0.014 -0.644 0.255 0.018 0.158 0.015 -0.03 6.837 0 0.024 0.062 0.078 0.075 0.121 0.159 0.271 0.21
0 0 0 0 0 0 0 0 0 0 0 0 0 0 0 0 65.269 0 0 0 0 0 0 0 0
0.139 0.136 0.072 -0.051 0.021 -0.019 0.057 0.111 0.149 0.693 -0.089 0.052 0.31 0.191 0.13 0.024 0 3.672 0.057 0.003 0.142 -0.076 -0.032 -0.278 -0.064
0.061 0.004 -0.025 0.032 -0.006 0.028 0.018 0.103 0.033 -0.252 0.002 0.008 0.189 0.136 0.052 0.062 0 0.057 5.788 0.009 0.123 -0.006 0.022 -0.079 0.009
0.028 -0.038 -0.029 0.08 -0.009 0.06 0.009 0.081 -0.01 -0.339 0.075 -0.002 0.081 0.084 0.02 0.078 0 0.003 0.009 5.458 0.099 0.039 0.047 0.055 0.07
0.245 0.075 0.018 0.389 -0.016 0.107 0.118 0.001 0.134 -0.514 0.31 0.068 0.374 -0.049 -0.051 0.075 0 0.142 0.123 0.099 7.975 0.118 0.222 0.282 0.236
-0.035 -0.116 -0.057 0.106 -0.016 0.103 -0.016 0.096 -0.086 -0.573 0.133 -0.028 -0.05 0.079 0.003 0.121 0 -0.076 -0.006 0.039 0.118 4.269 0.062 0.173 0.127
-0.005 -0.077 -0.015 0.06 -0.001 0.115 -0.002 0.176 -0.045 -0.1 0.098 -0.013 0.02 0.199 0.084 0.159 0 -0.032 0.022 0.047 0.222 0.062 1.063 0.057 0.113
-0.22 -0.346 -0.161 0.094 -0.035 0.216 -0.102 0.234 -0.298 -1.286 0.207 -0.109 -0.339 0.204 0.017 0.271 0 -0.278 -0.079 0.055 0.282 0.173 0.057 1.577 0.223
0.002 -0.15 -0.082 0.192 -0.024 0.17 -0.002 0.192 -0.09 -0.883 0.215 -0.028 0.05 0.182 0.033 0.21 0 -0.064 0.009 0.07 0.236 0.127 0.113 0.223 4.965

 Mean vectors and covariance matrices after rotation --- 2th cluster >>

 mean vector (mu'=Q*mu)>>
2.8 2.129 1.773 2.314 0.325 0.8 1.469 0.477 2.364 2.97 2.024 1.11 3.659 0.619 0.901 0.668 0 2.199 2.06 1.056 0.887 0.477 1.161 0.533 1.69

 covariance matrix (Sigma'=Q*Sigma*t(Q))>>

5.538 0.159 -0.023 -0.044 -0.243 -0.181 -0.095 0.004 0.196 0.351 -0.003 0.163 0.214 0.043 0.086 -0.174 0 -0.111 0.045 -0.21 0.149 -0.001 -0.172 0.001 -0.09
0.159 1.765 0.054 0.106 -0.135 -0.064 0.009 0.031 0.219 0.94 0.097 0.226 0.311 0.057 0.094 -0.07 0 0.068 0.121 -0.032 0.203 0.028 -0.052 0.027 0.078
-0.023 0.054 8.38 -0.115 -0.19 -0.165 -0.112 -0.015 0.088 -0.176 -0.062 0.04 0.047 0.013 0.039 -0.153 0 -0.168 -0.023 -0.221 0.038 -0.018 -0.162 -0.014 -0.153
-0.044 0.106 -0.115 5.811 -0.03 -0.002 0.03 -0.005 0.02 -0.365 -0.001 0.076 0.196 0.034 0.028 -0.007 0 0.015 -0.005 0.039 0.083 -0.003 0.004 -0.017 0.044
-0.243 -0.135 -0.19 -0.03 2.478 0.133 0.037 -0.018 -0.283 -0.844 -0.085 0.004 -0.169 -0.033 -0.093 0.122 0 0.064 -0.143 0.25 0.025 -0.013 0.096 -0.04 0.131
-0.181 -0.064 -0.165 -0.002 0.133 3.691 0.053 -0.011 -0.203 -0.672 -0.049 0.029 -0.054 -0.012 -0.06 0.106 0 0.078 -0.098 0.225 0.046 -0.007 0.093 -0.031 0.134
-0.095 0.009 -0.112 0.03 0.037 0.053 1.895 0.004 -0.087 -0.096 -0.014 0.132 0.039 0.006 -0.016 0.042 0 0.075 -0.042 0.156 0.135 0.005 0.031 -0.015 0.132
0.004 0.031 -0.015 -0.005 -0.018 -0.011 0.004 7.409 0.022 -0.075 0.002 0.006 0.053 0.01 0.012 -0.011 0 -0.008 0.006 -0.015 0.007 -0.001 -0.006 -0.002 -0.008
0.196 0.219 0.088 0.02 -0.283 -0.203 -0.087 0.022 4.37 0.996 0.063 0.199 0.293 0.057 0.125 -0.196 0 -0.079 0.127 -0.257 0.171 0.015 -0.183 0.028 -0.086
0.351 0.94 -0.176 -0.365 -0.844 -0.672 -0.096 -0.075 0.996 7.511 0.037 -0.162 1.475 0.271 0.432 -0.613 0 -0.633 0.276 -1.131 -0.137 -0.074 -0.461 -0.037 -0.78
-0.003 0.097 -0.062 -0.001 -0.085 -0.049 -0.014 0.002 0.063 0.037 4.781 0.116 0.155 0.029 0.038 -0.051 0 -0.009 0.011 -0.022 0.113 0.001 -0.049 -0.006 0.019
0.163 0.226 0.04 0.076 0.004 0.029 0.132 0.006 0.199 -0.162 0.116 9.647 0.404 0.069 0.085 0.028 0 0.067 0.133 -0.018 -0.061 0.01 0.088 0.014 0.004
0.214 0.311 0.047 0.196 -0.169 -0.054 0.039 0.053 0.293 1.475 0.155 0.404 1.548 0.089 0.134 -0.071 0 0.163 0.175 0.047 0.37 0.049 -0.046 0.038 0.2
0.043 0.057 0.013 0.034 -0.033 -0.012 0.006 0.01 0.057 0.271 0.029 0.069 0.089 1.087 0.025 -0.015 0 0.027 0.034 0.002 0.062 0.009 -0.01 0.007 0.031
0.086 0.094 0.039 0.028 -0.093 -0.06 -0.016 0.012 0.125 0.432 0.038 0.085 0.134 0.025 3.016 -0.06 0 -0.005 0.059 -0.071 0.074 0.01 -0.051 0.013 -0.008
-0.174 -0.07 -0.153 -0.007 0.122 0.106 0.042 -0.011 -0.196 -0.613 -0.051 0.028 -0.071 -0.015 -0.06 3.256 0 0.067 -0.096 0.206 0.044 -0.007 0.081 -0.029 0.121
0 0 0 0 0 0 0 0 0 0 0 0 0 0 0 0 65.269 0 0 0 0 0 0 0 0
-0.111 0.068 -0.168 0.015 0.064 0.078 0.075 -0.008 -0.079 -0.633 -0.009 0.067 0.163 0.027 -0.005 0.067 0 5.411 -0.039 0.169 0.082 -0.003 0.076 -0.027 0.121
0.045 0.121 -0.023 -0.005 -0.143 -0.098 -0.042 0.006 0.127 0.276 0.011 0.133 0.175 0.034 0.059 -0.096 0 -0.039 4.764 -0.097 0.124 0.004 -0.093 0.002 -0.021
-0.21 -0.032 -0.221 0.039 0.25 0.225 0.156 -0.015 -0.257 -1.131 -0.022 -0.018 0.047 0.002 -0.071 0.206 0 0.169 -0.097 5.536 0.012 -0.006 0.212 -0.04 0.22
0.149 0.203 0.038 0.083 0.025 0.046 0.135 0.007 0.171 -0.137 0.113 -0.061 0.37 0.062 0.074 0.044 0 0.082 0.124 0.012 9.516 0.011 0.099 0.014 0.024
-0.001 0.028 -0.018 -0.003 -0.013 -0.007 0.005 -0.001 0.015 -0.074 0.001 0.01 0.049 0.009 0.01 -0.007 0 -0.003 0.004 -0.006 0.011 6.783 -0.003 -0.003 -0.001
-0.172 -0.052 -0.162 0.004 0.096 0.093 0.031 -0.006 -0.183 -0.461 -0.049 0.088 -0.046 -0.01 -0.051 0.081 0 0.076 -0.093 0.212 0.099 -0.003 2.335 -0.028 0.143
0.001 0.027 -0.014 -0.017 -0.04 -0.031 -0.015 -0.002 0.028 -0.037 -0.006 0.014 0.038 0.007 0.013 -0.029 0 -0.027 0.002 -0.04 0.014 -0.003 -0.028 7.305 -0.024
-0.09 0.078 -0.153 0.044 0.131 0.134 0.132 -0.008 -0.086 -0.78 0.019 0.004 0.2 0.031 -0.008 0.121 0 0.121 -0.021 0.22 0.024 -0.001 0.143 -0.024 6.204

 Final eigenvalues for each cluster >> 
 (rows correspond to clusters)
65.269 9.936 9.849 9.429 9.066 8.113 7.964 7.645 6.722 5.886 5.785 5.432 5.051 4.76 4.669 4.26 4.183 4.144 3.951 3.507 3.396 2.035 1.565 1.235 1.032
65.269 9.713 9.572 9.562 8.434 7.411 7.308 6.785 6.06 5.815 5.474 5.334 5.165 4.779 4.727 4.051 3.574 3.16 2.967 2.312 2.272 1.872 1.563 1.07 1.055

 theoretical Separation index matrix >>

-1 0.34
0.34 -1

 theoretical projection directions >>

**** cluster 1 and 2
0.246 0.209 0.11 0.248 0.046 0.073 0.201 -0.01 0.197 0.074 0.201 0.029 0.687 -0.033 0.021 0.041 0 0.184 0.156 0.081 -0.023 0.041 0.347 0.111 0.119

 empirical Separation index matrix (alpha= 0.05 )>>

-1 0.417
0.417 -1

 empirical projection directions >>

**** cluster 1 and 2
-0.078 -0.079 -0.217 -0.143 -0.014 -0.056 0.048 0.11 -0.011 -0.111 -0.136 0.064 -0.806 0.105 -0.046 -0.052 -0.032 -0.206 -0.08 -0.121 0.002 -0.052 -0.263 -0.21 -0.15
