
 Log information for the data set datasetJHG2v22nv3out0_3.dat >>

 alpha = 0.05 sepVal = 0.34

 Number of clusters >> 2

 cluster sizes >>
50 50

 Number of data points >> 100

 Number of dimensions >> 25

 Number of noisy dimensions >> 3

 noisy variables >>
6 18 20

 Number of outliers >> 0

 initial eigenvalues for each cluster >> 
 (rows correspond to clusters)
8.766 6.009 5.536 2.436 4.824 6.637 9.156 2.241 6.095 8.875 6.277 2.169 7.447 9.814 7.439 3.935 9.892 6.047 6.151 7.165 4.911 9.029
5.34 7.503 5.537 4.439 2.727 1.891 4.567 1.396 2.789 9.714 7.107 7.538 9.983 2.4 9.396 6.383 2.837 1.226 5.321 3.387 1.2 7.517

 Mean vectors and covariance matrices before rotation --- 1th cluster >>

 mean vector (mu'=Q*mu)>>
-9.077 0 0 0 0 0 0 0 0 0 0 0 0 0 0 0 0 0 0 0 0 0 0 0 0

 covariance matrix (Sigma'=Q*Sigma*t(Q))>>

5.867 0.021 0.129 0.945 0.389 -0.204 -0.429 0.021 -0.004 -0.308 -0.005 0.814 -0.291 -0.771 -0.115 0.602 -0.685 0.004 -0.024 -0.158 0.265 -0.354 0 0 0
0.021 6.359 0.272 0.565 0.425 0.266 -0.016 0.012 0.143 -0.002 0.021 0.472 0.099 -0.069 0.04 0.469 -0.065 0.172 0.261 0.081 0.305 -0.008 0 0 0
0.129 0.272 5.744 0.405 0.317 0.216 0.004 0.009 0.112 0.01 0.017 0.337 0.089 -0.024 0.035 0.343 -0.024 0.134 0.204 0.07 0.228 0.007 0 0 0
0.945 0.565 0.405 3.064 0.573 0.5 0.109 0.013 0.235 0.094 0.036 0.517 0.253 0.129 0.101 0.579 0.109 0.28 0.434 0.183 0.415 0.098 0 0 0
0.389 0.425 0.317 0.573 5.295 0.352 0.035 0.012 0.175 0.036 0.026 0.476 0.157 0.012 0.063 0.499 0.006 0.21 0.322 0.119 0.34 0.034 0 0 0
-0.204 0.266 0.216 0.5 0.352 6.824 -0.044 0.011 0.108 -0.025 0.015 0.42 0.053 -0.111 0.021 0.401 -0.101 0.131 0.196 0.05 0.251 -0.033 0 0 0
-0.429 -0.016 0.004 0.109 0.035 -0.044 9.094 0.002 -0.008 -0.045 -0.002 0.095 -0.048 -0.11 -0.019 0.064 -0.098 -0.009 -0.018 -0.028 0.023 -0.052 0 0 0
0.021 0.012 0.009 0.013 0.012 0.011 0.002 2.241 0.005 0.002 0.001 0.011 0.005 0.003 0.002 0.012 0.002 0.006 0.009 0.004 0.009 0.002 0 0 0
-0.004 0.143 0.112 0.235 0.175 0.108 -0.008 0.005 6.153 -0.002 0.009 0.196 0.039 -0.032 0.016 0.194 -0.03 0.07 0.106 0.033 0.126 -0.005 0 0 0
-0.308 -0.002 0.01 0.094 0.036 -0.025 -0.045 0.002 -0.002 8.843 -0.001 0.081 -0.032 -0.081 -0.013 0.058 -0.072 -0.002 -0.006 -0.018 0.024 -0.037 0 0 0
-0.005 0.021 0.017 0.036 0.026 0.015 -0.002 0.001 0.009 -0.001 6.278 0.03 0.005 -0.006 0.002 0.029 -0.005 0.01 0.016 0.005 0.019 -0.001 0 0 0
0.814 0.472 0.337 0.517 0.476 0.42 0.095 0.011 0.196 0.081 0.03 2.594 0.214 0.114 0.085 0.479 0.096 0.234 0.363 0.154 0.345 0.085 0 0 0
-0.291 0.099 0.089 0.253 0.157 0.053 -0.048 0.005 0.039 -0.032 0.005 0.214 7.444 -0.098 -0.001 0.192 -0.088 0.048 0.07 0.006 0.111 -0.039 0 0 0
-0.771 -0.069 -0.024 0.129 0.012 -0.111 -0.11 0.003 -0.032 -0.081 -0.006 0.114 -0.098 9.625 -0.039 0.059 -0.167 -0.036 -0.062 -0.059 0.005 -0.092 0 0 0
-0.115 0.04 0.035 0.101 0.063 0.021 -0.019 0.002 0.016 -0.013 0.002 0.085 -0.001 -0.039 7.439 0.076 -0.035 0.019 0.028 0.003 0.045 -0.015 0 0 0
0.602 0.469 0.343 0.579 0.499 0.401 0.064 0.012 0.194 0.058 0.029 0.479 0.192 0.059 0.076 4.451 0.047 0.232 0.357 0.142 0.36 0.059 0 0 0
-0.685 -0.065 -0.024 0.109 0.006 -0.101 -0.098 0.002 -0.03 -0.072 -0.005 0.096 -0.088 -0.167 -0.035 0.047 9.745 -0.034 -0.058 -0.053 0.001 -0.082 0 0 0
0.004 0.172 0.134 0.28 0.21 0.131 -0.009 0.006 0.07 -0.002 0.01 0.234 0.048 -0.036 0.019 0.232 -0.034 6.132 0.128 0.04 0.151 -0.005 0 0 0
-0.024 0.261 0.204 0.434 0.322 0.196 -0.018 0.009 0.106 -0.006 0.016 0.363 0.07 -0.062 0.028 0.357 -0.058 0.128 6.344 0.058 0.23 -0.011 0 0 0
-0.158 0.081 0.07 0.183 0.119 0.05 -0.028 0.004 0.033 -0.018 0.005 0.154 0.006 -0.059 0.003 0.142 -0.053 0.04 0.058 7.175 0.085 -0.022 0 0 0
0.265 0.305 0.228 0.415 0.34 0.251 0.023 0.009 0.126 0.024 0.019 0.345 0.111 0.005 0.045 0.36 0.001 0.151 0.23 0.085 5.156 0.023 0 0 0
-0.354 -0.008 0.007 0.098 0.034 -0.033 -0.052 0.002 -0.005 -0.037 -0.001 0.085 -0.039 -0.092 -0.015 0.059 -0.082 -0.005 -0.011 -0.022 0.023 8.986 0 0 0
0 0 0 0 0 0 0 0 0 0 0 0 0 0 0 0 0 0 0 0 0 0 46.549 -12.129 1.431
0 0 0 0 0 0 0 0 0 0 0 0 0 0 0 0 0 0 0 0 0 0 -12.129 49.484 -8.547
0 0 0 0 0 0 0 0 0 0 0 0 0 0 0 0 0 0 0 0 0 0 1.431 -8.547 37.758

 Mean vectors and covariance matrices before rotation --- 2th cluster >>

 mean vector (mu'=Q*mu)>>
9.077 0 0 0 0 0 0 0 0 0 0 0 0 0 0 0 0 0 0 0 0 0 0 0 0

 covariance matrix (Sigma'=Q*Sigma*t(Q))>>

5.639 -0.106 0.008 0.349 0.372 0.926 0.363 1.121 0.256 -0.925 -0.411 -0.291 -1.266 0.468 -0.765 -0.199 0.266 0.307 0.018 0.369 0.38 -0.628 0 0 0
-0.106 7.493 -0.017 -0.014 0.004 0.017 -0.018 0.024 0.002 -0.061 -0.043 -0.027 -0.082 0.007 -0.052 -0.032 0.002 0.007 -0.006 0 0.008 -0.058 0 0 0
0.008 -0.017 5.532 0.043 0.052 0.131 0.044 0.16 0.036 -0.145 -0.069 -0.048 -0.198 0.066 -0.12 -0.037 0.037 0.044 0.001 0.05 0.054 -0.103 0 0 0
0.349 -0.014 0.043 4.591 0.119 0.28 0.167 0.332 0.082 -0.176 -0.041 -0.038 -0.245 0.146 -0.142 0.006 0.086 0.09 0.02 0.127 0.112 -0.082 0 0 0
0.372 0.004 0.052 0.119 2.801 0.164 0.135 0.189 0.051 -0.035 0.03 0.01 -0.053 0.088 -0.025 0.046 0.054 0.051 0.021 0.084 0.063 0.023 0 0 0
0.926 0.017 0.131 0.28 0.164 2.248 0.319 0.408 0.114 -0.031 0.103 0.044 -0.055 0.195 -0.015 0.13 0.12 0.109 0.051 0.189 0.135 0.097 0 0 0
0.363 -0.018 0.044 0.167 0.135 0.319 4.75 0.379 0.093 -0.214 -0.058 -0.05 -0.297 0.166 -0.174 -0.002 0.097 0.103 0.02 0.142 0.128 -0.108 0 0 0
1.121 0.024 0.16 0.332 0.189 0.408 0.379 1.859 0.131 -0.009 0.138 0.063 -0.028 0.223 0.005 0.165 0.138 0.124 0.062 0.22 0.154 0.138 0 0 0
0.256 0.002 0.036 0.082 0.051 0.114 0.093 0.131 2.824 -0.026 0.02 0.006 -0.039 0.061 -0.018 0.031 0.037 0.035 0.014 0.058 0.044 0.014 0 0 0
-0.925 -0.061 -0.145 -0.176 -0.035 -0.031 -0.214 -0.009 -0.026 9.377 -0.281 -0.166 -0.447 -0.031 -0.291 -0.227 -0.028 0 -0.051 -0.065 0 -0.362 0 0 0
-0.411 -0.043 -0.069 -0.041 0.03 0.103 -0.058 0.138 0.02 -0.281 6.919 -0.118 -0.378 0.044 -0.238 -0.135 0.02 0.039 -0.022 0.015 0.048 -0.256 0 0 0
-0.291 -0.027 -0.048 -0.038 0.01 0.044 -0.05 0.063 0.006 -0.166 -0.118 7.465 -0.223 0.017 -0.142 -0.087 0.006 0.018 -0.016 0 0.022 -0.157 0 0 0
-1.266 -0.082 -0.198 -0.245 -0.053 -0.055 -0.297 -0.028 -0.039 -0.447 -0.378 -0.223 9.391 -0.049 -0.386 -0.307 -0.042 -0.005 -0.069 -0.094 -0.005 -0.485 0 0 0
0.468 0.007 0.066 0.146 0.088 0.195 0.166 0.223 0.061 -0.031 0.044 0.017 -0.049 2.505 -0.021 0.062 0.065 0.06 0.026 0.101 0.074 0.038 0 0 0
-0.765 -0.052 -0.12 -0.142 -0.025 -0.015 -0.174 0.005 -0.018 -0.291 -0.238 -0.142 -0.386 -0.021 9.145 -0.191 -0.02 0.003 -0.042 -0.05 0.004 -0.308 0 0 0
-0.199 -0.032 -0.037 0.006 0.046 0.13 -0.002 0.165 0.031 -0.227 -0.135 -0.087 -0.307 0.062 -0.191 6.293 0.032 0.046 -0.011 0.038 0.057 -0.189 0 0 0
0.266 0.002 0.037 0.086 0.054 0.12 0.097 0.138 0.037 -0.028 0.02 0.006 -0.042 0.065 -0.02 0.032 2.876 0.037 0.015 0.061 0.046 0.014 0 0 0
0.307 0.007 0.044 0.09 0.051 0.109 0.103 0.124 0.035 0 0.039 0.018 -0.005 0.06 0.003 0.046 0.037 1.26 0.017 0.059 0.041 0.039 0 0 0
0.018 -0.006 0.001 0.02 0.021 0.051 0.02 0.062 0.014 -0.051 -0.022 -0.016 -0.069 0.026 -0.042 -0.011 0.015 0.017 5.322 0.02 0.021 -0.034 0 0 0
0.369 0 0.05 0.127 0.084 0.189 0.142 0.22 0.058 -0.065 0.015 0 -0.094 0.101 -0.05 0.038 0.061 0.059 0.02 3.481 0.074 0.001 0 0 0
0.38 0.008 0.054 0.112 0.063 0.135 0.128 0.154 0.044 0 0.048 0.022 -0.005 0.074 0.004 0.057 0.046 0.041 0.021 0.074 1.251 0.049 0 0 0
-0.628 -0.058 -0.103 -0.082 0.023 0.097 -0.108 0.138 0.014 -0.362 -0.256 -0.157 -0.485 0.038 -0.308 -0.189 0.014 0.039 -0.034 0.001 0.049 7.175 0 0 0
0 0 0 0 0 0 0 0 0 0 0 0 0 0 0 0 0 0 0 0 0 0 46.549 -12.129 1.431
0 0 0 0 0 0 0 0 0 0 0 0 0 0 0 0 0 0 0 0 0 0 -12.129 49.484 -8.547
0 0 0 0 0 0 0 0 0 0 0 0 0 0 0 0 0 0 0 0 0 0 1.431 -8.547 37.758

 Final eigenvalues for each cluster >> 
 (rows correspond to clusters)
62.488 40.054 31.249 9.892 9.814 9.156 9.029 8.875 8.766 7.447 7.439 7.165 6.637 6.277 6.151 6.095 6.047 6.009 5.536 4.911 4.824 3.935 2.436 2.241 2.169
62.488 40.054 31.249 9.983 9.714 9.396 7.538 7.517 7.503 7.107 6.383 5.537 5.34 5.321 4.567 4.439 3.387 2.837 2.789 2.727 2.4 1.891 1.396 1.226 1.2

 *************************************************

 ********************* rotation ******************

 *************************************************


 The orthogonal matrix Q >>
0.174 0.197 0.001 0.292 0.273 0.202 0.315 0.278 0.317 0.05 0.225 0.311 0.074 0.205 0.127 0.055 0.157 0.001 0.32 0.144 0.267 0.135
0.197 -0.967 0 0.049 0.046 0.034 0.053 0.047 0.053 0.008 0.038 0.052 0.012 0.034 0.021 0.009 0.026 0 0.054 0.024 0.045 0.023
0.001 0 -1 0 0 0 0 0 0 0 0 0 0 0 0 0 0 0 0 0 0 0
0.292 0.049 0 -0.928 0.068 0.05 0.078 0.069 0.079 0.012 0.056 0.077 0.018 0.051 0.032 0.014 0.039 0 0.079 0.036 0.066 0.033
0.273 0.046 0 0.068 -0.936 0.047 0.073 0.065 0.074 0.012 0.052 0.072 0.017 0.048 0.03 0.013 0.037 0 0.075 0.033 0.062 0.031
0.202 0.034 0 0.05 0.047 -0.965 0.054 0.048 0.055 0.009 0.039 0.054 0.013 0.035 0.022 0.01 0.027 0 0.055 0.025 0.046 0.023
0.315 0.053 0 0.078 0.073 0.054 -0.916 0.075 0.085 0.013 0.06 0.083 0.02 0.055 0.034 0.015 0.042 0 0.086 0.039 0.072 0.036
0.278 0.047 0 0.069 0.065 0.048 0.075 -0.934 0.075 0.012 0.053 0.074 0.017 0.049 0.03 0.013 0.037 0 0.076 0.034 0.063 0.032
0.317 0.053 0 0.079 0.074 0.055 0.085 0.075 -0.914 0.013 0.061 0.084 0.02 0.055 0.034 0.015 0.042 0 0.086 0.039 0.072 0.036
0.05 0.008 0 0.012 0.012 0.009 0.013 0.012 0.013 -0.998 0.01 0.013 0.003 0.009 0.005 0.002 0.007 0 0.014 0.006 0.011 0.006
0.225 0.038 0 0.056 0.052 0.039 0.06 0.053 0.061 0.01 -0.957 0.06 0.014 0.039 0.024 0.011 0.03 0 0.061 0.028 0.051 0.026
0.311 0.052 0 0.077 0.072 0.054 0.083 0.074 0.084 0.013 0.06 -0.918 0.02 0.054 0.034 0.015 0.042 0 0.085 0.038 0.071 0.036
0.074 0.012 0 0.018 0.017 0.013 0.02 0.017 0.02 0.003 0.014 0.02 -0.995 0.013 0.008 0.003 0.01 0 0.02 0.009 0.017 0.008
0.205 0.034 0 0.051 0.048 0.035 0.055 0.049 0.055 0.009 0.039 0.054 0.013 -0.964 0.022 0.01 0.027 0 0.056 0.025 0.047 0.023
0.127 0.021 0 0.032 0.03 0.022 0.034 0.03 0.034 0.005 0.024 0.034 0.008 0.022 -0.986 0.006 0.017 0 0.035 0.016 0.029 0.015
0.055 0.009 0 0.014 0.013 0.01 0.015 0.013 0.015 0.002 0.011 0.015 0.003 0.01 0.006 -0.997 0.007 0 0.015 0.007 0.013 0.006
0.157 0.026 0 0.039 0.037 0.027 0.042 0.037 0.042 0.007 0.03 0.042 0.01 0.027 0.017 0.007 -0.979 0 0.043 0.019 0.036 0.018
0.001 0 0 0 0 0 0 0 0 0 0 0 0 0 0 0 0 -1 0 0 0 0
0.32 0.054 0 0.079 0.075 0.055 0.086 0.076 0.086 0.014 0.061 0.085 0.02 0.056 0.035 0.015 0.043 0 -0.913 0.039 0.073 0.037
0.144 0.024 0 0.036 0.033 0.025 0.039 0.034 0.039 0.006 0.028 0.038 0.009 0.025 0.016 0.007 0.019 0 0.039 -0.982 0.033 0.016
0.267 0.045 0 0.066 0.062 0.046 0.072 0.063 0.072 0.011 0.051 0.071 0.017 0.047 0.029 0.013 0.036 0 0.073 0.033 -0.939 0.031
0.135 0.023 0 0.033 0.031 0.023 0.036 0.032 0.036 0.006 0.026 0.036 0.008 0.023 0.015 0.006 0.018 0 0.037 0.016 0.031 -0.985

 Mean vectors and covariance matrices after rotation --- 1th cluster >>

 mean vector (mu'=Q*mu)>>
-0.504 -0.008 -2.482 -2.904 -0.45 0 -2.647 -1.221 -1.303 -1.153 -1.858 -1.576 -2.858 -0.01 -1.424 -2.045 -2.876 0 -2.423 0 -1.837 -0.669 -2.824 -2.525 -1.788

 covariance matrix (Sigma'=Q*Sigma*t(Q))>>

4.301 0.213 0.087 -0.094 0.003 0 0.132 -0.118 -0.056 -0.098 -0.2 -0.948 -0.374 0.306 -0.145 -0.273 -0.24 0 -0.025 0 0.11 0.094 0.031 -0.308 0.171
0.213 6.131 0.118 0.021 -0.018 0 0.182 -0.05 -0.008 -0.023 -0.104 -0.388 -0.114 0.133 -0.086 -0.065 -0.036 0 0.061 0 0.063 0.023 0.13 -0.086 0.106
0.087 0.118 4.881 -0.011 0.055 0 0.095 -0.043 -0.007 -0.046 -0.053 -0.317 -0.264 0.139 -0.015 -0.133 -0.095 0 0.018 0 0.114 0.113 0.105 0.078 0.117
-0.094 0.021 -0.011 6.132 0.044 0 0.036 -0.027 -0.009 -0.029 -0.024 -0.198 -0.192 -0.003 0.004 -0.045 -0.034 0 0.002 0 0.03 0.059 0.101 0.24 0.01
0.003 -0.018 0.055 0.044 8.863 0 0.107 -0.005 0.009 0.011 -0.022 -0.031 0.009 -0.021 -0.022 0.048 0.058 0 0.058 0 0.002 -0.015 0.121 0.11 0.01
0 0 0 0 0 46.549 0 0 0 0 0 0 0 0 0 0 0 1.431 0 -12.129 0 0 0 0 0
0.132 0.182 0.095 0.036 0.107 0 2.515 -0.003 0.03 -0.032 0.033 0.037 -0.251 0.215 0.065 -0.163 -0.095 0 0.037 0 0.22 0.196 0.08 0.046 0.211
-0.118 -0.05 -0.043 -0.027 -0.005 0 -0.003 9.01 -0.017 -0.01 -0.029 -0.16 -0.053 -0.08 -0.02 0.025 0.008 0 -0.012 0 -0.057 -0.026 0.046 0.163 -0.069
-0.056 -0.008 -0.007 -0.009 0.009 0 0.03 -0.017 7.157 -0.012 -0.025 -0.135 -0.079 -0.023 -0.012 -0.003 -0.003 0 0.005 0 -0.007 0.008 0.064 0.132 -0.014
-0.098 -0.023 -0.046 -0.029 0.011 0 -0.032 -0.01 -0.012 7.427 -0.007 -0.084 -0.062 -0.047 0.003 -0.003 -0.013 0 -0.023 0 -0.027 0.001 0.008 0.118 -0.043
-0.2 -0.104 -0.053 -0.024 -0.022 0 0.033 -0.029 -0.025 -0.007 9.76 -0.246 -0.051 -0.156 -0.042 0.078 0.05 0 0.003 0 -0.107 -0.065 0.116 0.302 -0.123
-0.948 -0.388 -0.317 -0.198 -0.031 0 0.037 -0.16 -0.135 -0.084 -0.246 7.445 -0.474 -0.63 -0.162 0.198 0.079 0 -0.069 0 -0.429 -0.192 0.443 1.394 -0.526
-0.374 -0.114 -0.264 -0.192 0.009 0 -0.251 -0.053 -0.079 -0.062 -0.051 -0.474 8.956 -0.2 -0.02 -0.037 -0.112 0 -0.173 0 -0.186 -0.051 -0.129 0.26 -0.241
0.306 0.133 0.139 -0.003 -0.021 0 0.215 -0.08 -0.023 -0.047 -0.156 -0.63 -0.2 5.742 -0.125 -0.129 -0.094 0 0.054 0 0.085 0.041 0.135 -0.17 0.144
-0.145 -0.086 -0.015 0.004 -0.022 0 0.065 -0.02 -0.012 0.003 -0.042 -0.162 -0.02 -0.125 9.856 0.082 0.066 0 0.028 0 -0.077 -0.055 0.13 0.26 -0.086
-0.273 -0.065 -0.133 -0.045 0.048 0 -0.163 0.025 -0.003 -0.003 0.078 0.198 -0.037 -0.129 0.082 6.298 -0.003 0 -0.068 0 -0.045 0.018 -0.068 0.241 -0.101
-0.24 -0.036 -0.095 -0.034 0.058 0 -0.095 0.008 -0.003 -0.013 0.05 0.079 -0.112 -0.094 0.066 -0.003 6.083 0 -0.042 0 -0.012 0.044 0.005 0.295 -0.063
0 0 0 0 0 1.431 0 0 0 0 0 0 0 0 0 0 0 37.758 0 -8.547 0 0 0 0 0
-0.025 0.061 0.018 0.002 0.058 0 0.037 -0.012 0.005 -0.023 0.003 -0.069 -0.173 0.054 0.028 -0.068 -0.042 0 4.923 0 0.08 0.091 0.077 0.157 0.064
0 0 0 0 0 -12.129 0 0 0 0 0 0 0 0 0 0 0 -8.547 0 49.484 0 0 0 0 0
0.11 0.063 0.114 0.03 0.002 0 0.22 -0.057 -0.007 -0.027 -0.107 -0.429 -0.186 0.085 -0.077 -0.045 -0.012 0 0.08 0 6.699 0.039 0.224 0.13 0.089
0.094 0.023 0.113 0.059 -0.015 0 0.196 -0.026 0.008 0.001 -0.065 -0.192 -0.051 0.041 -0.055 0.018 0.044 0 0.091 0 0.039 7.45 0.191 0.092 0.065
0.031 0.13 0.105 0.101 0.121 0 0.08 0.046 0.064 0.008 0.116 0.443 -0.129 0.135 0.13 -0.068 0.005 0 0.077 0 0.224 0.191 2.287 0.188 0.195
-0.308 -0.086 0.078 0.24 0.11 0 0.046 0.163 0.132 0.118 0.302 1.394 0.26 -0.17 0.26 0.241 0.295 0 0.157 0 0.13 0.092 0.188 2.804 0.05
0.171 0.106 0.117 0.01 0.01 0 0.211 -0.069 -0.014 -0.043 -0.123 -0.526 -0.241 0.144 -0.086 -0.101 -0.063 0 0.064 0 0.089 0.065 0.195 0.05 6.131

 Mean vectors and covariance matrices after rotation --- 2th cluster >>

 mean vector (mu'=Q*mu)>>
0.504 0.008 2.482 2.904 0.45 0 2.647 1.221 1.303 1.153 1.858 1.576 2.858 0.01 1.424 2.045 2.876 0 2.423 0 1.837 0.669 2.824 2.525 1.788

 covariance matrix (Sigma'=Q*Sigma*t(Q))>>

6.316 0.019 0.11 0.061 -0.153 0 0.051 -0.125 0.051 -0.126 0.096 0.026 0.046 -0.041 0.063 -0.073 0.12 0 0.138 0 0.128 -0.206 -0.026 0.183 0.002
0.019 1.259 -0.08 -0.136 -0.023 0 -0.05 -0.025 -0.01 -0.057 -0.038 -0.257 -0.048 0.043 -0.038 -0.069 -0.116 0 -0.086 0 0.012 -0.039 -0.131 -0.01 -0.088
0.11 -0.08 2.892 0.112 0.29 0 0.104 0.226 0.029 0.192 0.089 0.516 0.112 0.032 0.078 0.155 0.229 0 0.243 0 -0.01 0.384 0.057 0.05 0.007
0.061 -0.136 0.112 5.412 0.327 0 -0.014 0.197 -0.051 0.205 0.016 0.124 -0.023 -0.022 0.035 0.112 0.205 0 0.217 0 -0.163 0.439 0.023 -0.115 -0.013
-0.153 -0.023 0.29 0.327 9.492 0 0.15 -0.173 0.087 -0.108 0.2 0.426 0.137 -0.147 0.153 -0.004 0.364 0 0.334 0 0.166 -0.285 0.193 0.28 0.162
0 0 0 0 0 46.549 0 0 0 0 0 0 0 0 0 0 0 1.431 0 -12.129 0 0 0 0 0
0.051 -0.05 0.104 -0.014 0.15 0 4.456 0.081 0.01 0.037 0.064 0.023 0.014 0.022 0.048 0 0.142 0 0.194 0 0.012 0.192 -0.115 0.07 -0.091
-0.125 -0.025 0.226 0.197 -0.173 0 0.081 7.354 0.057 -0.127 0.158 0.127 0.065 -0.112 0.117 -0.063 0.286 0 0.293 0 0.129 -0.227 0.047 0.232 0.058
0.051 -0.01 0.029 -0.051 0.087 0 0.01 0.057 3.398 0.016 0.025 0.005 0.013 0.04 0.015 -0.004 0.033 0 0.068 0 0.022 0.108 -0.092 0.043 -0.072
-0.126 -0.057 0.192 0.205 -0.108 0 0.037 -0.127 0.016 9.327 0.111 0.053 0.017 -0.129 0.091 -0.036 0.267 0 0.259 0 0.034 -0.136 0.079 0.119 0.075
0.096 -0.038 0.089 0.016 0.2 0 0.064 0.158 0.025 0.111 2.456 0.29 0.072 0.051 0.044 0.083 0.117 0 0.144 0 0.015 0.26 -0.023 0.052 -0.039
0.026 -0.257 0.516 0.124 0.426 0 0.023 0.127 0.005 0.053 0.29 5.209 -0.015 -0.078 0.231 -0.077 0.736 0 0.914 0 -0.003 0.547 -0.366 0.279 -0.269
0.046 -0.048 0.112 -0.023 0.137 0 0.014 0.065 0.013 0.017 0.072 -0.015 4.578 0.02 0.053 -0.019 0.151 0 0.211 0 0.025 0.172 -0.14 0.09 -0.106
-0.041 0.043 0.032 -0.022 -0.147 0 0.022 -0.112 0.04 -0.129 0.051 -0.078 0.02 5.532 0.026 -0.085 0.013 0 0.035 0 0.116 -0.201 -0.071 0.139 -0.032
0.063 -0.038 0.078 0.035 0.153 0 0.048 0.117 0.015 0.091 0.044 0.231 0.053 0.026 2.874 0.069 0.107 0 0.122 0 -0.001 0.202 0.002 0.031 -0.016
-0.073 -0.069 0.155 0.112 -0.004 0 0 -0.063 -0.004 -0.036 0.083 -0.077 -0.019 -0.085 0.069 7.063 0.225 0 0.246 0 -0.004 -0.004 -0.022 0.075 -0.005
0.12 -0.116 0.229 0.205 0.364 0 0.142 0.286 0.033 0.267 0.117 0.736 0.151 0.013 0.107 0.225 3.115 0 0.324 0 -0.034 0.488 0.144 0.045 0.058
0 0 0 0 0 1.431 0 0 0 0 0 0 0 0 0 0 0 37.758 0 -8.547 0 0 0 0 0
0.138 -0.086 0.243 0.217 0.334 0 0.194 0.293 0.068 0.259 0.144 0.914 0.211 0.035 0.122 0.246 0.324 0 1.516 0 0.033 0.447 0.173 0.112 0.077
0 0 0 0 0 -12.129 0 0 0 0 0 0 0 0 0 0 0 -8.547 0 49.484 0 0 0 0 0
0.128 0.012 -0.01 -0.163 0.166 0 0.012 0.129 0.022 0.034 0.015 -0.003 0.025 0.116 -0.001 -0.004 -0.034 0 0.033 0 1.94 0.204 -0.195 0.06 -0.155
-0.206 -0.039 0.384 0.439 -0.285 0 0.192 -0.227 0.108 -0.136 0.26 0.547 0.172 -0.201 0.202 -0.004 0.488 0 0.447 0 0.204 9.62 0.26 0.355 0.216
-0.026 -0.131 0.057 0.023 0.193 0 -0.115 0.047 -0.092 0.079 -0.023 -0.366 -0.14 -0.071 0.002 -0.022 0.144 0 0.173 0 -0.195 0.26 7.456 -0.152 -0.063
0.183 -0.01 0.05 -0.115 0.28 0 0.07 0.232 0.043 0.119 0.052 0.279 0.09 0.139 0.031 0.075 0.045 0 0.112 0 0.06 0.355 -0.152 1.484 -0.14
0.002 -0.088 0.007 -0.013 0.162 0 -0.091 0.058 -0.072 0.075 -0.039 -0.269 -0.106 -0.032 -0.016 -0.005 0.058 0 0.077 0 -0.155 0.216 -0.063 -0.14 7.45

 Final eigenvalues for each cluster >> 
 (rows correspond to clusters)
62.488 40.054 31.249 9.892 9.814 9.156 9.029 8.875 8.766 7.447 7.439 7.165 6.637 6.277 6.151 6.095 6.047 6.009 5.536 4.911 4.824 3.935 2.436 2.241 2.169
62.488 40.054 31.249 9.983 9.714 9.396 7.538 7.517 7.503 7.107 6.383 5.537 5.34 5.321 4.567 4.439 3.387 2.837 2.789 2.727 2.4 1.891 1.396 1.226 1.2

 theoretical Separation index matrix >>

-1 0.34
0.34 -1

 theoretical projection directions >>

**** cluster 1 and 2
0.054 0.027 0.297 0.257 -0.029 0 0.37 0.045 0.127 0.05 0.141 0.054 0.245 -0.006 0.096 0.148 0.282 0 0.302 0 0.223 -0.035 0.288 0.493 0.148

 empirical Separation index matrix (alpha= 0.05 )>>

-1 0.417
0.417 -1

 empirical projection directions >>

**** cluster 1 and 2
0.167 -0.027 0.103 0.392 -0.01 0.028 0.354 0.113 0.077 0.018 0.17 0.018 0.263 0.044 0.057 0.082 0.44 -0.009 0.081 0.02 -0.086 -0.133 0.223 0.509 0.131
