
 Log information for the data set datasetJHG2v26nv1out0_2.dat >>

 alpha = 0.05 sepVal = 0.34

 Number of clusters >> 2

 cluster sizes >>
50 50

 Number of data points >> 100

 Number of dimensions >> 27

 Number of noisy dimensions >> 1

 noisy variables >>
8

 Number of outliers >> 0

 initial eigenvalues for each cluster >> 
 (rows correspond to clusters)
4.014 5.589 7.421 4.891 8.5 3.992 8.55 2.108 2.685 9.301 7.685 4.919 3.963 4.741 8.138 3.689 7.23 2.539 5.989 6.777 6.776 2.72 8.942 2.344 5.112 1.932
3.106 3.104 1.885 3.726 8.251 4.92 4.608 7.557 5.077 6.366 9.426 3.066 6.655 9.622 6.737 4.972 3.26 6.119 1.239 7.743 6.94 4.126 9.069 9.246 1.565 7.171

 Mean vectors and covariance matrices before rotation --- 1th cluster >>

 mean vector (mu'=Q*mu)>>
-9.136 0 0 0 0 0 0 0 0 0 0 0 0 0 0 0 0 0 0 0 0 0 0 0 0 0 0

 covariance matrix (Sigma'=Q*Sigma*t(Q))>>

5.519 -0.067 -0.376 0.03 -0.999 0.332 -0.829 0.747 0.368 -0.667 -0.334 0.018 0.052 0.075 -0.502 0.294 -0.134 0.2 -0.243 -0.481 -0.437 0.378 -0.017 0.513 0.009 0.65 0
-0.067 5.549 -0.079 -0.017 -0.182 -0.014 -0.151 0.045 0.017 -0.114 -0.067 -0.012 -0.002 -0.025 -0.095 -0.002 -0.029 0.01 -0.088 -0.118 -0.107 0.017 -0.003 0.028 -0.03 0.041 0
-0.376 -0.079 7.3 -0.042 -0.26 -0.081 -0.214 -0.011 -0.018 -0.156 -0.101 -0.029 -0.012 -0.067 -0.139 -0.049 -0.046 -0.008 -0.161 -0.193 -0.175 -0.019 -0.004 -0.014 -0.069 -0.004 0
0.03 -0.017 -0.042 4.886 -0.102 0.007 -0.085 0.043 0.019 -0.065 -0.036 -0.004 0.001 -0.006 -0.053 0.01 -0.016 0.011 -0.041 -0.06 -0.055 0.02 -0.002 0.029 -0.011 0.038 0
-0.999 -0.182 -0.26 -0.102 7.958 -0.215 -0.446 -0.08 -0.068 -0.321 -0.215 -0.07 -0.033 -0.164 -0.291 -0.138 -0.099 -0.033 -0.364 -0.421 -0.383 -0.072 -0.008 -0.069 -0.164 -0.058 0
0.332 -0.014 -0.081 0.007 -0.215 4.065 -0.178 0.163 0.08 -0.144 -0.072 0.004 0.011 0.017 -0.108 0.065 -0.029 0.044 -0.051 -0.103 -0.093 0.083 -0.004 0.112 0.003 0.142 0
-0.829 -0.151 -0.214 -0.085 -0.446 -0.178 8.184 -0.068 -0.057 -0.264 -0.177 -0.058 -0.027 -0.136 -0.24 -0.114 -0.081 -0.027 -0.301 -0.347 -0.316 -0.061 -0.007 -0.059 -0.135 -0.049 0
0.747 0.045 -0.011 0.043 -0.08 0.163 -0.068 2.335 0.122 -0.067 -0.015 0.029 0.025 0.077 -0.034 0.126 -0.002 0.065 0.061 0.017 0.015 0.126 -0.002 0.161 0.059 0.194 0
0.368 0.017 -0.018 0.019 -0.068 0.08 -0.057 0.122 2.75 -0.052 -0.018 0.013 0.012 0.035 -0.032 0.063 -0.005 0.034 0.017 -0.009 -0.009 0.066 -0.001 0.086 0.025 0.104 0
-0.667 -0.114 -0.156 -0.065 -0.321 -0.144 -0.264 -0.067 -0.052 9.112 -0.129 -0.045 -0.022 -0.106 -0.174 -0.094 -0.06 -0.025 -0.226 -0.256 -0.233 -0.054 -0.005 -0.055 -0.104 -0.051 0
-0.334 -0.067 -0.101 -0.036 -0.215 -0.072 -0.177 -0.015 -0.018 -0.129 7.6 -0.025 -0.011 -0.058 -0.115 -0.044 -0.038 -0.008 -0.137 -0.162 -0.147 -0.019 -0.003 -0.016 -0.059 -0.009 0
0.018 -0.012 -0.029 -0.004 -0.07 0.004 -0.058 0.029 0.013 -0.045 -0.025 4.917 0.001 -0.005 -0.036 0.006 -0.011 0.007 -0.028 -0.041 -0.037 0.013 -0.001 0.019 -0.007 0.026 0
0.052 -0.002 -0.012 0.001 -0.033 0.011 -0.027 0.025 0.012 -0.022 -0.011 0.001 3.965 0.003 -0.016 0.01 -0.004 0.007 -0.008 -0.015 -0.014 0.013 -0.001 0.017 0.001 0.022 0
0.075 -0.025 -0.067 -0.006 -0.164 0.017 -0.136 0.077 0.035 -0.106 -0.058 -0.005 0.003 4.734 -0.084 0.02 -0.025 0.02 -0.062 -0.094 -0.086 0.036 -0.003 0.051 -0.014 0.068 0
-0.502 -0.095 -0.139 -0.053 -0.291 -0.108 -0.24 -0.034 -0.032 -0.174 -0.115 -0.036 -0.016 -0.084 7.982 -0.068 -0.053 -0.015 -0.191 -0.223 -0.203 -0.034 -0.005 -0.031 -0.085 -0.023 0
0.294 -0.002 -0.049 0.01 -0.138 0.065 -0.114 0.126 0.063 -0.094 -0.044 0.006 0.01 0.02 -0.068 3.744 -0.017 0.034 -0.022 -0.058 -0.053 0.065 -0.002 0.087 0.009 0.109 0
-0.134 -0.029 -0.046 -0.016 -0.099 -0.029 -0.081 -0.002 -0.005 -0.06 -0.038 -0.011 -0.004 -0.025 -0.053 -0.017 7.213 -0.002 -0.06 -0.072 -0.066 -0.006 -0.002 -0.004 -0.025 0 0
0.2 0.01 -0.008 0.011 -0.033 0.044 -0.027 0.065 0.034 -0.025 -0.008 0.007 0.007 0.02 -0.015 0.034 -0.002 2.557 0.011 -0.002 -0.002 0.035 -0.001 0.046 0.014 0.055 0
-0.243 -0.088 -0.161 -0.041 -0.364 -0.051 -0.301 0.061 0.017 -0.226 -0.137 -0.028 -0.008 -0.062 -0.191 -0.022 -0.06 0.011 5.799 -0.245 -0.223 0.017 -0.006 0.035 -0.07 0.058 0
-0.481 -0.118 -0.193 -0.06 -0.421 -0.103 -0.347 0.017 -0.009 -0.256 -0.162 -0.041 -0.015 -0.094 -0.223 -0.058 -0.072 -0.002 -0.245 6.476 -0.274 -0.011 -0.007 0.003 -0.1 0.022 0
-0.437 -0.107 -0.175 -0.055 -0.383 -0.093 -0.316 0.015 -0.009 -0.233 -0.147 -0.037 -0.014 -0.086 -0.203 -0.053 -0.066 -0.002 -0.223 -0.274 6.527 -0.01 -0.006 0.003 -0.091 0.02 0
0.378 0.017 -0.019 0.02 -0.072 0.083 -0.061 0.126 0.066 -0.054 -0.019 0.013 0.013 0.036 -0.034 0.065 -0.006 0.035 0.017 -0.011 -0.01 2.788 -0.001 0.089 0.026 0.108 0
-0.017 -0.003 -0.004 -0.002 -0.008 -0.004 -0.007 -0.002 -0.001 -0.005 -0.003 -0.001 -0.001 -0.003 -0.005 -0.002 -0.002 -0.001 -0.006 -0.007 -0.006 -0.001 8.942 -0.001 -0.003 -0.001 0
0.513 0.028 -0.014 0.029 -0.069 0.112 -0.059 0.161 0.086 -0.055 -0.016 0.019 0.017 0.051 -0.031 0.087 -0.004 0.046 0.035 0.003 0.003 0.089 -0.001 2.458 0.039 0.137 0
0.009 -0.03 -0.069 -0.011 -0.164 0.003 -0.135 0.059 0.025 -0.104 -0.059 -0.007 0.001 -0.014 -0.085 0.009 -0.025 0.014 -0.07 -0.1 -0.091 0.026 -0.003 0.039 5.092 0.053 0
0.65 0.041 -0.004 0.038 -0.058 0.142 -0.049 0.194 0.104 -0.051 -0.009 0.026 0.022 0.068 -0.023 0.109 0 0.055 0.058 0.022 0.02 0.108 -0.001 0.137 0.053 2.097 0
0 0 0 0 0 0 0 0 0 0 0 0 0 0 0 0 0 0 0 0 0 0 0 0 0 0 42.535

 Mean vectors and covariance matrices before rotation --- 2th cluster >>

 mean vector (mu'=Q*mu)>>
9.136 0 0 0 0 0 0 0 0 0 0 0 0 0 0 0 0 0 0 0 0 0 0 0 0 0 0

 covariance matrix (Sigma'=Q*Sigma*t(Q))>>

5.887 0.411 0.592 0.503 -0.496 0.201 0.332 -0.622 0.045 -0.108 -0.252 0.766 -0.043 -0.786 -0.275 0.116 0.553 -0.025 0.892 -0.601 -0.309 0.005 -0.858 -0.094 0.061 -0.015 0
0.411 3.165 0.088 0.074 -0.073 0.03 0.049 -0.092 0.007 -0.016 -0.037 0.113 -0.006 -0.116 -0.041 0.017 0.082 -0.004 0.132 -0.089 -0.046 0.001 -0.127 -0.014 0.009 -0.002 0
0.592 0.088 1.999 0.117 -0.037 0.072 0.1 -0.029 0.018 0.016 -0.024 0.162 0.002 -0.078 0.01 0.043 0.12 0.009 0.165 -0.034 0.002 0.001 -0.079 -0.009 0.011 0 0
0.503 0.074 0.117 3.809 -0.146 0.013 0.036 -0.198 0.001 -0.052 -0.069 0.139 -0.017 -0.215 -0.106 0.006 0.098 -0.016 0.182 -0.186 -0.112 0.001 -0.241 -0.026 0.012 -0.005 0
-0.496 -0.073 -0.037 -0.146 7.961 -0.195 -0.218 -0.46 -0.056 -0.198 -0.115 -0.132 -0.056 -0.35 -0.331 -0.121 -0.111 -0.075 -0.023 -0.413 -0.318 -0.002 -0.419 -0.045 -0.003 -0.014 0
0.201 0.03 0.072 0.013 -0.195 4.868 -0.043 -0.285 -0.017 -0.099 -0.086 0.057 -0.03 -0.263 -0.179 -0.034 0.035 -0.035 0.122 -0.262 -0.179 0 -0.302 -0.033 0.008 -0.008 0
0.332 0.049 0.1 0.036 -0.218 -0.043 4.581 -0.314 -0.015 -0.104 -0.097 0.093 -0.032 -0.299 -0.192 -0.028 0.061 -0.036 0.164 -0.29 -0.193 0 -0.343 -0.037 0.011 -0.009 0
-0.622 -0.092 -0.029 -0.198 -0.46 -0.285 -0.314 6.836 -0.082 -0.303 -0.185 -0.165 -0.086 -0.562 -0.51 -0.177 -0.143 -0.113 0.005 -0.649 -0.492 -0.003 -0.669 -0.072 -0.001 -0.021 0
0.045 0.007 0.018 0.001 -0.056 -0.017 -0.015 -0.082 5.071 -0.029 -0.024 0.013 -0.009 -0.074 -0.052 -0.011 0.007 -0.01 0.032 -0.075 -0.052 0 -0.086 -0.009 0.002 -0.002 0
-0.108 -0.016 0.016 -0.052 -0.198 -0.099 -0.104 -0.303 -0.029 6.246 -0.082 -0.027 -0.035 -0.25 -0.207 -0.062 -0.029 -0.044 0.043 -0.275 -0.201 -0.001 -0.294 -0.032 0.002 -0.009 0
-0.252 -0.037 -0.024 -0.069 -0.115 -0.086 -0.097 -0.185 -0.024 -0.082 9.381 -0.067 -0.023 -0.136 -0.136 -0.053 -0.055 -0.031 -0.023 -0.166 -0.13 -0.001 -0.164 -0.017 -0.002 -0.006 0
0.766 0.113 0.162 0.139 -0.132 0.057 0.093 -0.165 0.013 -0.027 -0.067 3.276 -0.011 -0.211 -0.071 0.033 0.153 -0.006 0.244 -0.16 -0.081 0.001 -0.23 -0.025 0.017 -0.004 0
-0.043 -0.006 0.002 -0.017 -0.056 -0.03 -0.032 -0.086 -0.009 -0.035 -0.023 -0.011 6.645 -0.07 -0.06 -0.019 -0.011 -0.013 0.009 -0.078 -0.058 0 -0.083 -0.009 0 -0.003 0
-0.786 -0.116 -0.078 -0.215 -0.35 -0.263 -0.299 -0.562 -0.074 -0.25 -0.136 -0.211 -0.07 9.211 -0.413 -0.163 -0.173 -0.095 -0.076 -0.503 -0.395 -0.003 -0.497 -0.053 -0.007 -0.017 0
-0.275 -0.041 0.01 -0.106 -0.331 -0.179 -0.192 -0.51 -0.052 -0.207 -0.136 -0.071 -0.06 -0.413 6.384 -0.112 -0.067 -0.077 0.048 -0.462 -0.343 -0.002 -0.488 -0.052 0.002 -0.015 0
0.116 0.017 0.043 0.006 -0.121 -0.034 -0.028 -0.177 -0.011 -0.062 -0.053 0.033 -0.019 -0.163 -0.112 4.95 0.02 -0.022 0.073 -0.163 -0.112 0 -0.187 -0.02 0.005 -0.005 0
0.553 0.082 0.12 0.098 -0.111 0.035 0.061 -0.143 0.007 -0.029 -0.055 0.153 -0.011 -0.173 -0.067 0.02 3.37 -0.008 0.182 -0.137 -0.074 0.001 -0.19 -0.021 0.012 -0.004 0
-0.025 -0.004 0.009 -0.016 -0.075 -0.035 -0.036 -0.113 -0.01 -0.044 -0.031 -0.006 -0.013 -0.095 -0.077 -0.022 -0.008 6.103 0.02 -0.103 -0.075 0 -0.111 -0.012 0.001 -0.003 0
0.892 0.132 0.165 0.182 -0.023 0.122 0.164 0.005 0.032 0.043 -0.023 0.244 0.009 -0.076 0.048 0.073 0.182 0.02 1.477 -0.006 0.034 0.002 -0.07 -0.008 0.017 0.001 0
-0.601 -0.089 -0.034 -0.186 -0.413 -0.262 -0.29 -0.649 -0.075 -0.275 -0.166 -0.16 -0.078 -0.503 -0.462 -0.163 -0.137 -0.103 -0.006 7.158 -0.445 -0.003 -0.6 -0.064 -0.002 -0.019 0
-0.309 -0.046 0.002 -0.112 -0.318 -0.179 -0.193 -0.492 -0.052 -0.201 -0.13 -0.081 -0.058 -0.395 -0.343 -0.112 -0.074 -0.075 0.034 -0.445 6.608 -0.002 -0.467 -0.05 0.001 -0.014 0
0.005 0.001 0.001 0.001 -0.002 0 0 -0.003 0 -0.001 -0.001 0.001 0 -0.003 -0.002 0 0.001 0 0.002 -0.003 -0.002 4.126 -0.003 0 0 0 0
-0.858 -0.127 -0.079 -0.241 -0.419 -0.302 -0.343 -0.669 -0.086 -0.294 -0.164 -0.23 -0.083 -0.497 -0.488 -0.187 -0.19 -0.111 -0.07 -0.6 -0.467 -0.003 8.471 -0.064 -0.006 -0.02 0
-0.094 -0.014 -0.009 -0.026 -0.045 -0.033 -0.037 -0.072 -0.009 -0.032 -0.017 -0.025 -0.009 -0.053 -0.052 -0.02 -0.021 -0.012 -0.008 -0.064 -0.05 0 -0.064 9.239 -0.001 -0.002 0
0.061 0.009 0.011 0.012 -0.003 0.008 0.011 -0.001 0.002 0.002 -0.002 0.017 0 -0.007 0.002 0.005 0.012 0.001 0.017 -0.002 0.001 0 -0.006 -0.001 1.566 0 0
-0.015 -0.002 0 -0.005 -0.014 -0.008 -0.009 -0.021 -0.002 -0.009 -0.006 -0.004 -0.003 -0.017 -0.015 -0.005 -0.004 -0.003 0.001 -0.019 -0.014 0 -0.02 -0.002 0 7.171 0
0 0 0 0 0 0 0 0 0 0 0 0 0 0 0 0 0 0 0 0 0 0 0 0 0 0 42.535

 Final eigenvalues for each cluster >> 
 (rows correspond to clusters)
42.535 9.301 8.942 8.55 8.5 8.138 7.685 7.421 7.23 6.777 6.776 5.989 5.589 5.112 4.919 4.891 4.741 4.014 3.992 3.963 3.689 2.72 2.685 2.539 2.344 2.108 1.932
42.535 9.622 9.426 9.246 9.069 8.251 7.743 7.557 7.171 6.94 6.737 6.655 6.366 6.119 5.077 4.972 4.92 4.608 4.126 3.726 3.26 3.106 3.104 3.066 1.885 1.565 1.239

 *************************************************

 ********************* rotation ******************

 *************************************************


 The orthogonal matrix Q >>
0.186 0.101 0.226 0.308 0.13 0.118 0.2 0.081 0.351 0.32 0.084 0.275 0.191 0.135 0.176 0.144 0.182 0.154 0.183 0.18 0.134 0.203 0.235 0.109 0.049 0.257
0.101 -0.991 0.019 0.026 0.011 0.01 0.017 0.007 0.03 0.027 0.007 0.023 0.016 0.012 0.015 0.012 0.016 0.013 0.016 0.015 0.011 0.017 0.02 0.009 0.004 0.022
0.226 0.019 -0.957 0.059 0.025 0.022 0.038 0.016 0.067 0.061 0.016 0.052 0.036 0.026 0.034 0.027 0.035 0.029 0.035 0.034 0.026 0.039 0.045 0.021 0.009 0.049
0.308 0.026 0.059 -0.92 0.034 0.031 0.052 0.021 0.091 0.083 0.022 0.071 0.05 0.035 0.046 0.037 0.047 0.04 0.048 0.047 0.035 0.053 0.061 0.028 0.013 0.067
0.13 0.011 0.025 0.034 -0.986 0.013 0.022 0.009 0.038 0.035 0.009 0.03 0.021 0.015 0.019 0.016 0.02 0.017 0.02 0.02 0.015 0.022 0.026 0.012 0.005 0.028
0.118 0.01 0.022 0.031 0.013 -0.988 0.02 0.008 0.035 0.032 0.008 0.027 0.019 0.013 0.018 0.014 0.018 0.015 0.018 0.018 0.013 0.02 0.023 0.011 0.005 0.026
0.2 0.017 0.038 0.052 0.022 0.02 -0.966 0.014 0.059 0.054 0.014 0.046 0.032 0.023 0.03 0.024 0.031 0.026 0.031 0.03 0.023 0.034 0.04 0.018 0.008 0.043
0.081 0.007 0.016 0.021 0.009 0.008 0.014 -0.994 0.024 0.022 0.006 0.019 0.013 0.009 0.012 0.01 0.012 0.011 0.013 0.012 0.009 0.014 0.016 0.007 0.003 0.018
0.351 0.03 0.067 0.091 0.038 0.035 0.059 0.024 -0.896 0.095 0.025 0.081 0.056 0.04 0.052 0.043 0.054 0.045 0.054 0.053 0.04 0.06 0.07 0.032 0.015 0.076
0.32 0.027 0.061 0.083 0.035 0.032 0.054 0.022 0.095 -0.914 0.023 0.074 0.051 0.037 0.048 0.039 0.049 0.041 0.049 0.048 0.036 0.055 0.063 0.029 0.013 0.069
0.084 0.007 0.016 0.022 0.009 0.008 0.014 0.006 0.025 0.023 -0.994 0.019 0.014 0.01 0.012 0.01 0.013 0.011 0.013 0.013 0.01 0.014 0.017 0.008 0.003 0.018
0.275 0.023 0.052 0.071 0.03 0.027 0.046 0.019 0.081 0.074 0.019 -0.936 0.044 0.031 0.041 0.033 0.042 0.036 0.042 0.042 0.031 0.047 0.055 0.025 0.011 0.059
0.191 0.016 0.036 0.05 0.021 0.019 0.032 0.013 0.056 0.051 0.014 0.044 -0.969 0.022 0.028 0.023 0.029 0.025 0.029 0.029 0.022 0.033 0.038 0.018 0.008 0.041
0.135 0.012 0.026 0.035 0.015 0.013 0.023 0.009 0.04 0.037 0.01 0.031 0.022 -0.985 0.02 0.016 0.021 0.018 0.021 0.021 0.015 0.023 0.027 0.012 0.006 0.029
0.176 0.015 0.034 0.046 0.019 0.018 0.03 0.012 0.052 0.048 0.012 0.041 0.028 0.02 -0.974 0.021 0.027 0.023 0.027 0.027 0.02 0.03 0.035 0.016 0.007 0.038
0.144 0.012 0.027 0.037 0.016 0.014 0.024 0.01 0.043 0.039 0.01 0.033 0.023 0.016 0.021 -0.982 0.022 0.019 0.022 0.022 0.016 0.025 0.029 0.013 0.006 0.031
0.182 0.016 0.035 0.047 0.02 0.018 0.031 0.012 0.054 0.049 0.013 0.042 0.029 0.021 0.027 0.022 -0.972 0.024 0.028 0.028 0.021 0.031 0.036 0.017 0.008 0.039
0.154 0.013 0.029 0.04 0.017 0.015 0.026 0.011 0.045 0.041 0.011 0.036 0.025 0.018 0.023 0.019 0.024 -0.98 0.024 0.023 0.017 0.026 0.031 0.014 0.006 0.033
0.183 0.016 0.035 0.048 0.02 0.018 0.031 0.013 0.054 0.049 0.013 0.042 0.029 0.021 0.027 0.022 0.028 0.024 -0.972 0.028 0.021 0.031 0.036 0.017 0.008 0.04
0.18 0.015 0.034 0.047 0.02 0.018 0.03 0.012 0.053 0.048 0.013 0.042 0.029 0.021 0.027 0.022 0.028 0.023 0.028 -0.973 0.02 0.031 0.036 0.017 0.007 0.039
0.134 0.011 0.026 0.035 0.015 0.013 0.023 0.009 0.04 0.036 0.01 0.031 0.022 0.015 0.02 0.016 0.021 0.017 0.021 0.02 -0.985 0.023 0.027 0.012 0.006 0.029
0.203 0.017 0.039 0.053 0.022 0.02 0.034 0.014 0.06 0.055 0.014 0.047 0.033 0.023 0.03 0.025 0.031 0.026 0.031 0.031 0.023 -0.965 0.04 0.019 0.008 0.044
0.235 0.02 0.045 0.061 0.026 0.023 0.04 0.016 0.07 0.063 0.017 0.055 0.038 0.027 0.035 0.029 0.036 0.031 0.036 0.036 0.027 0.04 -0.953 0.022 0.01 0.051
0.109 0.009 0.021 0.028 0.012 0.011 0.018 0.007 0.032 0.029 0.008 0.025 0.018 0.012 0.016 0.013 0.017 0.014 0.017 0.017 0.012 0.019 0.022 -0.99 0.005 0.024
0.049 0.004 0.009 0.013 0.005 0.005 0.008 0.003 0.015 0.013 0.003 0.011 0.008 0.006 0.007 0.006 0.008 0.006 0.008 0.007 0.006 0.008 0.01 0.005 -0.998 0.011
0.257 0.022 0.049 0.067 0.028 0.026 0.043 0.018 0.076 0.069 0.018 0.059 0.041 0.029 0.038 0.031 0.039 0.033 0.04 0.039 0.029 0.044 0.051 0.024 0.011 -0.944

 Mean vectors and covariance matrices after rotation --- 1th cluster >>

 mean vector (mu'=Q*mu)>>
-1.827 -1.663 -1.079 -1.184 -1.643 -0.923 -0.744 0 -0.997 -1.7 -0.448 -2.064 -1.226 -2.15 -1.237 -1.406 -2.511 -3.203 -1.61 -2.812 -2.345 -1.745 -1.673 -0.767 -2.921 -1.859 -1.317

 covariance matrix (Sigma'=Q*Sigma*t(Q))>>

8.498 0.039 -0.124 -0.083 -0.077 -0.039 -0.15 0 -0.05 0.027 -0.077 0.003 -0.084 0.023 -0.022 0.107 0.162 0.262 -0.025 0.164 0.119 0.144 -0.075 -0.032 -0.03 0.085 -0.029
0.039 7.172 -0.077 0.124 0.024 -0.012 -0.144 0 -0.087 -0.339 -0.014 -0.036 0.034 -0.17 -0.034 -0.008 -0.039 -0.006 -0.003 -0.045 -0.06 -0.007 -0.007 0.024 -0.112 -0.042 -0.059
-0.124 -0.077 4.02 -0.086 -0.061 -0.014 0.061 0 0.045 0.059 0.005 -0.101 -0.044 -0.141 -0.005 0.022 -0.046 0.039 -0.097 -0.048 0.072 -0.013 -0.038 -0.041 -0.215 0.035 0.02
-0.083 0.124 -0.086 8.296 -0.103 -0.03 -0.069 0 0.022 0.494 -0.087 0.059 -0.126 0.197 0.017 0.176 0.29 0.416 -0.012 0.303 0.254 0.229 -0.073 -0.055 0.083 0.183 0.032
-0.077 0.024 -0.061 -0.103 6.708 -0.024 -0.062 0 0.003 0.214 -0.051 -0.012 -0.074 0.005 -0.001 0.108 0.139 0.255 -0.041 0.144 0.156 0.126 -0.054 -0.037 -0.066 0.107 0.009
-0.039 -0.012 -0.014 -0.03 -0.024 5.581 -0.016 0 0.006 0.082 -0.013 -0.024 -0.022 -0.044 0 0.041 0.034 0.094 -0.029 0.035 0.065 0.039 -0.018 -0.014 -0.072 0.042 0.006
-0.15 -0.144 0.061 -0.069 -0.062 -0.016 2.216 0 0.05 -0.15 0.031 -0.16 -0.031 -0.237 -0.019 -0.042 -0.17 -0.116 -0.131 -0.179 -0.008 -0.106 -0.04 -0.044 -0.308 -0.028 0.009
0 0 0 0 0 0 0 42.535 0 0 0 0 0 0 0 0 0 0 0 0 0 0 0 0 0 0 0
-0.05 -0.087 0.045 0.022 0.003 0.006 0.05 0 2.373 0.011 0.03 -0.08 0.019 -0.178 0.003 -0.007 -0.086 -0.027 -0.057 -0.087 0.019 -0.046 0.009 -0.005 -0.189 0.002 0.016
0.027 -0.339 0.059 0.494 0.214 0.082 -0.15 0 0.011 4.605 0.104 -0.232 0.261 -1.03 0.065 0.218 -0.067 0.49 -0.116 -0.051 0.348 0.101 0.171 0.1 -0.894 0.214 0.071
-0.077 -0.014 0.005 -0.087 -0.051 -0.013 0.031 0 0.03 0.104 5.101 -0.038 -0.047 -0.018 0 0.032 0.02 0.069 -0.049 0.02 0.069 0.024 -0.033 -0.032 -0.078 0.042 0.016
0.003 -0.036 -0.101 0.059 -0.012 -0.024 -0.16 0 -0.08 -0.232 -0.038 7.388 -0.006 -0.134 -0.033 0.037 0.029 0.1 -0.018 0.025 0.007 0.048 -0.033 0.004 -0.114 0.004 -0.053
-0.084 0.034 -0.044 -0.126 -0.074 -0.022 -0.031 0 0.019 0.261 -0.047 -0.006 6.696 0.038 0.005 0.104 0.139 0.242 -0.04 0.144 0.159 0.121 -0.052 -0.041 -0.043 0.109 0.019
0.023 -0.17 -0.141 0.197 0.005 -0.044 -0.237 0 -0.178 -1.03 -0.018 -0.134 0.038 8.576 -0.1 -0.105 -0.211 -0.223 -0.052 -0.233 -0.241 -0.125 -0.052 0.024 -0.274 -0.176 -0.148
-0.022 -0.034 -0.005 0.017 -0.001 0 -0.019 0 0.003 0.065 0 -0.033 0.005 -0.1 4.744 0.034 0.008 0.077 -0.026 0.009 0.054 0.023 0 -0.002 -0.106 0.033 0.006
0.107 -0.008 0.022 0.176 0.108 0.041 -0.042 0 -0.007 0.218 0.032 0.037 0.104 -0.105 0.034 2.577 0.028 0.09 0.056 0.036 0.046 0.035 0.086 0.058 -0.018 0.038 0.022
0.162 -0.039 -0.046 0.29 0.139 0.034 -0.17 0 -0.086 -0.067 0.02 0.029 0.139 -0.211 0.008 0.028 4.926 0.079 0.072 0.011 -0.017 0.033 0.088 0.085 -0.063 -0.003 -0.03
0.262 -0.006 0.039 0.416 0.255 0.094 -0.116 0 -0.027 0.49 0.069 0.1 0.242 -0.223 0.077 0.09 0.079 2.901 0.141 0.097 0.1 0.09 0.2 0.138 -0.013 0.085 0.045
-0.025 -0.003 -0.097 -0.012 -0.041 -0.029 -0.131 0 -0.057 -0.116 -0.049 -0.018 -0.04 -0.052 -0.026 0.056 0.072 0.141 8.117 0.071 0.045 0.075 -0.049 -0.014 -0.067 0.032 -0.038
0.164 -0.045 -0.048 0.303 0.144 0.035 -0.179 0 -0.087 -0.051 0.02 0.025 0.144 -0.233 0.009 0.036 0.011 0.097 0.071 4.906 -0.006 0.039 0.091 0.087 -0.082 0.004 -0.029
0.119 -0.06 0.072 0.254 0.156 0.065 -0.008 0 0.019 0.348 0.069 0.007 0.159 -0.241 0.054 0.046 -0.017 0.1 0.045 -0.006 2.009 0.016 0.132 0.078 -0.128 0.055 0.048
0.144 -0.007 -0.013 0.229 0.126 0.039 -0.106 0 -0.046 0.101 0.024 0.048 0.121 -0.125 0.023 0.035 0.033 0.09 0.075 0.039 0.016 4.004 0.089 0.073 -0.006 0.02 -0.002
-0.075 -0.007 -0.038 -0.073 -0.054 -0.018 -0.04 0 0.009 0.171 -0.033 -0.033 -0.052 -0.052 0 0.086 0.088 0.2 -0.049 0.091 0.132 0.089 5.949 -0.03 -0.111 0.087 0.011
-0.032 0.024 -0.041 -0.055 -0.037 -0.014 -0.044 0 -0.005 0.1 -0.032 0.004 -0.041 0.024 -0.002 0.058 0.085 0.138 -0.014 0.087 0.078 0.073 -0.03 7.666 -0.01 0.055 0
-0.03 -0.112 -0.215 0.083 -0.066 -0.072 -0.308 0 -0.189 -0.894 -0.078 -0.114 -0.043 -0.274 -0.106 -0.018 -0.063 -0.013 -0.067 -0.082 -0.128 -0.006 -0.111 -0.01 9.056 -0.095 -0.152
0.085 -0.042 0.035 0.183 0.107 0.042 -0.028 0 0.002 0.214 0.042 0.004 0.109 -0.176 0.033 0.038 -0.003 0.085 0.032 0.004 0.055 0.02 0.087 0.055 -0.095 2.759 0.026
-0.029 -0.059 0.02 0.032 0.009 0.006 0.009 0 0.016 0.071 0.016 -0.053 0.019 -0.148 0.006 0.022 -0.03 0.045 -0.038 -0.029 0.048 -0.002 0.011 0 -0.152 0.026 3.703

 Mean vectors and covariance matrices after rotation --- 2th cluster >>

 mean vector (mu'=Q*mu)>>
1.827 1.663 1.079 1.184 1.643 0.923 0.744 0 0.997 1.7 0.448 2.064 1.226 2.15 1.237 1.406 2.511 3.203 1.61 2.812 2.345 1.745 1.673 0.767 2.921 1.859 1.317

 covariance matrix (Sigma'=Q*Sigma*t(Q))>>

4.588 0.015 -0.026 -0.057 -0.072 0.002 -0.035 0 -0.067 0.213 0.028 0.089 -0.047 -0.127 -0.077 -0.023 0.04 0.014 -0.055 0.037 -0.074 -0.041 0.062 -0.051 -0.062 0.046 -0.01
0.015 3.28 0.019 0.001 0.015 0.012 0.089 0 -0.077 0.133 0.015 0.051 0.024 -0.055 -0.005 -0.036 0.032 -0.059 0.011 0.018 -0.13 -0.069 0.042 -0.035 -0.075 -0.011 -0.002
-0.026 0.019 4.885 -0.092 -0.122 0.008 -0.115 0 -0.044 0.205 0.021 0.08 -0.084 -0.16 -0.123 -0.018 0.043 0.022 -0.087 0.032 -0.03 -0.023 0.073 -0.053 -0.054 0.04 -0.014
-0.057 0.001 -0.092 8.167 -0.131 -0.025 -0.216 0 0.021 0.355 0.047 0.133 -0.118 -0.095 -0.1 0.054 0.048 0.237 -0.104 0.095 0.145 0.088 0.054 -0.019 0.08 0.187 0.003
-0.072 0.015 -0.122 -0.131 7.546 -0.024 -0.313 0 0.025 0.551 0.065 0.197 -0.171 -0.156 -0.159 0.072 0.084 0.323 -0.151 0.141 0.195 0.116 0.097 -0.035 0.102 0.255 0.006
0.002 0.012 0.008 -0.025 -0.024 3.115 0.028 0 -0.057 0.049 0.005 0.025 -0.006 -0.078 -0.038 -0.036 0.016 -0.068 -0.016 -0.004 -0.1 -0.06 0.034 -0.035 -0.076 -0.028 -0.01
-0.035 0.089 -0.115 -0.216 -0.313 0.028 7.062 0 0.067 0.964 0.073 0.278 -0.247 -0.257 -0.285 0.104 0.192 0.413 -0.211 0.227 0.306 0.173 0.216 -0.05 0.155 0.296 0.029
0 0 0 0 0 0 0 42.535 0 0 0 0 0 0 0 0 0 0 0 0 0 0 0 0 0 0 0
-0.067 -0.077 -0.044 0.021 0.025 -0.057 0.067 0 9.204 -0.362 0 -0.053 0.007 0.014 0.046 -0.031 -0.101 -0.053 -0.007 -0.078 -0.081 -0.046 -0.095 -0.006 -0.063 -0.01 -0.035
0.213 0.133 0.205 0.355 0.551 0.049 0.964 0 -0.362 4.226 0.122 0.348 0.453 0.23 0.427 -0.072 0.23 -0.066 0.397 0.26 -0.606 -0.251 0.145 -0.041 -0.119 0.113 0.108
0.028 0.015 0.021 0.047 0.065 0.005 0.073 0 0 0.122 1.574 0.026 0.048 0.064 0.058 0.016 0.025 0.036 0.049 0.036 0.004 0.013 0.006 0.016 0.037 0.027 0.02
0.089 0.051 0.08 0.133 0.197 0.025 0.278 0 -0.053 0.348 0.026 1.966 0.155 0.143 0.161 0.009 0.077 0.018 0.149 0.09 -0.097 -0.026 0.034 0.021 0.034 0.034 0.05
-0.047 0.024 -0.084 -0.118 -0.171 -0.006 -0.247 0 0.007 0.453 0.048 0.155 6.802 -0.155 -0.149 0.043 0.079 0.217 -0.126 0.107 0.124 0.072 0.097 -0.039 0.054 0.174 0.003
-0.127 -0.055 -0.16 -0.095 -0.156 -0.078 -0.257 0 0.014 0.23 0.064 0.143 -0.155 8.968 -0.095 0.063 -0.007 0.312 -0.144 0.079 0.17 0.104 0 -0.022 0.086 0.261 -0.017
-0.077 -0.005 -0.123 -0.1 -0.159 -0.038 -0.285 0 0.046 0.427 0.058 0.161 -0.149 -0.095 9.509 0.081 0.053 0.327 -0.128 0.121 0.219 0.132 0.055 -0.013 0.127 0.25 0.007
-0.023 -0.036 -0.018 0.054 0.072 -0.036 0.104 0 -0.031 -0.072 0.016 0.009 0.043 0.063 0.081 6.118 -0.036 0.025 0.036 -0.004 -0.043 -0.013 -0.051 0.008 0 0.043 -0.003
0.04 0.032 0.043 0.048 0.084 0.016 0.192 0 -0.101 0.23 0.025 0.077 0.079 -0.007 0.053 -0.036 3.118 -0.057 0.062 0.044 -0.174 -0.083 0.048 -0.029 -0.07 0.001 0.013
0.014 -0.059 0.022 0.237 0.323 -0.068 0.413 0 -0.053 -0.066 0.036 0.018 0.217 0.312 0.327 0.025 -0.057 5.151 0.203 0.028 -0.095 -0.009 -0.131 0.065 0.07 0.097 0.033
-0.055 0.011 -0.087 -0.104 -0.151 -0.016 -0.211 0 -0.007 0.397 0.049 0.149 -0.126 -0.144 -0.128 0.036 0.062 0.203 6.62 0.096 0.096 0.058 0.079 -0.039 0.04 0.172 -0.002
0.037 0.018 0.032 0.095 0.141 -0.004 0.227 0 -0.078 0.26 0.036 0.09 0.107 0.079 0.121 -0.004 0.044 0.028 0.096 3.795 -0.118 -0.041 0.017 -0.002 -0.004 0.061 0.027
-0.074 -0.13 -0.03 0.145 0.195 -0.1 0.306 0 -0.081 -0.606 0.004 -0.097 0.124 0.17 0.219 -0.043 -0.174 -0.095 0.096 -0.118 6.993 -0.085 -0.196 0.024 -0.073 -0.016 -0.035
-0.041 -0.069 -0.023 0.088 0.116 -0.06 0.173 0 -0.046 -0.251 0.013 -0.026 0.072 0.104 0.132 -0.013 -0.083 -0.009 0.058 -0.041 -0.085 6.621 -0.102 0.015 -0.02 0.027 -0.013
0.062 0.042 0.073 0.054 0.097 0.034 0.216 0 -0.095 0.145 0.006 0.034 0.097 0 0.055 -0.051 0.048 -0.131 0.079 0.017 -0.196 -0.102 1.286 -0.026 -0.091 -0.065 0.012
-0.051 -0.035 -0.053 -0.019 -0.035 -0.035 -0.05 0 -0.006 -0.041 0.016 0.021 -0.039 -0.022 -0.013 0.008 -0.029 0.065 -0.039 -0.002 0.024 0.015 -0.026 9.419 0.006 0.063 -0.014
-0.062 -0.075 -0.054 0.08 0.102 -0.076 0.155 0 -0.063 -0.119 0.037 0.034 0.054 0.086 0.127 0 -0.07 0.07 0.04 -0.004 -0.073 -0.02 -0.091 0.006 6.361 0.103 -0.011
0.046 -0.011 0.04 0.187 0.255 -0.028 0.296 0 -0.01 0.113 0.027 0.034 0.174 0.261 0.25 0.043 0.001 0.097 0.172 0.061 -0.016 0.027 -0.065 0.063 0.103 4.212 0.046
-0.01 -0.002 -0.014 0.003 0.006 -0.01 0.029 0 -0.035 0.108 0.02 0.05 0.003 -0.017 0.007 -0.003 0.013 0.033 -0.002 0.027 -0.035 -0.013 0.012 -0.014 -0.011 0.046 4.972

 Final eigenvalues for each cluster >> 
 (rows correspond to clusters)
42.535 9.301 8.942 8.55 8.5 8.138 7.685 7.421 7.23 6.777 6.776 5.989 5.589 5.112 4.919 4.891 4.741 4.014 3.992 3.963 3.689 2.72 2.685 2.539 2.344 2.108 1.932
42.535 9.622 9.426 9.246 9.069 8.251 7.743 7.557 7.171 6.94 6.737 6.655 6.366 6.119 5.077 4.972 4.92 4.608 4.126 3.726 3.26 3.106 3.104 3.066 1.885 1.565 1.239

 theoretical Separation index matrix >>

-1 0.34
0.34 -1

 theoretical projection directions >>

**** cluster 1 and 2
0.135 0.202 0.148 0.02 0.077 0.121 0.06 0 0.135 0.184 0.048 0.227 0.055 0.169 0.067 0.161 0.342 0.382 0.101 0.339 0.311 0.181 0.238 0.041 0.248 0.246 0.169

 empirical Separation index matrix (alpha= 0.05 )>>

-1 0.383
0.383 -1

 empirical projection directions >>

**** cluster 1 and 2
0.164 0.288 0.01 0.148 0.045 0.017 0.154 -0.018 0.153 0.201 0.11 0.149 0.263 0.131 0.036 0.144 0.171 0.312 0.043 0.347 0.462 0.312 0.191 -0.023 0.19 0.041 0.02
