
 Log information for the data set datasetJHG2v26nv1out0_1.dat >>

 alpha = 0.05 sepVal = 0.34

 Number of clusters >> 2

 cluster sizes >>
50 50

 Number of data points >> 100

 Number of dimensions >> 27

 Number of noisy dimensions >> 1

 noisy variables >>
5

 Number of outliers >> 0

 initial eigenvalues for each cluster >> 
 (rows correspond to clusters)
8.028 6.318 3.857 8.348 5.628 4.876 2.715 2.508 4.99 7.961 4.437 8.306 2.443 8.211 9.277 1.311 2.837 6.408 5.842 3.499 3.599 5.907 3.032 3.212 3.097 3.248
2.545 7.988 8.922 7.147 3.697 1.601 8.213 3.291 7.95 8.953 6.911 1.944 9.211 6.621 9.057 7.345 4.88 5.415 5.341 4.143 1.688 4.409 3.431 3.107 5.995 8.374

 Mean vectors and covariance matrices before rotation --- 1th cluster >>

 mean vector (mu'=Q*mu)>>
-8.773 0 0 0 0 0 0 0 0 0 0 0 0 0 0 0 0 0 0 0 0 0 0 0 0 0 0

 covariance matrix (Sigma'=Q*Sigma*t(Q))>>

5.181 -0.175 0.507 -0.199 0.008 0.247 0.686 0.718 0.07 -0.595 0.074 -0.046 0.296 -0.027 -0.936 0.477 0.887 -0.214 -0.037 0.131 0.3 -0.058 0.404 0.208 0.351 0.431 0
-0.175 6.385 0.222 -0.016 0.055 0.175 0.245 0.25 0.055 -0.034 0.04 -0.004 0.103 -0.002 -0.111 0.15 0.322 0.066 0.081 0.053 0.124 0.087 0.15 0.08 0.132 0.166 0
0.507 0.222 4.238 0.026 0.132 0.348 0.377 0.38 0.112 0.113 0.074 0.006 0.155 0.004 0.034 0.213 0.5 0.232 0.212 0.087 0.206 0.232 0.238 0.128 0.21 0.268 0
-0.199 -0.016 0.026 8.334 -0.002 0.009 0.038 0.04 0.002 -0.042 0.003 -0.003 0.016 -0.002 -0.063 0.027 0.049 -0.019 -0.007 0.007 0.016 -0.009 0.022 0.011 0.019 0.023 0
0.008 0.055 0.132 -0.002 5.666 0.111 0.14 0.142 0.035 0.004 0.024 0 0.058 0 -0.035 0.083 0.184 0.056 0.058 0.031 0.073 0.063 0.087 0.046 0.076 0.096 0
0.247 0.175 0.348 0.009 0.111 5.182 0.357 0.361 0.098 0.058 0.066 0.002 0.147 0.002 -0.029 0.207 0.471 0.18 0.175 0.081 0.19 0.19 0.223 0.119 0.196 0.249 0
0.686 0.245 0.377 0.038 0.14 0.357 3.079 0.366 0.116 0.151 0.074 0.009 0.149 0.006 0.085 0.201 0.484 0.258 0.227 0.086 0.203 0.249 0.231 0.125 0.204 0.261 0
0.718 0.25 0.38 0.04 0.142 0.361 0.366 2.874 0.117 0.158 0.075 0.009 0.149 0.006 0.094 0.201 0.486 0.264 0.231 0.086 0.204 0.254 0.232 0.125 0.205 0.263 0
0.07 0.055 0.112 0.002 0.035 0.098 0.116 0.117 5.021 0.017 0.021 0.001 0.048 0 -0.012 0.067 0.153 0.057 0.055 0.026 0.061 0.06 0.072 0.039 0.064 0.081 0
-0.595 -0.034 0.113 -0.042 0.004 0.058 0.151 0.158 0.017 7.837 0.017 -0.01 0.065 -0.006 -0.198 0.104 0.195 -0.042 -0.005 0.029 0.067 -0.009 0.089 0.046 0.077 0.095 0
0.074 0.04 0.074 0.003 0.024 0.066 0.074 0.075 0.021 0.017 4.452 0.001 0.031 0.001 0 0.043 0.099 0.041 0.039 0.017 0.04 0.043 0.047 0.025 0.041 0.052 0
-0.046 -0.004 0.006 -0.003 0 0.002 0.009 0.009 0.001 -0.01 0.001 8.305 0.004 0 -0.015 0.006 0.012 -0.004 -0.001 0.002 0.004 -0.002 0.005 0.003 0.005 0.006 0
0.296 0.103 0.155 0.016 0.058 0.147 0.149 0.149 0.048 0.065 0.031 0.004 2.503 0.002 0.039 0.082 0.198 0.108 0.094 0.035 0.083 0.104 0.094 0.051 0.083 0.107 0
-0.027 -0.002 0.004 -0.002 0 0.002 0.006 0.006 0 -0.006 0.001 0 0.002 8.21 -0.009 0.004 0.007 -0.002 -0.001 0.001 0.002 -0.001 0.003 0.002 0.003 0.003 0
-0.936 -0.111 0.034 -0.063 -0.035 -0.029 0.085 0.094 -0.012 -0.198 0 -0.015 0.039 -0.009 9.006 0.073 0.107 -0.125 -0.07 0.012 0.026 -0.081 0.046 0.022 0.039 0.045 0
0.477 0.15 0.213 0.027 0.083 0.207 0.201 0.201 0.067 0.104 0.043 0.006 0.082 0.004 0.073 1.419 0.268 0.159 0.136 0.048 0.114 0.15 0.128 0.069 0.113 0.146 0
0.887 0.322 0.5 0.049 0.184 0.471 0.484 0.486 0.153 0.195 0.099 0.012 0.198 0.007 0.107 0.268 3.481 0.338 0.299 0.113 0.269 0.328 0.307 0.165 0.271 0.347 0
-0.214 0.066 0.232 -0.019 0.056 0.18 0.258 0.264 0.057 -0.042 0.041 -0.004 0.108 -0.002 -0.125 0.159 0.338 6.472 0.082 0.055 0.13 0.087 0.158 0.084 0.139 0.174 0
-0.037 0.081 0.212 -0.007 0.058 0.175 0.227 0.231 0.055 -0.005 0.039 -0.001 0.094 -0.001 -0.07 0.136 0.299 0.082 5.931 0.05 0.117 0.096 0.14 0.075 0.123 0.156 0
0.131 0.053 0.087 0.007 0.031 0.081 0.086 0.086 0.026 0.029 0.017 0.002 0.035 0.001 0.012 0.048 0.113 0.055 0.05 3.519 0.047 0.055 0.054 0.029 0.048 0.061 0
0.3 0.124 0.206 0.016 0.073 0.19 0.203 0.204 0.061 0.067 0.04 0.004 0.083 0.002 0.026 0.114 0.269 0.13 0.117 0.047 3.71 0.128 0.128 0.069 0.113 0.144 0
-0.058 0.087 0.232 -0.009 0.063 0.19 0.249 0.254 0.06 -0.009 0.043 -0.002 0.104 -0.001 -0.081 0.15 0.328 0.087 0.096 0.055 0.128 6.011 0.154 0.082 0.135 0.171 0
0.404 0.15 0.238 0.022 0.087 0.223 0.231 0.232 0.072 0.089 0.047 0.005 0.094 0.003 0.046 0.128 0.307 0.158 0.14 0.054 0.128 0.154 3.179 0.079 0.129 0.165 0
0.208 0.08 0.128 0.011 0.046 0.119 0.125 0.125 0.039 0.046 0.025 0.003 0.051 0.002 0.022 0.069 0.165 0.084 0.075 0.029 0.069 0.082 0.079 3.255 0.07 0.089 0
0.351 0.132 0.21 0.019 0.076 0.196 0.204 0.205 0.064 0.077 0.041 0.005 0.083 0.003 0.039 0.113 0.271 0.139 0.123 0.048 0.113 0.135 0.129 0.07 3.211 0.146 0
0.431 0.166 0.268 0.023 0.096 0.249 0.261 0.263 0.081 0.095 0.052 0.006 0.107 0.003 0.045 0.146 0.347 0.174 0.156 0.061 0.144 0.171 0.165 0.089 0.146 3.434 0
0 0 0 0 0 0 0 0 0 0 0 0 0 0 0 0 0 0 0 0 0 0 0 0 0 0 62.616

 Mean vectors and covariance matrices before rotation --- 2th cluster >>

 mean vector (mu'=Q*mu)>>
8.773 0 0 0 0 0 0 0 0 0 0 0 0 0 0 0 0 0 0 0 0 0 0 0 0 0 0

 covariance matrix (Sigma'=Q*Sigma*t(Q))>>

5.601 -0.49 -0.471 -0.1 0.15 0.458 -0.164 0.218 -1.103 -1.463 -0.474 0.102 -0.394 -0.46 -0.143 -0.334 -0.017 -0.006 -0.133 0.152 0.644 0.005 0.081 0.469 -0.247 -0.016 0
-0.49 7.833 -0.127 -0.039 -0.066 -0.036 -0.049 -0.064 -0.35 -0.393 -0.198 -0.01 -0.102 -0.215 -0.038 -0.122 -0.209 -0.007 -0.179 -0.122 -0.055 -0.007 -0.027 -0.117 -0.162 -0.005 0
-0.471 -0.127 8.819 -0.032 -0.06 -0.038 -0.041 -0.059 -0.288 -0.32 -0.165 -0.011 -0.083 -0.18 -0.031 -0.101 -0.181 -0.006 -0.153 -0.109 -0.057 -0.006 -0.025 -0.109 -0.137 -0.004 0
-0.1 -0.039 -0.032 7.137 -0.015 -0.006 -0.012 -0.014 -0.088 -0.1 -0.049 -0.002 -0.026 -0.053 -0.01 -0.03 -0.049 -0.002 -0.043 -0.028 -0.01 -0.002 -0.006 -0.025 -0.039 -0.001 0
0.15 -0.066 -0.06 -0.015 3.697 0.029 -0.022 0.005 -0.149 -0.185 -0.073 0.006 -0.049 -0.075 -0.018 -0.048 -0.039 -0.002 -0.043 -0.01 0.04 -0.001 0.001 0.015 -0.048 -0.002 0
0.458 -0.036 -0.038 -0.006 0.029 1.664 -0.013 0.037 -0.082 -0.12 -0.027 0.014 -0.033 -0.023 -0.012 -0.022 0.031 0 0.012 0.038 0.089 0.002 0.014 0.077 -0.005 -0.001 0
-0.164 -0.049 -0.041 -0.012 -0.022 -0.013 8.197 -0.021 -0.112 -0.125 -0.064 -0.004 -0.033 -0.069 -0.012 -0.039 -0.068 -0.002 -0.058 -0.04 -0.019 -0.002 -0.009 -0.039 -0.052 -0.002 0
0.218 -0.064 -0.059 -0.014 0.005 0.037 -0.021 3.303 -0.145 -0.183 -0.068 0.008 -0.049 -0.069 -0.018 -0.046 -0.028 -0.001 -0.035 -0.001 0.052 0 0.004 0.028 -0.043 -0.002 0
-1.103 -0.35 -0.288 -0.088 -0.149 -0.082 -0.112 -0.145 7.155 -0.892 -0.449 -0.024 -0.232 -0.488 -0.086 -0.277 -0.473 -0.016 -0.405 -0.277 -0.123 -0.015 -0.061 -0.265 -0.367 -0.011 0
-1.463 -0.393 -0.32 -0.1 -0.185 -0.12 -0.125 -0.183 -0.892 7.964 -0.511 -0.033 -0.257 -0.558 -0.096 -0.314 -0.562 -0.018 -0.476 -0.337 -0.178 -0.018 -0.077 -0.338 -0.424 -0.012 0
-0.474 -0.198 -0.165 -0.049 -0.073 -0.027 -0.064 -0.068 -0.449 -0.511 6.662 -0.009 -0.133 -0.269 -0.05 -0.155 -0.247 -0.008 -0.215 -0.139 -0.043 -0.008 -0.029 -0.122 -0.199 -0.006 0
0.102 -0.01 -0.011 -0.002 0.006 0.014 -0.004 0.008 -0.024 -0.033 -0.009 1.947 -0.009 -0.008 -0.003 -0.007 0.005 0 0.001 0.008 0.02 0 0.003 0.017 -0.003 0 0
-0.394 -0.102 -0.083 -0.026 -0.049 -0.033 -0.033 -0.049 -0.232 -0.257 -0.133 -0.009 9.145 -0.146 -0.025 -0.082 -0.148 -0.005 -0.125 -0.089 -0.049 -0.005 -0.021 -0.09 -0.111 -0.003 0
-0.46 -0.215 -0.18 -0.053 -0.075 -0.023 -0.069 -0.069 -0.488 -0.558 -0.269 -0.008 -0.146 6.332 -0.054 -0.168 -0.26 -0.009 -0.228 -0.145 -0.037 -0.008 -0.03 -0.123 -0.213 -0.007 0
-0.143 -0.038 -0.031 -0.01 -0.018 -0.012 -0.012 -0.018 -0.086 -0.096 -0.05 -0.003 -0.025 -0.054 9.047 -0.03 -0.055 -0.002 -0.046 -0.033 -0.018 -0.002 -0.008 -0.033 -0.041 -0.001 0
-0.334 -0.122 -0.101 -0.03 -0.048 -0.022 -0.039 -0.046 -0.277 -0.314 -0.155 -0.007 -0.082 -0.168 -0.03 7.249 -0.158 -0.005 -0.137 -0.091 -0.034 -0.005 -0.02 -0.083 -0.125 -0.004 0
-0.017 -0.209 -0.181 -0.049 -0.039 0.031 -0.068 -0.028 -0.473 -0.562 -0.247 0.005 -0.148 -0.26 -0.055 -0.158 4.687 -0.007 -0.181 -0.09 0.041 -0.005 -0.013 -0.041 -0.182 -0.007 0
-0.006 -0.007 -0.006 -0.002 -0.002 0 -0.002 -0.001 -0.016 -0.018 -0.008 0 -0.005 -0.009 -0.002 -0.005 -0.007 5.415 -0.006 -0.004 0 0 -0.001 -0.002 -0.006 0 0
-0.133 -0.179 -0.153 -0.043 -0.043 0.012 -0.058 -0.035 -0.405 -0.476 -0.215 0.001 -0.125 -0.228 -0.046 -0.137 -0.181 -0.006 5.174 -0.091 0.014 -0.005 -0.016 -0.057 -0.162 -0.006 0
0.152 -0.122 -0.109 -0.028 -0.01 0.038 -0.04 -0.001 -0.277 -0.337 -0.139 0.008 -0.089 -0.145 -0.033 -0.091 -0.09 -0.004 -0.091 4.11 0.053 -0.002 -0.002 0.006 -0.097 -0.004 0
0.644 -0.055 -0.057 -0.01 0.04 0.089 -0.019 0.052 -0.123 -0.178 -0.043 0.02 -0.049 -0.037 -0.018 -0.034 0.041 0 0.014 0.053 1.813 0.002 0.02 0.108 -0.01 -0.002 0
0.005 -0.007 -0.006 -0.002 -0.001 0.002 -0.002 0 -0.015 -0.018 -0.008 0 -0.005 -0.008 -0.002 -0.005 -0.005 0 -0.005 -0.002 0.002 4.409 0 0 -0.006 0 0
0.081 -0.027 -0.025 -0.006 0.001 0.014 -0.009 0.004 -0.061 -0.077 -0.029 0.003 -0.021 -0.03 -0.008 -0.02 -0.013 -0.001 -0.016 -0.002 0.02 0 3.432 0.01 -0.019 -0.001 0
0.469 -0.117 -0.109 -0.025 0.015 0.077 -0.039 0.028 -0.265 -0.338 -0.122 0.017 -0.09 -0.123 -0.033 -0.083 -0.041 -0.002 -0.057 0.006 0.108 0 0.01 3.171 -0.074 -0.004 0
-0.247 -0.162 -0.137 -0.039 -0.048 -0.005 -0.052 -0.043 -0.367 -0.424 -0.199 -0.003 -0.111 -0.213 -0.041 -0.125 -0.182 -0.006 -0.162 -0.097 -0.01 -0.006 -0.019 -0.074 5.841 -0.005 0
-0.016 -0.005 -0.004 -0.001 -0.002 -0.001 -0.002 -0.002 -0.011 -0.012 -0.006 0 -0.003 -0.007 -0.001 -0.004 -0.007 0 -0.006 -0.004 -0.002 0 -0.001 -0.004 -0.005 8.374 0
0 0 0 0 0 0 0 0 0 0 0 0 0 0 0 0 0 0 0 0 0 0 0 0 0 0 62.616

 Final eigenvalues for each cluster >> 
 (rows correspond to clusters)
62.616 9.277 8.348 8.306 8.211 8.028 7.961 6.408 6.318 5.907 5.842 5.628 4.99 4.876 4.437 3.857 3.599 3.499 3.248 3.212 3.097 3.032 2.837 2.715 2.508 2.443 1.311
62.616 9.211 9.057 8.953 8.922 8.374 8.213 7.988 7.95 7.345 7.147 6.911 6.621 5.995 5.415 5.341 4.88 4.409 4.143 3.697 3.431 3.291 3.107 2.545 1.944 1.688 1.601

 *************************************************

 ********************* rotation ******************

 *************************************************


 The orthogonal matrix Q >>
0.235 0.088 0.25 0.071 0.046 0.016 0.167 0.243 0.133 0.008 0.231 0.37 0.278 0.108 0.304 0.149 0.037 0.039 0.072 0.017 0.228 0.264 0.224 0.177 0.314 0.24
0.088 -0.994 0.018 0.005 0.003 0.001 0.012 0.017 0.01 0.001 0.017 0.026 0.02 0.008 0.022 0.011 0.003 0.003 0.005 0.001 0.016 0.019 0.016 0.013 0.022 0.017
0.25 0.018 -0.95 0.014 0.009 0.003 0.034 0.049 0.027 0.002 0.047 0.075 0.056 0.022 0.062 0.03 0.008 0.008 0.015 0.003 0.046 0.053 0.045 0.036 0.063 0.048
0.071 0.005 0.014 -0.996 0.003 0.001 0.01 0.014 0.008 0 0.013 0.021 0.016 0.006 0.017 0.009 0.002 0.002 0.004 0.001 0.013 0.015 0.013 0.01 0.018 0.014
0.046 0.003 0.009 0.003 -0.998 0.001 0.006 0.009 0.005 0 0.009 0.014 0.01 0.004 0.011 0.006 0.001 0.001 0.003 0.001 0.009 0.01 0.008 0.007 0.012 0.009
0.016 0.001 0.003 0.001 0.001 -1 0.002 0.003 0.002 0 0.003 0.005 0.004 0.001 0.004 0.002 0 0.001 0.001 0 0.003 0.003 0.003 0.002 0.004 0.003
0.167 0.012 0.034 0.01 0.006 0.002 -0.977 0.033 0.018 0.001 0.031 0.05 0.038 0.015 0.041 0.02 0.005 0.005 0.01 0.002 0.031 0.036 0.03 0.024 0.043 0.033
0.243 0.017 0.049 0.014 0.009 0.003 0.033 -0.952 0.026 0.002 0.045 0.073 0.055 0.021 0.06 0.029 0.007 0.008 0.014 0.003 0.045 0.052 0.044 0.035 0.062 0.047
0.133 0.01 0.027 0.008 0.005 0.002 0.018 0.026 -0.986 0.001 0.025 0.04 0.03 0.012 0.033 0.016 0.004 0.004 0.008 0.002 0.025 0.028 0.024 0.019 0.034 0.026
0.008 0.001 0.002 0 0 0 0.001 0.002 0.001 -1 0.001 0.002 0.002 0.001 0.002 0.001 0 0 0 0 0.001 0.002 0.001 0.001 0.002 0.001
0.231 0.017 0.047 0.013 0.009 0.003 0.031 0.045 0.025 0.001 -0.957 0.069 0.052 0.02 0.057 0.028 0.007 0.007 0.013 0.003 0.043 0.049 0.042 0.033 0.059 0.045
0.37 0.026 0.075 0.021 0.014 0.005 0.05 0.073 0.04 0.002 0.069 -0.889 0.083 0.032 0.091 0.045 0.011 0.012 0.022 0.005 0.068 0.079 0.067 0.053 0.094 0.072
0.278 0.02 0.056 0.016 0.01 0.004 0.038 0.055 0.03 0.002 0.052 0.083 -0.937 0.024 0.069 0.034 0.008 0.009 0.016 0.004 0.052 0.06 0.051 0.04 0.071 0.054
0.108 0.008 0.022 0.006 0.004 0.001 0.015 0.021 0.012 0.001 0.02 0.032 0.024 -0.991 0.027 0.013 0.003 0.003 0.006 0.001 0.02 0.023 0.02 0.015 0.027 0.021
0.304 0.022 0.062 0.017 0.011 0.004 0.041 0.06 0.033 0.002 0.057 0.091 0.069 0.027 -0.925 0.037 0.009 0.01 0.018 0.004 0.056 0.065 0.055 0.044 0.077 0.059
0.149 0.011 0.03 0.009 0.006 0.002 0.02 0.029 0.016 0.001 0.028 0.045 0.034 0.013 0.037 -0.982 0.005 0.005 0.009 0.002 0.028 0.032 0.027 0.021 0.038 0.029
0.037 0.003 0.008 0.002 0.001 0 0.005 0.007 0.004 0 0.007 0.011 0.008 0.003 0.009 0.005 -0.999 0.001 0.002 0.001 0.007 0.008 0.007 0.005 0.009 0.007
0.039 0.003 0.008 0.002 0.001 0.001 0.005 0.008 0.004 0 0.007 0.012 0.009 0.003 0.01 0.005 0.001 -0.999 0.002 0.001 0.007 0.008 0.007 0.006 0.01 0.008
0.072 0.005 0.015 0.004 0.003 0.001 0.01 0.014 0.008 0 0.013 0.022 0.016 0.006 0.018 0.009 0.002 0.002 -0.996 0.001 0.013 0.015 0.013 0.01 0.018 0.014
0.017 0.001 0.003 0.001 0.001 0 0.002 0.003 0.002 0 0.003 0.005 0.004 0.001 0.004 0.002 0.001 0.001 0.001 -1 0.003 0.004 0.003 0.002 0.004 0.003
0.228 0.016 0.046 0.013 0.009 0.003 0.031 0.045 0.025 0.001 0.043 0.068 0.052 0.02 0.056 0.028 0.007 0.007 0.013 0.003 -0.958 0.049 0.041 0.033 0.058 0.044
0.264 0.019 0.053 0.015 0.01 0.003 0.036 0.052 0.028 0.002 0.049 0.079 0.06 0.023 0.065 0.032 0.008 0.008 0.015 0.004 0.049 -0.944 0.048 0.038 0.067 0.051
0.224 0.016 0.045 0.013 0.008 0.003 0.03 0.044 0.024 0.001 0.042 0.067 0.051 0.02 0.055 0.027 0.007 0.007 0.013 0.003 0.041 0.048 -0.959 0.032 0.057 0.044
0.177 0.013 0.036 0.01 0.007 0.002 0.024 0.035 0.019 0.001 0.033 0.053 0.04 0.015 0.044 0.021 0.005 0.006 0.01 0.002 0.033 0.038 0.032 -0.975 0.045 0.034
0.314 0.022 0.063 0.018 0.012 0.004 0.043 0.062 0.034 0.002 0.059 0.094 0.071 0.027 0.077 0.038 0.009 0.01 0.018 0.004 0.058 0.067 0.057 0.045 -0.92 0.061
0.24 0.017 0.048 0.014 0.009 0.003 0.033 0.047 0.026 0.001 0.045 0.072 0.054 0.021 0.059 0.029 0.007 0.008 0.014 0.003 0.044 0.051 0.044 0.034 0.061 -0.953

 Mean vectors and covariance matrices after rotation --- 1th cluster >>

 mean vector (mu'=Q*mu)>>
-2.031 -2.004 -0.631 -1.31 0 -0.143 -0.403 -0.619 -1.553 -2.103 -0.067 -0.344 -2.443 -1.968 -2.756 -2.671 -0.946 -2.189 -1.167 -2.06 -3.246 -0.149 -0.775 -2.315 -0.327 -2.129 -1.469

 covariance matrix (Sigma'=Q*Sigma*t(Q))>>

4.528 0.048 -0.008 0.014 0 -0.111 -0.01 0.029 0.062 0.03 0.124 0.019 0.152 0.039 0.123 0.105 -0.014 -0.029 0.02 0.421 -0.065 -0.034 0.02 0.041 -0.268 -0.023 -0.088
0.048 3.651 0.05 0.042 0 0.011 0.025 0.021 0.053 0.052 0.17 0.096 0.122 0.055 0.102 0.04 -0.043 0.032 0.021 0.282 -0.169 -0.009 0.079 0.049 -0.104 0.036 -0.006
-0.008 0.05 5.894 0.082 0 0.115 0.034 -0.02 0.032 0.076 0.027 0.063 0.047 0.069 0.053 -0.13 -0.038 0.104 0.014 -0.306 -0.135 0.029 0.048 0.015 0.174 0.127 0.125
0.014 0.042 0.082 1.351 0 0.087 0.045 0.02 0.034 0.05 0.171 0.131 0.067 0.048 0.061 0.038 -0.042 0.063 0.022 0.286 -0.16 0.009 0.108 0.06 0.019 0.056 0.04
0 0 0 0 62.616 0 0 0 0 0 0 0 0 0 0 0 0 0 0 0 0 0 0 0 0 0 0
-0.111 0.011 0.115 0.087 0 5.156 0.072 -0.045 -0.018 0.059 0.059 0.148 -0.064 0.045 -0.045 -0.262 -0.084 0.145 -0.007 -0.702 -0.294 0.064 0.104 -0.018 0.416 0.163 0.213
-0.01 0.025 0.034 0.045 0 0.072 5.649 -0.012 0.015 0.04 0.023 0.043 0.022 0.037 0.025 -0.08 -0.026 0.058 0.006 -0.189 -0.093 0.017 0.032 0.006 0.103 0.07 0.072
0.029 0.021 -0.02 0.02 0 -0.045 -0.012 8.342 0.024 0.019 -0.009 -0.025 0.056 0.022 0.047 -0.028 -0.005 -0.003 0.003 -0.08 -0.019 -0.009 -0.021 -0.006 -0.063 0.013 -0.01
0.062 0.053 0.032 0.034 0 -0.018 0.015 0.024 3.266 0.049 0.127 0.063 0.117 0.051 0.102 0.073 -0.02 0.025 0.025 0.355 -0.083 -0.012 0.056 0.055 -0.119 0.027 -0.015
0.03 0.052 0.076 0.05 0 0.059 0.04 0.019 0.049 3.305 0.203 0.134 0.11 0.058 0.092 0.019 -0.059 0.051 0.021 0.245 -0.226 0 0.107 0.052 -0.049 0.054 0.019
0.124 0.17 0.027 0.171 0 0.059 0.023 -0.009 0.127 0.203 7.844 -0.025 0.195 0.191 0.223 -0.056 0.043 0.223 0.077 -0.023 0.156 0.035 0.006 0.111 0.2 0.265 0.222
0.019 0.096 0.063 0.131 0 0.148 0.043 -0.025 0.063 0.134 -0.025 6.463 0.086 0.122 0.105 -0.154 -0.021 0.177 0.036 -0.344 -0.072 0.044 0.049 0.047 0.27 0.21 0.205
0.152 0.122 0.047 0.067 0 -0.064 0.022 0.056 0.117 0.11 0.195 0.086 2.685 0.113 0.222 0.203 -0.001 0.063 0.063 0.87 -0.028 -0.025 0.09 0.135 -0.239 0.062 -0.025
0.039 0.055 0.069 0.048 0 0.045 0.037 0.022 0.051 0.058 0.191 0.122 0.113 3.091 0.097 0.039 -0.049 0.05 0.024 0.302 -0.189 -0.002 0.1 0.059 -0.062 0.051 0.014
0.123 0.102 0.053 0.061 0 -0.045 0.025 0.047 0.102 0.092 0.223 0.105 0.222 0.097 3.292 0.152 -0.027 0.047 0.049 0.704 -0.119 -0.024 0.097 0.108 -0.23 0.049 -0.032
0.105 0.04 -0.13 0.038 0 -0.262 -0.08 -0.028 0.073 0.019 -0.056 -0.154 0.203 0.039 0.152 9.148 -0.026 -0.097 -0.011 -0.46 -0.095 -0.055 -0.136 -0.08 -0.375 -0.032 -0.125
-0.014 -0.043 -0.038 -0.042 0 -0.084 -0.026 -0.005 -0.02 -0.059 0.043 -0.021 -0.001 -0.049 -0.027 -0.026 8.18 -0.098 -0.029 -0.133 -0.111 -0.027 -0.03 -0.059 -0.172 -0.093 -0.106
-0.029 0.032 0.104 0.063 0 0.145 0.058 -0.003 0.025 0.051 0.223 0.177 0.063 0.05 0.047 -0.097 -0.098 3.927 0.005 -0.108 -0.361 0.018 0.131 0.019 0.075 0.08 0.068
0.02 0.021 0.014 0.022 0 -0.007 0.006 0.003 0.025 0.021 0.077 0.036 0.063 0.024 0.049 -0.011 -0.029 0.005 4.994 0.028 -0.109 -0.007 0.026 0.008 -0.065 0.013 -0.01
0.421 0.282 -0.306 0.286 0 -0.702 -0.189 -0.08 0.355 0.245 -0.023 -0.344 0.87 0.302 0.704 -0.46 -0.133 -0.108 0.028 6.699 -0.494 -0.148 -0.303 -0.139 -1.079 0.13 -0.224
-0.065 -0.169 -0.135 -0.16 0 -0.294 -0.093 -0.019 -0.083 -0.226 0.156 -0.072 -0.028 -0.189 -0.119 -0.095 -0.111 -0.361 -0.109 -0.494 7.9 -0.094 -0.107 -0.219 -0.605 -0.344 -0.386
-0.034 -0.009 0.029 0.009 0 0.064 0.017 -0.009 -0.012 0 0.035 0.044 -0.025 -0.002 -0.024 -0.055 -0.027 0.018 -0.007 -0.148 -0.094 3.511 0.03 -0.011 0.077 0.019 0.032
0.02 0.079 0.048 0.108 0 0.104 0.032 -0.021 0.056 0.107 0.006 0.049 0.09 0.1 0.097 -0.136 -0.03 0.131 0.026 -0.303 -0.107 0.03 6.359 0.03 0.174 0.162 0.148
0.041 0.049 0.015 0.06 0 -0.018 0.006 -0.006 0.055 0.052 0.111 0.047 0.135 0.059 0.108 -0.08 -0.059 0.019 0.008 -0.139 -0.219 -0.011 0.03 5.906 -0.104 0.048 0
-0.268 -0.104 0.174 0.019 0 0.416 0.103 -0.063 -0.119 -0.049 0.2 0.27 -0.239 -0.062 -0.23 -0.375 -0.172 0.075 -0.065 -1.079 -0.605 0.077 0.174 -0.104 3.361 0.073 0.184
-0.023 0.036 0.127 0.056 0 0.163 0.07 0.013 0.027 0.054 0.265 0.21 0.062 0.051 0.049 -0.032 -0.093 0.08 0.013 0.13 -0.344 0.019 0.162 0.048 0.073 2.584 0.066
-0.088 -0.006 0.125 0.04 0 0.213 0.072 -0.01 -0.015 0.019 0.222 0.205 -0.025 0.014 -0.032 -0.125 -0.106 0.068 -0.01 -0.224 -0.386 0.032 0.148 0 0.184 0.066 2.805

 Mean vectors and covariance matrices after rotation --- 2th cluster >>

 mean vector (mu'=Q*mu)>>
2.031 2.004 0.631 1.31 0 0.143 0.403 0.619 1.553 2.103 0.067 0.344 2.443 1.968 2.756 2.671 0.946 2.189 1.167 2.06 3.246 0.149 0.775 2.315 0.327 2.129 1.469

 covariance matrix (Sigma'=Q*Sigma*t(Q))>>

6.876 0.052 -0.089 -0.024 0 -0.117 -0.057 -0.006 -0.062 -0.046 0.009 0.01 -0.091 0.125 0.004 -0.095 -0.056 -0.07 -0.05 0.018 0.344 -0.125 -0.025 0.139 -0.15 0.083 -0.03
0.052 1.791 0.102 0.02 0 -0.007 0.033 -0.003 0.078 -0.162 0.332 -0.001 -0.147 0.058 0.031 -0.217 0.118 -0.089 0.204 0.505 0.181 0.058 0.071 0.014 0.117 0.078 -0.07
-0.089 0.102 5.232 -0.057 0 -0.012 -0.026 -0.011 0.008 0.044 -0.312 0.009 -0.04 0.09 -0.019 0.018 -0.135 -0.06 -0.247 0.337 0.205 -0.082 -0.102 0.108 -0.142 0.075 -0.004
-0.024 0.02 -0.057 7.33 0 -0.08 -0.039 -0.005 -0.049 -0.036 0.022 0.005 -0.062 0.073 -0.003 -0.069 -0.034 -0.047 -0.024 -0.052 0.21 -0.082 -0.013 0.082 -0.097 0.045 -0.022
0 0 0 0 62.616 0 0 0 0 0 0 0 0 0 0 0 0 0 0 0 0 0 0 0 0 0 0
-0.117 -0.007 -0.012 -0.08 0 1.65 0.01 -0.035 0.002 -0.112 -0.087 -0.016 -0.155 -0.076 -0.132 -0.152 -0.057 -0.144 -0.113 -0.063 -0.127 0.032 -0.064 -0.107 0.021 -0.061 -0.086
-0.057 0.033 -0.026 -0.039 0 0.01 3.695 -0.014 0.007 -0.037 -0.082 -0.003 -0.072 0.006 -0.044 -0.062 -0.045 -0.069 -0.085 0.107 0.034 -0.009 -0.042 -0.002 -0.024 0.008 -0.034
-0.006 -0.003 -0.011 -0.005 0 -0.035 -0.014 7.143 -0.024 -0.036 0.058 0 -0.04 0.019 -0.008 -0.053 0.001 -0.027 0.021 -0.07 0.07 -0.025 0.005 0.018 -0.023 0.009 -0.018
-0.062 0.078 0.008 -0.049 0 0.002 0.007 -0.024 3.139 -0.141 0.056 -0.006 -0.182 0.028 -0.059 -0.204 -0.009 -0.147 -0.019 0.295 0.122 0.009 -0.025 -0.005 0.016 0.036 -0.088
-0.046 -0.162 0.044 -0.036 0 -0.112 -0.037 -0.036 -0.141 8.062 0.518 -0.026 -0.273 -0.095 -0.15 -0.392 0.091 -0.187 0.252 -0.901 -0.053 -0.008 0.074 -0.146 0.051 -0.119 -0.156
0.009 0.332 -0.312 0.022 0 -0.087 -0.082 0.058 0.056 0.518 7.998 0.069 0.362 0.426 0.279 0.578 -0.312 0.237 -0.584 1.292 0.799 -0.299 -0.191 0.572 -0.477 0.36 0.247
0.01 -0.001 0.009 0.005 0 -0.016 -0.003 0 -0.006 -0.026 0.069 5.415 -0.019 0.008 0.004 -0.033 0.019 -0.009 0.042 -0.018 0.031 -0.002 0.015 0.004 0.006 0.005 -0.01
-0.091 -0.147 -0.04 -0.062 0 -0.155 -0.072 -0.04 -0.182 -0.273 0.362 -0.019 8.938 -0.044 -0.159 -0.362 0.01 -0.2 0.125 -0.948 0.072 -0.088 0.024 -0.073 -0.066 -0.092 -0.147
0.125 0.058 0.09 0.073 0 -0.076 0.006 0.019 0.028 -0.095 0.426 0.008 -0.044 3.529 0.105 -0.122 0.151 0.01 0.294 0.271 0.259 0.008 0.12 0.081 0.072 0.094 -0.015
0.004 0.031 -0.019 -0.003 0 -0.132 -0.044 -0.008 -0.059 -0.15 0.279 0.004 -0.159 0.105 5.997 -0.219 0.035 -0.102 0.124 -0.048 0.335 -0.084 0.039 0.094 -0.065 0.07 -0.07
-0.095 -0.217 0.018 -0.069 0 -0.152 -0.062 -0.053 -0.204 -0.392 0.578 -0.033 -0.362 -0.122 -0.219 8.557 0.073 -0.258 0.25 -1.243 -0.062 -0.038 0.064 -0.181 0.02 -0.162 -0.205
-0.056 0.118 -0.135 -0.034 0 -0.057 -0.045 0.001 -0.009 0.091 -0.312 0.019 0.01 0.151 0.035 0.073 6.483 -0.014 -0.237 0.369 0.336 -0.13 -0.092 0.189 -0.197 0.119 0.028
-0.07 -0.089 -0.06 -0.047 0 -0.144 -0.069 -0.027 -0.147 -0.187 0.237 -0.009 -0.2 0.01 -0.102 -0.258 -0.014 8.775 0.064 -0.663 0.153 -0.103 0.008 -0.002 -0.099 -0.038 -0.102
-0.05 0.204 -0.247 -0.024 0 -0.113 -0.085 0.021 -0.019 0.252 -0.584 0.042 0.125 0.294 0.124 0.25 -0.237 0.064 7.543 0.651 0.62 -0.249 -0.146 0.384 -0.373 0.231 0.107
0.018 0.505 0.337 -0.052 0 -0.063 0.107 -0.07 0.295 -0.901 1.292 -0.018 -0.948 0.271 -0.048 -1.243 0.369 -0.663 0.651 4.755 0.945 0.181 0.184 0.049 0.394 0.342 -0.454
0.344 0.181 0.205 0.21 0 -0.127 0.034 0.07 0.122 -0.053 0.799 0.031 0.072 0.259 0.335 -0.062 0.336 0.153 0.62 0.945 2.528 0.031 0.27 0.248 0.161 0.261 0.058
-0.125 0.058 -0.082 -0.082 0 0.032 -0.009 -0.025 0.009 -0.008 -0.299 -0.002 -0.088 0.008 -0.084 -0.038 -0.13 -0.103 -0.249 0.181 0.031 4.111 -0.11 0.007 -0.083 0.008 -0.039
-0.025 0.071 -0.102 -0.013 0 -0.064 -0.042 0.005 -0.025 0.074 -0.191 0.015 0.024 0.12 0.039 0.064 -0.092 0.008 -0.146 0.184 0.27 -0.11 7.934 0.153 -0.157 0.089 0.029
0.139 0.014 0.108 0.082 0 -0.107 -0.002 0.018 -0.005 -0.146 0.572 0.004 -0.073 0.081 0.094 -0.181 0.189 -0.002 0.384 0.049 0.248 0.007 0.153 4.466 0.089 0.07 -0.034
-0.15 0.117 -0.142 -0.097 0 0.021 -0.024 -0.023 0.016 0.051 -0.477 0.006 -0.066 0.072 -0.065 0.02 -0.197 -0.099 -0.373 0.394 0.161 -0.083 -0.157 0.089 4.713 0.062 -0.017
0.083 0.078 0.075 0.045 0 -0.061 0.008 0.009 0.036 -0.119 0.36 0.005 -0.092 0.094 0.07 -0.162 0.119 -0.038 0.231 0.342 0.261 0.008 0.089 0.07 0.062 3.385 -0.039
-0.03 -0.07 -0.004 -0.022 0 -0.086 -0.034 -0.018 -0.088 -0.156 0.247 -0.01 -0.147 -0.015 -0.07 -0.205 0.028 -0.102 0.107 -0.454 0.058 -0.039 0.029 -0.034 -0.017 -0.039 8.134

 Final eigenvalues for each cluster >> 
 (rows correspond to clusters)
62.616 9.277 8.348 8.306 8.211 8.028 7.961 6.408 6.318 5.907 5.842 5.628 4.99 4.876 4.437 3.857 3.599 3.499 3.248 3.212 3.097 3.032 2.837 2.715 2.508 2.443 1.311
62.616 9.211 9.057 8.953 8.922 8.374 8.213 7.988 7.95 7.345 7.147 6.911 6.621 5.995 5.415 5.341 4.88 4.409 4.143 3.697 3.431 3.291 3.107 2.545 1.944 1.688 1.601

 theoretical Separation index matrix >>

-1 0.34
0.34 -1

 theoretical projection directions >>

**** cluster 1 and 2
0.168 0.351 0.033 0.14 0 0.09 0.046 0.043 0.24 0.248 -0.124 0.008 0.241 0.264 0.283 0.218 0.06 0.219 0.031 0.185 0.343 0.035 0.025 0.227 0.105 0.349 0.188

 empirical Separation index matrix (alpha= 0.05 )>>

-1 0.439
0.439 -1

 empirical projection directions >>

**** cluster 1 and 2
0.04 0.214 -0.121 -0.078 0.012 0.065 -0.08 -0.001 0.237 0.362 -0.128 0.057 0.277 0.084 0.075 0.268 -0.031 0.218 0.033 0.275 0.378 -0.168 -0.129 0.115 0.095 0.423 0.199
