
 Log information for the data set datasetJHG2v24nv3out0_2.dat >>

 alpha = 0.05 sepVal = 0.34

 Number of clusters >> 2

 cluster sizes >>
50 50

 Number of data points >> 100

 Number of dimensions >> 27

 Number of noisy dimensions >> 3

 noisy variables >>
5 15 27

 Number of outliers >> 0

 initial eigenvalues for each cluster >> 
 (rows correspond to clusters)
2.195 4.046 6.774 4.499 6.701 9.39 8.004 2.896 4.418 8.872 1.338 9.303 1.164 8.583 8.237 1.736 9.367 8.449 3.003 8.058 3.593 1.836 5.393 7.018
6.412 4.394 4.281 3.041 1.875 2.35 2.936 6.172 9.657 4.753 4.061 8.57 9.004 4.501 8.423 9.712 9.803 8.562 3.759 3.514 9.162 8.098 4.391 7.196

 Mean vectors and covariance matrices before rotation --- 1th cluster >>

 mean vector (mu'=Q*mu)>>
-9.037 0 0 0 0 0 0 0 0 0 0 0 0 0 0 0 0 0 0 0 0 0 0 0 0 0 0

 covariance matrix (Sigma'=Q*Sigma*t(Q))>>

5.658 0.147 -0.167 0.108 -0.157 -1.162 -0.02 0.227 0.163 -1.088 0.453 -0.744 1.127 -0.653 -0.853 0.553 -1.32 -0.662 0.231 -0.171 0.422 0.061 -0.12 -0.128 0 0 0
0.147 4.026 -0.044 -0.044 -0.042 -0.213 -0.004 0.003 -0.053 -0.208 0.029 -0.138 0.075 -0.128 -0.173 0.03 -0.243 -0.131 0.001 -0.035 -0.02 0.003 -0.08 -0.031 0 0 0
-0.167 -0.044 6.731 -0.073 -0.041 -0.171 -0.004 -0.02 -0.091 -0.171 -0.009 -0.111 -0.017 -0.107 -0.148 -0.017 -0.195 -0.111 -0.023 -0.031 -0.073 -0.002 -0.098 -0.03 0 0 0
0.108 -0.044 -0.073 4.413 -0.07 -0.339 -0.007 -0.005 -0.105 -0.332 0.031 -0.219 0.085 -0.205 -0.279 0.03 -0.386 -0.211 -0.008 -0.057 -0.057 0.003 -0.142 -0.052 0 0 0
-0.157 -0.042 -0.041 -0.07 6.661 -0.166 -0.004 -0.019 -0.087 -0.166 -0.008 -0.108 -0.015 -0.104 -0.144 -0.016 -0.189 -0.108 -0.022 -0.03 -0.07 -0.002 -0.095 -0.029 0 0 0
-1.162 -0.213 -0.171 -0.339 -0.166 8.757 -0.014 -0.118 -0.427 -0.64 -0.094 -0.41 -0.211 -0.404 -0.565 -0.143 -0.721 -0.42 -0.13 -0.117 -0.379 -0.017 -0.427 -0.119 0 0 0
-0.02 -0.004 -0.004 -0.007 -0.004 -0.014 8.004 -0.002 -0.009 -0.014 -0.001 -0.009 -0.003 -0.009 -0.012 -0.002 -0.016 -0.009 -0.002 -0.003 -0.007 0 -0.009 -0.003 0 0 0
0.227 0.003 -0.02 -0.005 -0.019 -0.118 -0.002 2.909 -0.005 -0.113 0.032 -0.076 0.081 -0.069 -0.091 0.038 -0.135 -0.07 0.013 -0.018 0.018 0.004 -0.027 -0.015 0 0 0
0.163 -0.053 -0.091 -0.105 -0.087 -0.427 -0.009 -0.005 4.289 -0.418 0.043 -0.276 0.114 -0.258 -0.35 0.042 -0.486 -0.265 -0.008 -0.072 -0.066 0.004 -0.176 -0.065 0 0 0
-1.088 -0.208 -0.171 -0.332 -0.166 -0.64 -0.014 -0.113 -0.418 8.225 -0.085 -0.415 -0.19 -0.408 -0.569 -0.132 -0.73 -0.424 -0.124 -0.118 -0.366 -0.015 -0.422 -0.119 0 0 0
0.453 0.029 -0.009 0.031 -0.008 -0.094 -0.001 0.032 0.043 -0.085 1.394 -0.06 0.138 -0.05 -0.063 0.07 -0.106 -0.05 0.033 -0.012 0.069 0.008 0.011 -0.007 0 0 0
-0.744 -0.138 -0.111 -0.219 -0.108 -0.41 -0.009 -0.076 -0.276 -0.415 -0.06 9.037 -0.134 -0.262 -0.366 -0.091 -0.468 -0.272 -0.083 -0.076 -0.244 -0.011 -0.276 -0.077 0 0 0
1.127 0.075 -0.017 0.085 -0.015 -0.211 -0.003 0.081 0.114 -0.19 0.138 -0.134 1.504 -0.111 -0.139 0.173 -0.24 -0.111 0.084 -0.027 0.176 0.019 0.037 -0.015 0 0 0
-0.653 -0.128 -0.107 -0.205 -0.104 -0.404 -0.009 -0.069 -0.258 -0.408 -0.05 -0.262 -0.111 8.326 -0.358 -0.078 -0.461 -0.267 -0.075 -0.074 -0.224 -0.009 -0.262 -0.075 0 0 0
-0.853 -0.173 -0.148 -0.279 -0.144 -0.565 -0.012 -0.091 -0.35 -0.569 -0.063 -0.366 -0.139 -0.358 7.739 -0.101 -0.644 -0.371 -0.1 -0.103 -0.301 -0.012 -0.36 -0.103 0 0 0
0.553 0.03 -0.017 0.03 -0.016 -0.143 -0.002 0.038 0.042 -0.132 0.07 -0.091 0.173 -0.078 -0.101 1.823 -0.162 -0.079 0.039 -0.02 0.077 0.01 0 -0.014 0 0 0
-1.32 -0.243 -0.195 -0.386 -0.189 -0.721 -0.016 -0.135 -0.486 -0.73 -0.106 -0.468 -0.24 -0.461 -0.644 -0.162 8.545 -0.479 -0.147 -0.134 -0.431 -0.019 -0.487 -0.136 0 0 0
-0.662 -0.131 -0.111 -0.211 -0.108 -0.42 -0.009 -0.07 -0.265 -0.424 -0.05 -0.272 -0.111 -0.267 -0.371 -0.079 -0.479 8.172 -0.077 -0.077 -0.23 -0.009 -0.271 -0.077 0 0 0
0.231 0.001 -0.023 -0.008 -0.022 -0.13 -0.002 0.013 -0.008 -0.124 0.033 -0.083 0.084 -0.075 -0.1 0.039 -0.147 -0.077 3.016 -0.02 0.016 0.004 -0.032 -0.017 0 0 0
-0.171 -0.035 -0.031 -0.057 -0.03 -0.117 -0.003 -0.018 -0.072 -0.118 -0.012 -0.076 -0.027 -0.074 -0.103 -0.02 -0.134 -0.077 -0.02 8.037 -0.061 -0.002 -0.074 -0.021 0 0 0
0.422 -0.02 -0.073 -0.057 -0.07 -0.379 -0.007 0.018 -0.066 -0.366 0.069 -0.244 0.176 -0.224 -0.301 0.077 -0.431 -0.23 0.016 -0.061 3.59 0.008 -0.123 -0.053 0 0 0
0.061 0.003 -0.002 0.003 -0.002 -0.017 0 0.004 0.004 -0.015 0.008 -0.011 0.019 -0.009 -0.012 0.01 -0.019 -0.009 0.004 -0.002 0.008 1.837 0 -0.002 0 0 0
-0.12 -0.08 -0.098 -0.142 -0.095 -0.427 -0.009 -0.027 -0.176 -0.422 0.011 -0.276 0.037 -0.262 -0.36 0 -0.487 -0.271 -0.032 -0.074 -0.123 0 5.183 -0.07 0 0 0
-0.128 -0.031 -0.03 -0.052 -0.029 -0.119 -0.003 -0.015 -0.065 -0.119 -0.007 -0.077 -0.015 -0.075 -0.103 -0.014 -0.136 -0.077 -0.017 -0.021 -0.053 -0.002 -0.07 6.997 0 0 0
0 0 0 0 0 0 0 0 0 0 0 0 0 0 0 0 0 0 0 0 0 0 0 0 58.786 9.354 15.017
0 0 0 0 0 0 0 0 0 0 0 0 0 0 0 0 0 0 0 0 0 0 0 0 9.354 36.301 5.539
0 0 0 0 0 0 0 0 0 0 0 0 0 0 0 0 0 0 0 0 0 0 0 0 15.017 5.539 42.934

 Mean vectors and covariance matrices before rotation --- 2th cluster >>

 mean vector (mu'=Q*mu)>>
9.037 0 0 0 0 0 0 0 0 0 0 0 0 0 0 0 0 0 0 0 0 0 0 0 0 0 0

 covariance matrix (Sigma'=Q*Sigma*t(Q))>>

5.887 0.214 0.492 0.654 0.158 0.484 0.975 -0.06 -0.722 0.053 0.626 -0.942 -1.066 0.26 -0.001 -0.733 -0.663 -0.345 0.569 0.455 -0.227 -0.079 0.05 -0.22 0 0 0
0.214 4.463 0.151 0.153 0.033 0.104 0.225 0.053 -0.046 0.02 0.18 -0.031 -0.051 0.087 0 -0.047 -0.044 -0.011 0.152 0.115 -0.012 -0.001 0.016 0.017 0 0 0
0.492 0.151 4.615 0.335 0.071 0.227 0.492 0.121 -0.092 0.045 0.396 -0.056 -0.098 0.192 0 -0.095 -0.088 -0.02 0.333 0.253 -0.023 -0.001 0.036 0.042 0 0 0
0.654 0.153 0.335 3.356 0.064 0.209 0.461 0.152 -0.016 0.046 0.392 0.055 0.021 0.196 0 -0.019 -0.02 0.02 0.324 0.243 0.002 0.009 0.036 0.078 0 0 0
0.158 0.033 0.071 0.064 1.888 0.042 0.094 0.036 0.006 0.01 0.083 0.025 0.019 0.042 0 0.005 0.004 0.009 0.067 0.05 0.003 0.003 0.008 0.021 0 0 0
0.484 0.104 0.227 0.209 0.042 2.487 0.305 0.111 0.008 0.032 0.265 0.065 0.044 0.133 0 0.006 0.004 0.024 0.217 0.162 0.007 0.009 0.024 0.062 0 0 0
0.975 0.225 0.492 0.461 0.094 0.305 3.61 0.227 -0.017 0.068 0.576 0.091 0.041 0.288 0 -0.02 -0.023 0.034 0.475 0.355 0.005 0.015 0.053 0.119 0 0 0
-0.06 0.053 0.121 0.152 0.036 0.111 0.227 6.171 -0.145 0.014 0.152 -0.185 -0.212 0.065 0 -0.148 -0.134 -0.068 0.136 0.108 -0.045 -0.015 0.013 -0.039 0 0 0
-0.722 -0.046 -0.092 -0.016 0.006 0.008 -0.017 -0.145 9.406 -0.018 -0.089 -0.389 -0.407 -0.064 0 -0.253 -0.226 -0.143 -0.054 -0.03 -0.085 -0.036 -0.011 -0.144 0 0 0
0.053 0.02 0.045 0.046 0.01 0.032 0.068 0.014 -0.018 4.759 0.053 -0.016 -0.022 0.025 0 -0.019 -0.017 -0.006 0.045 0.035 -0.005 -0.001 0.005 0.003 0 0 0
0.626 0.18 0.396 0.392 0.083 0.265 0.576 0.152 -0.089 0.053 4.53 -0.037 -0.085 0.229 0 -0.092 -0.087 -0.013 0.393 0.297 -0.021 0.002 0.042 0.059 0 0 0
-0.942 -0.031 -0.056 0.055 0.025 0.065 0.091 -0.185 -0.389 -0.016 -0.037 7.986 -0.619 -0.048 -0.001 -0.394 -0.353 -0.214 -0.001 0.015 -0.129 -0.053 -0.007 -0.201 0 0 0
-1.066 -0.051 -0.098 0.021 0.019 0.044 0.041 -0.212 -0.407 -0.022 -0.085 -0.619 8.351 -0.073 -0.001 -0.411 -0.368 -0.227 -0.04 -0.013 -0.136 -0.057 -0.012 -0.221 0 0 0
0.26 0.087 0.192 0.196 0.042 0.133 0.288 0.065 -0.064 0.025 0.229 -0.048 -0.073 4.611 0 -0.066 -0.061 -0.017 0.193 0.147 -0.017 -0.002 0.02 0.019 0 0 0
-0.001 0 0 0 0 0 0 0 0 0 0 -0.001 -0.001 0 8.423 0 0 0 0 0 0 0 0 0 0 0 0
-0.733 -0.047 -0.095 -0.019 0.005 0.006 -0.02 -0.148 -0.253 -0.019 -0.092 -0.394 -0.411 -0.066 0 9.456 -0.228 -0.144 -0.057 -0.032 -0.085 -0.037 -0.011 -0.146 0 0 0
-0.663 -0.044 -0.088 -0.02 0.004 0.004 -0.023 -0.134 -0.226 -0.017 -0.087 -0.353 -0.368 -0.061 0 -0.228 9.598 -0.129 -0.054 -0.031 -0.076 -0.033 -0.01 -0.132 0 0 0
-0.345 -0.011 -0.02 0.02 0.009 0.024 0.034 -0.068 -0.143 -0.006 -0.013 -0.214 -0.227 -0.017 0 -0.144 -0.129 8.483 0 0.006 -0.047 -0.02 -0.003 -0.074 0 0 0
0.569 0.152 0.333 0.324 0.067 0.217 0.475 0.136 -0.054 0.045 0.393 -0.001 -0.04 0.193 0 -0.057 -0.054 0 4.087 0.247 -0.011 0.004 0.036 0.06 0 0 0
0.455 0.115 0.253 0.243 0.05 0.162 0.355 0.108 -0.03 0.035 0.297 0.015 -0.013 0.147 0 -0.032 -0.031 0.006 0.247 3.699 -0.005 0.005 0.027 0.05 0 0 0
-0.227 -0.012 -0.023 0.002 0.003 0.007 0.005 -0.045 -0.085 -0.005 -0.021 -0.129 -0.136 -0.017 0 -0.085 -0.076 -0.047 -0.011 -0.005 9.134 -0.012 -0.003 -0.047 0 0 0
-0.079 -0.001 -0.001 0.009 0.003 0.009 0.015 -0.015 -0.036 -0.001 0.002 -0.053 -0.057 -0.002 0 -0.037 -0.033 -0.02 0.004 0.005 -0.012 8.093 0 -0.018 0 0 0
0.05 0.016 0.036 0.036 0.008 0.024 0.053 0.013 -0.011 0.005 0.042 -0.007 -0.012 0.02 0 -0.011 -0.01 -0.003 0.036 0.027 -0.003 0 4.395 0.004 0 0 0
-0.22 0.017 0.042 0.078 0.021 0.062 0.119 -0.039 -0.144 0.003 0.059 -0.201 -0.221 0.019 0 -0.146 -0.132 -0.074 0.06 0.05 -0.047 -0.018 0.004 7.137 0 0 0
0 0 0 0 0 0 0 0 0 0 0 0 0 0 0 0 0 0 0 0 0 0 0 0 58.786 9.354 15.017
0 0 0 0 0 0 0 0 0 0 0 0 0 0 0 0 0 0 0 0 0 0 0 0 9.354 36.301 5.539
0 0 0 0 0 0 0 0 0 0 0 0 0 0 0 0 0 0 0 0 0 0 0 0 15.017 5.539 42.934

 Final eigenvalues for each cluster >> 
 (rows correspond to clusters)
71.224 33.887 32.911 9.39 9.367 9.303 8.872 8.583 8.449 8.237 8.058 8.004 7.018 6.774 6.701 5.393 4.499 4.418 4.046 3.593 3.003 2.896 2.195 1.836 1.736 1.338 1.164
71.224 33.887 32.911 9.803 9.712 9.657 9.162 9.004 8.57 8.562 8.423 8.098 7.196 6.412 6.172 4.753 4.501 4.394 4.391 4.281 4.061 3.759 3.514 3.041 2.936 2.35 1.875

 *************************************************

 ********************* rotation ******************

 *************************************************


 The orthogonal matrix Q >>
0.173 0.237 0.315 0.253 0.306 0.293 0.21 0.089 0.053 0.01 0.295 0.238 0.019 0.311 0.309 0.218 0.149 0.085 0.055 0.185 0.078 0.132 0.183 0.087
0.237 -0.952 0.064 0.051 0.062 0.059 0.042 0.018 0.011 0.002 0.06 0.048 0.004 0.063 0.062 0.044 0.03 0.017 0.011 0.037 0.016 0.027 0.037 0.018
0.315 0.064 -0.915 0.068 0.082 0.079 0.057 0.024 0.014 0.003 0.079 0.064 0.005 0.084 0.083 0.059 0.04 0.023 0.015 0.05 0.021 0.036 0.049 0.023
0.253 0.051 0.068 -0.945 0.066 0.063 0.045 0.019 0.011 0.002 0.064 0.051 0.004 0.067 0.067 0.047 0.032 0.018 0.012 0.04 0.017 0.029 0.04 0.019
0.306 0.062 0.082 0.066 -0.92 0.076 0.055 0.023 0.014 0.003 0.077 0.062 0.005 0.081 0.081 0.057 0.039 0.022 0.014 0.048 0.02 0.035 0.048 0.023
0.293 0.059 0.079 0.063 0.076 -0.927 0.053 0.022 0.013 0.003 0.074 0.059 0.005 0.078 0.077 0.055 0.037 0.021 0.014 0.046 0.019 0.033 0.046 0.022
0.21 0.042 0.057 0.045 0.055 0.053 -0.962 0.016 0.01 0.002 0.053 0.043 0.003 0.056 0.055 0.039 0.027 0.015 0.01 0.033 0.014 0.024 0.033 0.016
0.089 0.018 0.024 0.019 0.023 0.022 0.016 -0.993 0.004 0.001 0.022 0.018 0.001 0.024 0.023 0.017 0.011 0.006 0.004 0.014 0.006 0.01 0.014 0.007
0.053 0.011 0.014 0.011 0.014 0.013 0.01 0.004 -0.998 0 0.013 0.011 0.001 0.014 0.014 0.01 0.007 0.004 0.002 0.008 0.004 0.006 0.008 0.004
0.01 0.002 0.003 0.002 0.003 0.003 0.002 0.001 0 -1 0.003 0.002 0 0.003 0.003 0.002 0.001 0.001 0 0.002 0.001 0.001 0.002 0.001
0.295 0.06 0.079 0.064 0.077 0.074 0.053 0.022 0.013 0.003 -0.926 0.06 0.005 0.078 0.078 0.055 0.037 0.021 0.014 0.047 0.02 0.033 0.046 0.022
0.238 0.048 0.064 0.051 0.062 0.059 0.043 0.018 0.011 0.002 0.06 -0.952 0.004 0.063 0.063 0.044 0.03 0.017 0.011 0.038 0.016 0.027 0.037 0.018
0.019 0.004 0.005 0.004 0.005 0.005 0.003 0.001 0.001 0 0.005 0.004 -1 0.005 0.005 0.003 0.002 0.001 0.001 0.003 0.001 0.002 0.003 0.001
0.311 0.063 0.084 0.067 0.081 0.078 0.056 0.024 0.014 0.003 0.078 0.063 0.005 -0.917 0.082 0.058 0.039 0.023 0.015 0.049 0.021 0.035 0.049 0.023
0.309 0.062 0.083 0.067 0.081 0.077 0.055 0.023 0.014 0.003 0.078 0.063 0.005 0.082 -0.918 0.058 0.039 0.022 0.015 0.049 0.021 0.035 0.048 0.023
0.218 0.044 0.059 0.047 0.057 0.055 0.039 0.017 0.01 0.002 0.055 0.044 0.003 0.058 0.058 -0.959 0.028 0.016 0.01 0.035 0.014 0.025 0.034 0.016
0.149 0.03 0.04 0.032 0.039 0.037 0.027 0.011 0.007 0.001 0.037 0.03 0.002 0.039 0.039 0.028 -0.981 0.011 0.007 0.023 0.01 0.017 0.023 0.011
0.085 0.017 0.023 0.018 0.022 0.021 0.015 0.006 0.004 0.001 0.021 0.017 0.001 0.023 0.022 0.016 0.011 -0.994 0.004 0.013 0.006 0.01 0.013 0.006
0.055 0.011 0.015 0.012 0.014 0.014 0.01 0.004 0.002 0 0.014 0.011 0.001 0.015 0.015 0.01 0.007 0.004 -0.997 0.009 0.004 0.006 0.009 0.004
0.185 0.037 0.05 0.04 0.048 0.046 0.033 0.014 0.008 0.002 0.047 0.038 0.003 0.049 0.049 0.035 0.023 0.013 0.009 -0.971 0.012 0.021 0.029 0.014
0.078 0.016 0.021 0.017 0.02 0.019 0.014 0.006 0.004 0.001 0.02 0.016 0.001 0.021 0.021 0.014 0.01 0.006 0.004 0.012 -0.995 0.009 0.012 0.006
0.132 0.027 0.036 0.029 0.035 0.033 0.024 0.01 0.006 0.001 0.033 0.027 0.002 0.035 0.035 0.025 0.017 0.01 0.006 0.021 0.009 -0.985 0.021 0.01
0.183 0.037 0.049 0.04 0.048 0.046 0.033 0.014 0.008 0.002 0.046 0.037 0.003 0.049 0.048 0.034 0.023 0.013 0.009 0.029 0.012 0.021 -0.971 0.014
0.087 0.018 0.023 0.019 0.023 0.022 0.016 0.007 0.004 0.001 0.022 0.018 0.001 0.023 0.023 0.016 0.011 0.006 0.004 0.014 0.006 0.01 0.014 -0.993

 Mean vectors and covariance matrices after rotation --- 1th cluster >>

 mean vector (mu'=Q*mu)>>
-0.48 -1.901 -2.796 -2.812 0 -1.563 -0.803 -1.973 -1.675 -2.139 -0.168 -2.665 -0.789 -2.768 0 -0.093 -0.704 -1.197 -2.288 -0.499 -0.768 -1.655 -1.343 -2.85 -2.152 -2.646 0

 covariance matrix (Sigma'=Q*Sigma*t(Q))>>

4.326 0.029 -0.209 -0.145 0 0.529 0.025 0.115 -0.022 0.035 0.066 0.159 -0.03 0.004 0 -0.304 -0.038 0.061 -0.006 0.008 -0.182 -0.087 -0.338 0.002 -0.174 -0.28 0
0.029 7.725 -0.08 -0.193 0 -0.951 -0.067 -0.155 -0.183 -0.138 -0.23 -0.14 -0.042 -0.266 0 0.417 -0.054 -0.045 -0.128 -0.051 0.148 -0.027 0.272 -0.277 -0.092 -0.023 0
-0.209 -0.08 8.142 -0.123 0 -0.316 -0.042 0.03 -0.067 0.015 -0.442 0.213 -0.019 -0.032 0 0.083 -0.244 0.137 -0.046 -0.082 -0.002 -0.088 0.021 -0.037 -0.1 -0.103 0
-0.145 -0.193 -0.123 8.392 0 -0.756 -0.068 -0.067 -0.14 -0.069 -0.426 0.066 -0.038 -0.159 0 0.242 -0.209 0.068 -0.11 -0.087 0.059 -0.09 0.127 -0.168 -0.125 -0.1 0
0 0 0 0 42.934 0 0 0 0 0 0 0 0 0 15.017 0 0 0 0 0 0 0 0 0 0 0 5.539
0.529 -0.951 -0.316 -0.756 0 3.942 0.13 0.35 -0.628 0.101 -0.084 0.555 -0.089 -0.713 0 1.349 0.39 0.201 0.182 0.125 0.468 0.323 0.726 -0.755 -0.499 -0.347 0
0.025 -0.067 -0.042 -0.068 0 0.13 2.904 0.029 -0.048 0.006 -0.01 0.048 -0.01 -0.053 0 0.072 0.018 0.019 0.007 0.007 0.018 0.012 0.025 -0.056 -0.051 -0.048 0
0.115 -0.155 0.03 -0.067 0 0.35 0.029 1.807 -0.087 0.045 -0.051 0.118 0.002 -0.089 0 0.323 0.079 0.049 0.069 0.025 0.14 0.101 0.234 -0.095 -0.022 0.038 0
-0.022 -0.183 -0.067 -0.14 0 -0.628 -0.048 -0.087 7.935 -0.08 -0.221 -0.043 -0.029 -0.166 0 0.265 -0.079 -0.001 -0.086 -0.046 0.088 -0.033 0.166 -0.173 -0.075 -0.035 0
0.035 -0.138 0.015 -0.069 0 0.101 0.006 0.045 -0.08 4.077 -0.165 0.125 -0.001 -0.076 0 0.287 -0.007 0.065 0.036 -0.006 0.119 0.056 0.208 -0.081 -0.027 0.026 0
0.066 -0.23 -0.442 -0.426 0 -0.084 -0.01 -0.051 -0.221 -0.165 1.466 -0.158 -0.103 -0.333 0 -0.162 0.097 -0.112 -0.17 0.026 -0.178 -0.141 -0.357 -0.345 -0.371 -0.494 0
0.159 -0.14 0.213 0.066 0 0.555 0.048 0.118 -0.043 0.125 -0.158 1.554 0.042 -0.008 0 0.533 0.096 0.103 0.165 0.032 0.273 0.206 0.476 -0.013 0.11 0.245 0
-0.03 -0.042 -0.019 -0.038 0 -0.089 -0.01 0.002 -0.029 -0.001 -0.103 0.042 7.013 -0.027 0 0.064 -0.044 0.028 -0.011 -0.017 0.019 -0.011 0.038 -0.029 -0.025 -0.017 0
0.004 -0.266 -0.032 -0.159 0 -0.713 -0.053 -0.089 -0.166 -0.076 -0.333 -0.008 -0.027 6.488 0 0.469 -0.085 0.023 -0.074 -0.054 0.18 0.004 0.331 -0.224 -0.065 0.02 0
0 0 0 0 15.017 0 0 0 0 0 0 0 0 0 58.786 0 0 0 0 0 0 0 0 0 0 0 9.354
-0.304 0.417 0.083 0.242 0 1.349 0.072 0.323 0.265 0.287 -0.162 0.533 0.064 0.469 0 8.268 -0.203 0.263 0.198 -0.009 -0.236 -0.035 -0.401 0.483 0.085 -0.021 0
-0.038 -0.054 -0.244 -0.209 0 0.39 0.018 0.079 -0.079 -0.007 0.097 0.096 -0.044 -0.085 0 -0.203 3.593 0.027 -0.035 0.013 -0.149 -0.081 -0.285 -0.09 -0.211 -0.304 0
0.061 -0.045 0.137 0.068 0 0.201 0.019 0.049 -0.001 0.065 -0.112 0.103 0.028 0.023 0 0.263 0.027 1.891 0.083 0.008 0.143 0.102 0.255 0.021 0.085 0.159 0
-0.006 -0.128 -0.046 -0.11 0 0.182 0.007 0.069 -0.086 0.036 -0.17 0.165 -0.011 -0.074 0 0.198 -0.035 0.083 4.524 -0.01 0.065 0.023 0.112 -0.08 -0.076 -0.053 0
0.008 -0.051 -0.082 -0.087 0 0.125 0.007 0.025 -0.046 -0.006 0.026 0.032 -0.017 -0.054 0 -0.009 0.013 0.008 -0.01 3.009 -0.025 -0.015 -0.054 -0.057 -0.077 -0.097 0
-0.182 0.148 -0.002 0.059 0 0.468 0.018 0.14 0.088 0.119 -0.178 0.273 0.019 0.18 0 -0.236 -0.149 0.143 0.065 -0.025 8.345 -0.043 -0.172 0.184 0 -0.048 0
-0.087 -0.027 -0.088 -0.09 0 0.323 0.012 0.101 -0.033 0.056 -0.141 0.206 -0.011 0.004 0 -0.035 -0.081 0.102 0.023 -0.015 -0.043 5.363 -0.077 0.001 -0.093 -0.122 0
-0.338 0.272 0.021 0.127 0 0.726 0.025 0.234 0.166 0.208 -0.357 0.476 0.038 0.331 0 -0.401 -0.285 0.255 0.112 -0.054 -0.172 -0.077 9.091 0.339 0.023 -0.053 0
0.002 -0.277 -0.037 -0.168 0 -0.755 -0.056 -0.095 -0.173 -0.081 -0.345 -0.013 -0.029 -0.224 0 0.483 -0.09 0.021 -0.08 -0.057 0.184 0.001 0.339 6.539 -0.071 0.016 0
-0.174 -0.092 -0.1 -0.125 0 -0.499 -0.051 -0.022 -0.075 -0.027 -0.371 0.11 -0.025 -0.065 0 0.085 -0.211 0.085 -0.076 -0.077 0 -0.093 0.023 -0.071 9.207 -0.097 0
-0.28 -0.023 -0.103 -0.1 0 -0.347 -0.048 0.038 -0.035 0.026 -0.494 0.245 -0.017 0.02 0 -0.021 -0.304 0.159 -0.053 -0.097 -0.048 -0.122 -0.053 0.016 -0.097 9.271 0
0 0 0 0 5.539 0 0 0 0 0 0 0 0 0 9.354 0 0 0 0 0 0 0 0 0 0 0 36.301

 Mean vectors and covariance matrices after rotation --- 2th cluster >>

 mean vector (mu'=Q*mu)>>
0.48 1.901 2.796 2.812 0 1.563 0.803 1.973 1.675 2.139 0.168 2.665 0.789 2.768 0 0.093 0.704 1.197 2.288 0.499 0.768 1.655 1.343 2.85 2.152 2.646 0

 covariance matrix (Sigma'=Q*Sigma*t(Q))>>

9.499 0.105 0.244 0.208 0 0.316 -0.07 -0.038 0.111 0.16 -0.315 0.135 -0.058 0.323 0 -0.015 -0.009 0.076 0.18 -0.059 -0.052 0.162 -0.068 0.163 -0.136 0.273 0
0.105 3.11 -0.475 -0.089 0 -0.389 0.111 -0.188 0.049 -0.063 0.319 0.086 0.051 -0.077 0 0.034 -0.059 -0.16 0.058 0.201 -0.002 -0.119 -0.09 0.026 -0.017 -0.012 0
0.244 -0.475 8.108 -0.169 0 -0.556 -0.06 0.024 -0.221 -0.13 0.43 -0.355 0.009 0.128 0 -0.038 0.002 -0.093 -0.28 -0.335 0.052 -0.025 0.086 -0.294 0.136 -0.104 0
0.208 -0.089 -0.169 4.59 0 0.264 0.048 0.064 0.013 0.069 0.369 0.014 0.07 0.317 0 -0.008 0.023 -0.032 0.036 -0.117 0.076 0.083 0.097 0.047 0.203 0.169 0
0 0 0 0 42.934 0 0 0 0 0 0 0 0 0 15.017 0 0 0 0 0 0 0 0 0 0 0 5.539
0.316 -0.389 -0.556 0.264 0 6.217 -0.103 -0.188 0.001 0.211 0.607 -0.106 -0.003 1.278 0 -0.069 -0.056 -0.156 0.119 -0.586 0.03 0.334 -0.029 0.03 0.068 0.697 0
-0.07 0.111 -0.06 0.048 0 -0.103 6.163 -0.119 0.062 0.039 -0.086 0.08 -0.027 0.103 0 0.004 -0.037 -0.029 0.097 0.045 -0.044 0.023 -0.094 0.068 -0.122 0.11 0
-0.038 -0.188 0.024 0.064 0 -0.188 -0.119 9.648 -0.04 0.05 -0.092 -0.107 -0.07 0.34 0 -0.037 -0.021 0.003 -0.014 -0.249 -0.039 0.117 -0.049 -0.05 -0.107 0.167 0
0.111 0.049 -0.221 0.013 0 0.001 0.062 -0.04 3.548 0.012 0.244 0.054 0.047 0.095 0 0.011 -0.011 -0.065 0.049 0.04 0.028 -0.007 0.005 0.044 0.072 0.069 0
0.16 -0.063 -0.13 0.069 0 0.211 0.039 0.05 0.012 4.448 0.285 0.015 0.056 0.24 0 -0.005 0.018 -0.024 0.03 -0.085 0.059 0.063 0.075 0.04 0.158 0.13 0
-0.315 0.319 0.43 0.369 0 0.607 -0.086 -0.092 0.244 0.285 8.404 0.323 -0.093 0.472 0 -0.01 -0.023 0.13 0.372 0.021 -0.1 0.253 -0.147 0.343 -0.265 0.463 0
0.135 0.086 -0.355 0.014 0 -0.106 0.08 -0.107 0.054 0.015 0.323 4.141 0.053 0.151 0 0.015 -0.032 -0.11 0.082 0.064 0.022 -0.013 -0.03 0.061 0.052 0.115 0
-0.058 0.051 0.009 0.07 0 -0.003 -0.027 -0.07 0.047 0.056 -0.093 0.053 7.168 0.155 0 -0.005 -0.021 -0.002 0.08 -0.017 -0.032 0.055 -0.06 0.059 -0.087 0.126 0
0.323 -0.077 0.128 0.317 0 1.278 0.103 0.34 0.095 0.24 0.472 0.151 0.155 2.45 0 -0.013 0.117 0.1 0.148 -0.185 0.182 0.243 0.301 0.229 0.499 0.355 0
0 0 0 0 15.017 0 0 0 0 0 0 0 0 0 58.786 0 0 0 0 0 0 0 0 0 0 0 9.354
-0.015 0.034 -0.038 -0.008 0 -0.069 0.004 -0.037 0.011 -0.005 -0.01 0.015 -0.005 -0.013 0 4.757 -0.012 -0.016 0.015 0.029 -0.012 -0.012 -0.027 0.007 -0.033 0.002 0
-0.009 -0.059 0.002 0.023 0 -0.056 -0.037 -0.021 -0.011 0.018 -0.023 -0.032 -0.021 0.117 0 -0.012 9.155 0 -0.001 -0.08 -0.012 0.039 -0.015 -0.013 -0.032 0.059 0
0.076 -0.16 -0.093 -0.032 0 -0.156 -0.029 0.003 -0.065 -0.024 0.13 -0.11 -0.002 0.1 0 -0.016 0 8.071 -0.076 -0.132 0.014 0.014 0.024 -0.084 0.037 0.004 0
0.18 0.058 -0.28 0.036 0 0.119 0.097 -0.014 0.049 0.03 0.372 0.082 0.08 0.148 0 0.015 -0.001 -0.076 3.11 0.046 0.057 0.003 0.04 0.072 0.15 0.103 0
-0.059 0.201 -0.335 -0.117 0 -0.586 0.045 -0.249 0.04 -0.085 0.021 0.064 -0.017 -0.185 0 0.029 -0.08 -0.132 0.046 3.977 -0.067 -0.134 -0.173 -0.004 -0.191 -0.065 0
-0.052 -0.002 0.052 0.076 0 0.03 -0.044 -0.039 0.028 0.059 -0.1 0.022 -0.032 0.182 0 -0.012 -0.012 0.014 0.057 -0.067 8.536 0.073 -0.039 0.041 -0.07 0.127 0
0.162 -0.119 -0.025 0.083 0 0.334 0.023 0.117 -0.007 0.063 0.253 -0.013 0.055 0.243 0 -0.012 0.039 0.014 0.003 -0.134 0.073 4.475 0.118 0.026 0.198 0.116 0
-0.068 -0.09 0.086 0.097 0 -0.029 -0.094 -0.049 0.005 0.075 -0.147 -0.03 -0.06 0.301 0 -0.027 -0.015 0.024 0.04 -0.173 -0.039 0.118 9.754 0.013 -0.104 0.179 0
0.163 0.026 -0.294 0.047 0 0.03 0.068 -0.05 0.044 0.04 0.343 0.061 0.059 0.229 0 0.007 -0.013 -0.084 0.072 -0.004 0.041 0.026 0.013 4.343 0.105 0.147 0
-0.136 -0.017 0.136 0.203 0 0.068 -0.122 -0.107 0.072 0.158 -0.265 0.052 -0.087 0.499 0 -0.033 -0.032 0.037 0.15 -0.191 -0.07 0.198 -0.104 0.105 8.382 0.344 0
0.273 -0.012 -0.104 0.169 0 0.697 0.11 0.167 0.069 0.13 0.463 0.115 0.126 0.355 0 0.002 0.059 0.004 0.103 -0.065 0.127 0.116 0.179 0.147 0.344 2.573 0
0 0 0 0 5.539 0 0 0 0 0 0 0 0 0 9.354 0 0 0 0 0 0 0 0 0 0 0 36.301

 Final eigenvalues for each cluster >> 
 (rows correspond to clusters)
71.224 33.887 32.911 9.39 9.367 9.303 8.872 8.583 8.449 8.237 8.058 8.004 7.018 6.774 6.701 5.393 4.499 4.418 4.046 3.593 3.003 2.896 2.195 1.836 1.736 1.338 1.164
71.224 33.887 32.911 9.803 9.712 9.657 9.162 9.004 8.57 8.562 8.423 8.098 7.196 6.412 6.172 4.753 4.501 4.394 4.391 4.281 4.061 3.759 3.514 3.041 2.936 2.35 1.875

 theoretical Separation index matrix >>

-1 0.34
0.34 -1

 theoretical projection directions >>

**** cluster 1 and 2
-0.008 0.275 0.237 0.255 0 0.222 0.088 0.19 0.193 0.253 0.002 0.447 0.053 0.291 0 -0.093 0.073 0.128 0.305 0.137 0.01 0.148 0.022 0.319 0.125 0.197 0

 empirical Separation index matrix (alpha= 0.05 )>>

-1 0.332
0.332 -1

 empirical projection directions >>

**** cluster 1 and 2
0.035 0.108 0.086 0.066 -0.028 0.127 0.126 0.299 0.259 -0.044 -0.181 0.525 -0.052 0.322 0.045 -0.009 0.085 0.17 0.274 0.186 0.031 -0.002 0.166 0.185 -0.035 0.398 -0.002
