
 Log information for the data set datasetJHG2v26nv0out0_3.dat >>

 alpha = 0.05 sepVal = 0.34

 Number of clusters >> 2

 cluster sizes >>
50 50

 Number of data points >> 100

 Number of dimensions >> 26

 Number of noisy dimensions >> 0

 noisy variables >>
0

 Number of outliers >> 0

 initial eigenvalues for each cluster >> 
 (rows correspond to clusters)
3.678 2.526 9.927 3.796 7.023 7.935 5.695 6.14 2.921 2.427 3.153 9.11 1.302 6.047 9.116 9.924 8.006 2.981 2.1 2.657 1.332 9.812 8.805 4.941 3.55 6.511
1.752 2.22 1.839 7.143 3.346 1.383 2.219 6.444 1.758 7.826 4.048 4.779 2.265 4.109 2.413 9.245 4.684 5.974 7.64 9.761 7.9 8.233 7.216 5.254 4.302 8.86

 Mean vectors and covariance matrices before rotation --- 1th cluster >>

 mean vector (mu'=Q*mu)>>
-9.093 0 0 0 0 0 0 0 0 0 0 0 0 0 0 0 0 0 0 0 0 0 0 0 0 0

 covariance matrix (Sigma'=Q*Sigma*t(Q))>>

5.614 0.107 -0.424 0.404 -0.111 -0.49 -0.071 -0.039 0.467 0.829 0.632 -1.107 0.709 -0.148 -1.021 -0.326 -0.585 0.08 0.149 0.321 0.017 -0.688 -1.003 0.105 0.533 -0.191
0.107 2.531 -0.01 0.023 -0.001 -0.009 0.005 0 0.022 0.038 0.031 -0.025 0.03 0.003 -0.023 -0.008 -0.011 0.004 0.007 0.015 0.001 -0.017 -0.022 0.014 0.029 0
-0.424 -0.01 9.849 -0.098 -0.04 -0.128 -0.095 -0.026 -0.059 -0.075 -0.093 -0.227 -0.031 -0.109 -0.209 -0.059 -0.15 -0.01 -0.011 -0.034 -0.001 -0.127 -0.217 -0.129 -0.105 -0.092
0.404 0.023 -0.098 3.879 -0.027 -0.115 -0.021 -0.01 0.1 0.179 0.134 -0.257 0.155 -0.039 -0.236 -0.075 -0.137 0.017 0.032 0.069 0.004 -0.159 -0.233 0.016 0.112 -0.047
-0.111 -0.001 -0.04 -0.027 7.005 -0.061 -0.038 -0.011 -0.01 -0.007 -0.019 -0.113 0.006 -0.045 -0.104 -0.031 -0.071 -0.002 0 -0.005 0 -0.065 -0.107 -0.046 -0.026 -0.039
-0.49 -0.009 -0.128 -0.115 -0.061 7.733 -0.136 -0.038 -0.058 -0.062 -0.097 -0.37 -0.007 -0.158 -0.34 -0.099 -0.238 -0.01 -0.008 -0.031 0 -0.211 -0.35 -0.174 -0.119 -0.137
-0.071 0.005 -0.095 -0.021 -0.038 -0.136 5.625 -0.021 0.011 0.039 0.006 -0.265 0.055 -0.087 -0.244 -0.073 -0.16 0.002 0.009 0.012 0.001 -0.156 -0.247 -0.073 -0.012 -0.08
-0.039 0 -0.026 -0.01 -0.011 -0.038 -0.021 6.134 -0.001 0.005 -0.004 -0.073 0.011 -0.026 -0.067 -0.02 -0.045 0 0.001 0.001 0 -0.042 -0.068 -0.024 -0.008 -0.023
0.467 0.022 -0.059 0.1 -0.01 -0.058 0.011 -0.001 3.023 0.173 0.141 -0.146 0.139 0.001 -0.135 -0.045 -0.069 0.017 0.03 0.068 0.003 -0.094 -0.13 0.053 0.126 -0.012
0.829 0.038 -0.075 0.179 -0.007 -0.062 0.039 0.005 0.173 2.716 0.242 -0.18 0.226 0.025 -0.166 -0.058 -0.076 0.03 0.05 0.115 0.005 -0.12 -0.156 0.111 0.221 0.002
0.632 0.031 -0.093 0.134 -0.019 -0.097 0.006 -0.004 0.141 0.242 3.347 -0.236 0.198 -0.011 -0.217 -0.071 -0.116 0.024 0.043 0.095 0.005 -0.15 -0.21 0.063 0.171 -0.027
-1.107 -0.025 -0.227 -0.257 -0.113 -0.37 -0.265 -0.073 -0.146 -0.18 -0.236 8.449 -0.062 -0.305 -0.609 -0.174 -0.433 -0.026 -0.025 -0.083 -0.002 -0.373 -0.629 -0.353 -0.273 -0.26
0.709 0.03 -0.031 0.155 0.006 -0.007 0.055 0.011 0.139 0.226 0.198 -0.062 1.471 0.049 -0.057 -0.024 -0.01 0.024 0.039 0.091 0.004 -0.048 -0.048 0.116 0.187 0.028
-0.148 0.003 -0.109 -0.039 -0.045 -0.158 -0.087 -0.026 0.001 0.025 -0.011 -0.305 0.049 5.941 -0.281 -0.084 -0.187 0 0.007 0.006 0.001 -0.178 -0.286 -0.096 -0.031 -0.097
-1.021 -0.023 -0.209 -0.236 -0.104 -0.34 -0.244 -0.067 -0.135 -0.166 -0.217 -0.609 -0.057 -0.281 8.556 -0.16 -0.399 -0.024 -0.023 -0.076 -0.001 -0.343 -0.579 -0.325 -0.252 -0.239
-0.326 -0.008 -0.059 -0.075 -0.031 -0.099 -0.073 -0.02 -0.045 -0.058 -0.071 -0.174 -0.024 -0.084 -0.16 9.879 -0.115 -0.008 -0.008 -0.026 -0.001 -0.098 -0.166 -0.099 -0.081 -0.071
-0.585 -0.011 -0.15 -0.137 -0.071 -0.238 -0.16 -0.045 -0.069 -0.076 -0.116 -0.433 -0.01 -0.187 -0.399 -0.115 7.728 -0.013 -0.009 -0.037 0 -0.247 -0.41 -0.205 -0.142 -0.161
0.08 0.004 -0.01 0.017 -0.002 -0.01 0.002 0 0.017 0.03 0.024 -0.026 0.024 0 -0.024 -0.008 -0.013 2.984 0.005 0.012 0.001 -0.017 -0.023 0.009 0.021 -0.002
0.149 0.007 -0.011 0.032 0 -0.008 0.009 0.001 0.03 0.05 0.043 -0.025 0.039 0.007 -0.023 -0.008 -0.009 0.005 2.108 0.02 0.001 -0.017 -0.021 0.022 0.039 0.002
0.321 0.015 -0.034 0.069 -0.005 -0.031 0.012 0.001 0.068 0.115 0.095 -0.083 0.091 0.006 -0.076 -0.026 -0.037 0.012 0.02 2.702 0.002 -0.054 -0.072 0.04 0.086 -0.003
0.017 0.001 -0.001 0.004 0 0 0.001 0 0.003 0.005 0.005 -0.002 0.004 0.001 -0.001 -0.001 0 0.001 0.001 0.002 1.332 -0.001 -0.001 0.003 0.005 0.001
-0.688 -0.017 -0.127 -0.159 -0.065 -0.211 -0.156 -0.042 -0.094 -0.12 -0.15 -0.373 -0.048 -0.178 -0.343 -0.098 -0.247 -0.017 -0.017 -0.054 -0.001 9.603 -0.356 -0.211 -0.171 -0.151
-1.003 -0.022 -0.217 -0.233 -0.107 -0.35 -0.247 -0.068 -0.13 -0.156 -0.21 -0.629 -0.048 -0.286 -0.579 -0.166 -0.41 -0.023 -0.021 -0.072 -0.001 -0.356 8.206 -0.326 -0.247 -0.244
0.105 0.014 -0.129 0.016 -0.046 -0.174 -0.073 -0.024 0.053 0.111 0.063 -0.353 0.116 -0.096 -0.325 -0.099 -0.205 0.009 0.022 0.04 0.003 -0.211 -0.326 4.88 0.036 -0.094
0.533 0.029 -0.105 0.112 -0.026 -0.119 -0.012 -0.008 0.126 0.221 0.171 -0.273 0.187 -0.031 -0.252 -0.081 -0.142 0.021 0.039 0.086 0.005 -0.171 -0.247 0.036 3.696 -0.044
-0.191 0 -0.092 -0.047 -0.039 -0.137 -0.08 -0.023 -0.012 0.002 -0.027 -0.26 0.028 -0.097 -0.239 -0.071 -0.161 -0.002 0.002 -0.003 0.001 -0.151 -0.244 -0.094 -0.044 6.424

 Mean vectors and covariance matrices before rotation --- 2th cluster >>

 mean vector (mu'=Q*mu)>>
9.093 0 0 0 0 0 0 0 0 0 0 0 0 0 0 0 0 0 0 0 0 0 0 0 0 0

 covariance matrix (Sigma'=Q*Sigma*t(Q))>>

6.103 0.495 0.465 -0.259 0.045 0.959 0.162 -0.107 0.801 -0.492 0.394 0.207 0.178 0.221 1.06 -0.797 0.113 0.03 -0.057 -0.29 -0.466 -0.627 -0.297 0.103 0.403 -0.74
0.495 2.275 0.053 -0.048 0.005 0.11 0.018 -0.032 0.091 -0.08 0.039 0.017 0.02 0.021 0.118 -0.117 0.01 -0.011 -0.009 -0.042 -0.075 -0.097 -0.054 0.006 0.038 -0.11
0.465 0.053 1.889 -0.031 0.005 0.103 0.017 -0.015 0.086 -0.056 0.041 0.021 0.019 0.023 0.113 -0.089 0.012 0.001 -0.007 -0.032 -0.053 -0.071 -0.035 0.01 0.042 -0.083
-0.259 -0.048 -0.031 6.754 -0.011 -0.034 -0.016 -0.428 -0.048 -0.496 -0.159 -0.157 -0.018 -0.093 -0.121 -0.53 -0.079 -0.327 -0.063 -0.176 -0.455 -0.542 -0.423 -0.138 -0.199 -0.536
0.045 0.005 0.005 -0.011 3.346 0.01 0.002 -0.01 0.008 -0.016 0.001 -0.001 0.002 0.001 0.01 -0.02 0 -0.006 -0.002 -0.007 -0.014 -0.018 -0.012 -0.002 0.001 -0.019
0.959 0.11 0.103 -0.034 0.01 1.593 0.036 0.001 0.177 -0.079 0.095 0.054 0.04 0.053 0.237 -0.143 0.029 0.025 -0.009 -0.053 -0.075 -0.106 -0.041 0.03 0.099 -0.13
0.162 0.018 0.017 -0.016 0.002 0.036 2.225 -0.01 0.03 -0.026 0.013 0.006 0.007 0.007 0.038 -0.038 0.003 -0.004 -0.003 -0.014 -0.024 -0.032 -0.018 0.002 0.012 -0.036
-0.107 -0.032 -0.015 -0.428 -0.01 0.001 -0.01 5.98 -0.02 -0.552 -0.155 -0.161 -0.012 -0.091 -0.088 -0.601 -0.08 -0.35 -0.07 -0.2 -0.507 -0.606 -0.466 -0.144 -0.198 -0.604
0.801 0.091 0.086 -0.048 0.008 0.177 0.03 -0.02 1.905 -0.091 0.073 0.038 0.033 0.041 0.195 -0.147 0.021 0.005 -0.011 -0.054 -0.086 -0.116 -0.055 0.019 0.074 -0.137
-0.492 -0.08 -0.056 -0.496 -0.016 -0.079 -0.026 -0.552 -0.091 7.199 -0.22 -0.212 -0.03 -0.129 -0.195 -0.66 -0.106 -0.426 -0.079 -0.218 -0.575 -0.681 -0.538 -0.183 -0.273 -0.669
0.394 0.039 0.041 -0.159 0.001 0.095 0.013 -0.155 0.073 -0.22 4.039 -0.03 0.014 -0.007 0.077 -0.265 -0.014 -0.106 -0.027 -0.091 -0.204 -0.25 -0.174 -0.035 -0.022 -0.261
0.207 0.017 0.021 -0.157 -0.001 0.054 0.006 -0.161 0.038 -0.212 -0.03 4.737 0.006 -0.018 0.029 -0.245 -0.02 -0.115 -0.026 -0.083 -0.196 -0.238 -0.172 -0.042 -0.044 -0.243
0.178 0.02 0.019 -0.018 0.002 0.04 0.007 -0.012 0.033 -0.03 0.014 0.006 2.272 0.008 0.042 -0.043 0.003 -0.005 -0.004 -0.015 -0.028 -0.036 -0.02 0.002 0.013 -0.041
0.221 0.021 0.023 -0.093 0.001 0.053 0.007 -0.091 0.041 -0.129 -0.007 -0.018 0.008 4.104 0.042 -0.155 -0.008 -0.063 -0.016 -0.053 -0.119 -0.146 -0.102 -0.021 -0.014 -0.152
1.06 0.118 0.113 -0.121 0.01 0.237 0.038 -0.088 0.195 -0.195 0.077 0.029 0.042 0.042 2.662 -0.277 0.017 -0.039 -0.023 -0.098 -0.183 -0.236 -0.136 0.006 0.073 -0.264
-0.797 -0.117 -0.089 -0.53 -0.02 -0.143 -0.038 -0.601 -0.147 -0.66 -0.265 -0.245 -0.043 -0.155 -0.277 8.566 -0.124 -0.47 -0.084 -0.223 -0.605 -0.712 -0.574 -0.207 -0.324 -0.692
0.113 0.01 0.012 -0.079 0 0.029 0.003 -0.08 0.021 -0.106 -0.014 -0.02 0.003 -0.008 0.017 -0.124 4.674 -0.057 -0.013 -0.042 -0.098 -0.119 -0.086 -0.021 -0.021 -0.122
0.03 -0.011 0.001 -0.327 -0.006 0.025 -0.004 -0.35 0.005 -0.426 -0.106 -0.115 -0.005 -0.063 -0.039 -0.47 -0.057 5.713 -0.054 -0.157 -0.392 -0.47 -0.356 -0.105 -0.138 -0.471
-0.057 -0.009 -0.007 -0.063 -0.002 -0.009 -0.003 -0.07 -0.011 -0.079 -0.027 -0.026 -0.004 -0.016 -0.023 -0.084 -0.013 -0.054 7.63 -0.028 -0.073 -0.086 -0.068 -0.023 -0.034 -0.085
-0.29 -0.042 -0.032 -0.176 -0.007 -0.053 -0.014 -0.2 -0.054 -0.218 -0.091 -0.083 -0.015 -0.053 -0.098 -0.223 -0.042 -0.157 -0.028 9.688 -0.2 -0.235 -0.191 -0.07 -0.111 -0.228
-0.466 -0.075 -0.053 -0.455 -0.014 -0.075 -0.024 -0.507 -0.086 -0.575 -0.204 -0.196 -0.028 -0.119 -0.183 -0.605 -0.098 -0.392 -0.073 -0.2 7.373 -0.625 -0.494 -0.169 -0.252 -0.613
-0.627 -0.097 -0.071 -0.542 -0.018 -0.106 -0.032 -0.606 -0.116 -0.681 -0.25 -0.238 -0.036 -0.146 -0.236 -0.712 -0.119 -0.47 -0.086 -0.235 -0.625 7.495 -0.588 -0.204 -0.309 -0.723
-0.297 -0.054 -0.035 -0.423 -0.012 -0.041 -0.018 -0.466 -0.055 -0.538 -0.174 -0.172 -0.02 -0.102 -0.136 -0.574 -0.086 -0.356 -0.068 -0.191 -0.494 -0.588 6.757 -0.151 -0.218 -0.581
0.103 0.006 0.01 -0.138 -0.002 0.03 0.002 -0.144 0.019 -0.183 -0.035 -0.042 0.002 -0.021 0.006 -0.207 -0.021 -0.105 -0.023 -0.07 -0.169 -0.204 -0.151 5.214 -0.048 -0.207
0.403 0.038 0.042 -0.199 0.001 0.099 0.012 -0.198 0.074 -0.273 -0.022 -0.044 0.013 -0.014 0.073 -0.324 -0.021 -0.138 -0.034 -0.111 -0.252 -0.309 -0.218 -0.048 4.264 -0.32
-0.74 -0.11 -0.083 -0.536 -0.019 -0.13 -0.036 -0.604 -0.137 -0.669 -0.261 -0.243 -0.041 -0.152 -0.264 -0.692 -0.122 -0.471 -0.085 -0.228 -0.613 -0.723 -0.581 -0.207 -0.32 8.155

 Final eigenvalues for each cluster >> 
 (rows correspond to clusters)
9.927 9.924 9.812 9.116 9.11 8.805 8.006 7.935 7.023 6.511 6.14 6.047 5.695 4.941 3.796 3.678 3.55 3.153 2.981 2.921 2.657 2.526 2.427 2.1 1.332 1.302
9.761 9.245 8.86 8.233 7.9 7.826 7.64 7.216 7.143 6.444 5.974 5.254 4.779 4.684 4.302 4.109 4.048 3.346 2.413 2.265 2.22 2.219 1.839 1.758 1.752 1.383

 *************************************************

 ********************* rotation ******************

 *************************************************


 The orthogonal matrix Q >>
0.078 0.193 0.269 0.257 0.184 0.234 0.138 0.239 0.25 0.096 0.063 0.282 0.09 0.223 0.298 0.216 0.253 0.002 0.302 0.108 0.004 0.178 0.202 0.119 0.169 0.154
0.193 -0.965 0.048 0.046 0.033 0.042 0.025 0.043 0.045 0.017 0.011 0.051 0.016 0.04 0.053 0.039 0.045 0 0.054 0.019 0.001 0.032 0.036 0.021 0.03 0.028
0.269 0.048 -0.933 0.064 0.046 0.058 0.034 0.06 0.062 0.024 0.016 0.07 0.023 0.056 0.074 0.054 0.063 0 0.076 0.027 0.001 0.044 0.05 0.03 0.042 0.038
0.257 0.046 0.064 -0.939 0.044 0.056 0.033 0.057 0.06 0.023 0.015 0.067 0.022 0.053 0.071 0.051 0.06 0 0.072 0.026 0.001 0.042 0.048 0.028 0.04 0.037
0.184 0.033 0.046 0.044 -0.969 0.04 0.024 0.041 0.043 0.016 0.011 0.048 0.015 0.038 0.051 0.037 0.043 0 0.052 0.018 0.001 0.03 0.035 0.02 0.029 0.026
0.234 0.042 0.058 0.056 0.04 -0.949 0.03 0.052 0.054 0.021 0.014 0.061 0.02 0.048 0.065 0.047 0.055 0 0.066 0.023 0.001 0.039 0.044 0.026 0.037 0.033
0.138 0.025 0.034 0.033 0.024 0.03 -0.982 0.03 0.032 0.012 0.008 0.036 0.012 0.028 0.038 0.028 0.032 0 0.039 0.014 0 0.023 0.026 0.015 0.022 0.02
0.239 0.043 0.06 0.057 0.041 0.052 0.03 -0.947 0.055 0.021 0.014 0.062 0.02 0.049 0.066 0.048 0.056 0 0.067 0.024 0.001 0.039 0.045 0.026 0.037 0.034
0.25 0.045 0.062 0.06 0.043 0.054 0.032 0.055 -0.942 0.022 0.015 0.065 0.021 0.052 0.069 0.05 0.059 0 0.07 0.025 0.001 0.041 0.047 0.028 0.039 0.036
0.096 0.017 0.024 0.023 0.016 0.021 0.012 0.021 0.022 -0.991 0.006 0.025 0.008 0.02 0.027 0.019 0.023 0 0.027 0.01 0 0.016 0.018 0.011 0.015 0.014
0.063 0.011 0.016 0.015 0.011 0.014 0.008 0.014 0.015 0.006 -0.996 0.016 0.005 0.013 0.017 0.013 0.015 0 0.018 0.006 0 0.01 0.012 0.007 0.01 0.009
0.282 0.051 0.07 0.067 0.048 0.061 0.036 0.062 0.065 0.025 0.016 -0.926 0.024 0.058 0.078 0.056 0.066 0 0.079 0.028 0.001 0.046 0.053 0.031 0.044 0.04
0.09 0.016 0.023 0.022 0.015 0.02 0.012 0.02 0.021 0.008 0.005 0.024 -0.992 0.019 0.025 0.018 0.021 0 0.025 0.009 0 0.015 0.017 0.01 0.014 0.013
0.223 0.04 0.056 0.053 0.038 0.048 0.028 0.049 0.052 0.02 0.013 0.058 0.019 -0.954 0.061 0.045 0.052 0 0.062 0.022 0.001 0.037 0.042 0.025 0.035 0.032
0.298 0.053 0.074 0.071 0.051 0.065 0.038 0.066 0.069 0.027 0.017 0.078 0.025 0.061 -0.918 0.06 0.07 0 0.083 0.03 0.001 0.049 0.056 0.033 0.047 0.043
0.216 0.039 0.054 0.051 0.037 0.047 0.028 0.048 0.05 0.019 0.013 0.056 0.018 0.045 0.06 -0.957 0.051 0 0.061 0.022 0.001 0.036 0.04 0.024 0.034 0.031
0.253 0.045 0.063 0.06 0.043 0.055 0.032 0.056 0.059 0.023 0.015 0.066 0.021 0.052 0.07 0.051 -0.94 0 0.071 0.025 0.001 0.042 0.047 0.028 0.04 0.036
0.002 0 0 0 0 0 0 0 0 0 0 0 0 0 0 0 0 -1 0 0 0 0 0 0 0 0
0.302 0.054 0.076 0.072 0.052 0.066 0.039 0.067 0.07 0.027 0.018 0.079 0.025 0.062 0.083 0.061 0.071 0 -0.915 0.03 0.001 0.05 0.057 0.033 0.047 0.043
0.108 0.019 0.027 0.026 0.018 0.023 0.014 0.024 0.025 0.01 0.006 0.028 0.009 0.022 0.03 0.022 0.025 0 0.03 -0.989 0 0.018 0.02 0.012 0.017 0.015
0.004 0.001 0.001 0.001 0.001 0.001 0 0.001 0.001 0 0 0.001 0 0.001 0.001 0.001 0.001 0 0.001 0 -1 0.001 0.001 0 0.001 0.001
0.178 0.032 0.044 0.042 0.03 0.039 0.023 0.039 0.041 0.016 0.01 0.046 0.015 0.037 0.049 0.036 0.042 0 0.05 0.018 0.001 -0.971 0.033 0.02 0.028 0.025
0.202 0.036 0.05 0.048 0.035 0.044 0.026 0.045 0.047 0.018 0.012 0.053 0.017 0.042 0.056 0.04 0.047 0 0.057 0.02 0.001 0.033 -0.962 0.022 0.032 0.029
0.119 0.021 0.03 0.028 0.02 0.026 0.015 0.026 0.028 0.011 0.007 0.031 0.01 0.025 0.033 0.024 0.028 0 0.033 0.012 0 0.02 0.022 -0.987 0.019 0.017
0.169 0.03 0.042 0.04 0.029 0.037 0.022 0.037 0.039 0.015 0.01 0.044 0.014 0.035 0.047 0.034 0.04 0 0.047 0.017 0.001 0.028 0.032 0.019 -0.974 0.024
0.154 0.028 0.038 0.037 0.026 0.033 0.02 0.034 0.036 0.014 0.009 0.04 0.013 0.032 0.043 0.031 0.036 0 0.043 0.015 0.001 0.025 0.029 0.017 0.024 -0.978

 Mean vectors and covariance matrices after rotation --- 1th cluster >>

 mean vector (mu'=Q*mu)>>
-1.964 -0.035 -0.706 -2.748 -2.706 -0.821 -0.875 -1.535 -0.572 -2.272 -2.169 -2.562 -1.674 -2.125 -0.979 -1.837 -2.025 -1.758 -2.449 -0.015 -1.251 -1.084 -1.4 -1.616 -2.303 -2.335

 covariance matrix (Sigma'=Q*Sigma*t(Q))>>

9.661 -0.005 -1.003 -0.07 -0.147 -0.201 -0.257 -0.22 -0.204 -0.2 -0.203 -0.098 -0.166 -0.151 -0.115 0.003 -0.153 -0.065 -0.322 -0.024 -0.091 -0.109 -0.094 -0.09 -0.152 -0.228
-0.005 1.332 0.004 -0.001 -0.002 0.001 0.002 0.002 0.002 0 -0.003 -0.001 -0.003 -0.001 0 0.002 0 -0.001 -0.006 0 0.001 0.002 0 -0.001 -0.001 0.001
-1.003 0.004 4.261 0.408 -0.394 -0.006 0.013 0.156 0.089 0.164 -0.504 -0.196 -0.439 -0.312 0.077 0.223 -0.074 0.186 -1.231 0.004 0.1 0.278 -0.018 -0.314 -0.289 0.122
-0.07 -0.001 0.408 2.36 0.329 -0.108 -0.122 0.034 -0.072 0.093 0.013 0.397 0.017 0.181 0.015 0.442 0.159 0.143 -0.077 -0.015 0.138 0.141 0.142 0.193 0.224 0.106
-0.147 -0.002 -0.394 0.329 9.005 -0.171 -0.302 -0.199 -0.309 0.013 0.026 -0.095 -0.024 -0.074 -0.044 -0.053 -0.054 0.178 -0.182 -0.043 -0.069 -0.166 -0.049 -0.075 -0.082 -0.076
-0.201 0.001 -0.006 -0.108 -0.171 1.36 0.104 0.061 0.117 -0.026 -0.161 -0.143 -0.124 -0.122 0.01 -0.058 -0.069 -0.072 -0.248 0.017 -0.007 0.064 -0.043 -0.116 -0.127 -0.012
-0.257 0.002 0.013 -0.122 -0.302 0.104 2.581 0.078 0.153 -0.016 -0.191 -0.281 -0.155 -0.197 0.023 -0.177 -0.112 -0.08 -0.321 0.022 -0.035 0.05 -0.082 -0.202 -0.213 -0.012
-0.22 0.002 0.156 0.034 -0.199 0.061 0.078 3.611 0.076 0.04 -0.118 -0.173 -0.106 -0.127 0.031 -0.085 -0.054 0.011 -0.273 0.009 -0.006 0.045 -0.04 -0.139 -0.135 0.028
-0.204 0.002 0.089 -0.072 -0.309 0.117 0.153 0.076 3.289 0.016 -0.133 -0.304 -0.117 -0.187 0.034 -0.226 -0.102 -0.047 -0.256 0.019 -0.043 0.021 -0.083 -0.205 -0.208 0.007
-0.2 0 0.164 0.093 0.013 -0.026 -0.016 0.04 0.016 2.954 -0.106 0.068 -0.085 -0.014 0.012 0.156 0.02 0.043 -0.243 0 0.052 0.094 0.03 -0.006 0.002 0.037
-0.203 -0.003 -0.504 0.013 0.026 -0.161 -0.191 -0.118 -0.133 -0.106 5.995 0.086 -0.112 -0.034 -0.07 0.172 -0.043 -0.012 -0.246 -0.017 -0.004 -0.003 -0.008 0.013 -0.018 -0.112
-0.098 -0.001 -0.196 0.397 -0.095 -0.143 -0.281 -0.173 -0.304 0.068 0.086 9.018 0.017 -0.049 -0.02 -0.072 -0.024 0.223 -0.121 -0.044 -0.059 -0.167 -0.034 -0.066 -0.058 -0.028
-0.166 -0.003 -0.439 0.017 -0.024 -0.124 -0.155 -0.106 -0.117 -0.085 -0.112 0.017 6.932 -0.051 -0.056 0.084 -0.052 -0.005 -0.202 -0.015 -0.021 -0.027 -0.024 -0.017 -0.044 -0.098
-0.151 -0.001 -0.312 0.181 -0.074 -0.122 -0.197 -0.127 -0.187 -0.014 -0.034 -0.049 -0.051 7.874 -0.036 0.004 -0.045 0.093 -0.185 -0.026 -0.038 -0.084 -0.032 -0.052 -0.063 -0.064
-0.115 0 0.077 0.015 -0.044 0.01 0.023 0.031 0.034 0.012 -0.07 -0.02 -0.056 -0.036 2.667 0.03 -0.009 0.003 -0.142 0.004 0.015 0.045 -0.001 -0.035 -0.033 0.015
0.003 0.002 0.223 0.442 -0.053 -0.058 -0.177 -0.085 -0.226 0.156 0.172 -0.072 0.084 0.004 0.03 8.713 0.034 0.258 0.002 -0.035 -0.026 -0.13 0 -0.042 -0.007 0.067
-0.153 0 -0.074 0.159 -0.054 -0.069 -0.112 -0.054 -0.102 0.02 -0.043 -0.024 -0.052 -0.045 -0.009 0.034 6.029 0.082 -0.187 -0.015 -0.006 -0.021 -0.01 -0.043 -0.042 -0.012
-0.065 -0.001 0.186 0.143 0.178 -0.072 -0.08 0.011 -0.047 0.043 -0.012 0.223 -0.005 0.093 0.003 0.258 0.082 2.603 -0.075 -0.009 0.076 0.081 0.077 0.104 0.118 0.049
-0.322 -0.006 -1.231 -0.077 -0.182 -0.248 -0.321 -0.273 -0.256 -0.243 -0.246 -0.121 -0.202 -0.185 -0.142 0.002 -0.187 -0.075 9.531 -0.03 -0.112 -0.138 -0.116 -0.111 -0.186 -0.28
-0.024 0 0.004 -0.015 -0.043 0.017 0.022 0.009 0.019 0 -0.017 -0.044 -0.015 -0.026 0.004 -0.035 -0.015 -0.009 -0.03 2.984 -0.007 0.001 -0.013 -0.028 -0.029 -0.001
-0.091 0.001 0.1 0.138 -0.069 -0.007 -0.035 -0.006 -0.043 0.052 -0.004 -0.059 -0.021 -0.038 0.015 -0.026 -0.006 0.076 -0.112 -0.007 5.691 -0.013 -0.009 -0.051 -0.041 0.025
-0.109 0.002 0.278 0.141 -0.166 0.064 0.05 0.045 0.021 0.094 -0.003 -0.167 -0.027 -0.084 0.045 -0.13 -0.021 0.081 -0.138 0.001 -0.013 4.935 -0.029 -0.116 -0.097 0.062
-0.094 0 -0.018 0.142 -0.049 -0.043 -0.082 -0.04 -0.083 0.03 -0.008 -0.034 -0.024 -0.032 -0.001 0 -0.01 0.077 -0.116 -0.013 -0.009 -0.029 6.501 -0.037 -0.033 0
-0.09 -0.001 -0.314 0.193 -0.075 -0.116 -0.202 -0.139 -0.205 -0.006 0.013 -0.066 -0.017 -0.052 -0.035 -0.042 -0.043 0.104 -0.111 -0.028 -0.051 -0.116 -0.037 9.763 -0.058 -0.063
-0.152 -0.001 -0.289 0.224 -0.082 -0.127 -0.213 -0.135 -0.208 0.002 -0.018 -0.058 -0.044 -0.063 -0.033 -0.007 -0.042 0.118 -0.186 -0.029 -0.041 -0.097 -0.033 -0.058 7.941 -0.057
-0.228 0.001 0.122 0.106 -0.076 -0.012 -0.012 0.028 0.007 0.037 -0.112 -0.028 -0.098 -0.064 0.015 0.067 -0.012 0.049 -0.28 -0.001 0.025 0.062 0 -0.063 -0.057 3.822

 Mean vectors and covariance matrices after rotation --- 2th cluster >>

 mean vector (mu'=Q*mu)>>
1.964 0.035 0.706 2.748 2.706 0.821 0.875 1.535 0.572 2.272 2.169 2.562 1.674 2.125 0.979 1.837 2.025 1.758 2.449 0.015 1.251 1.084 1.4 1.616 2.303 2.335

 covariance matrix (Sigma'=Q*Sigma*t(Q))>>

9.105 -0.283 0.256 0.194 0.034 0.084 -0.245 -0.103 -0.21 0.147 -0.147 0.148 0.275 0.089 -0.032 -0.14 0.157 0.131 0.322 -0.337 0.182 -0.026 -0.183 -0.195 0.227 -0.069
-0.283 7.384 1.109 0.369 0.253 0.105 -0.428 -0.005 -0.112 0.28 -0.155 0.218 0.257 0.266 -0.041 -0.195 0.208 0.209 0.343 -0.387 0.178 0.007 -0.382 -0.359 0.274 -0.076
0.256 1.109 3.2 -0.958 0.357 0.131 0.848 0.228 0.196 0.38 0.352 0.034 0.122 0.348 -0.152 0.341 0.09 0.27 0.479 0.679 0.218 0.104 0.635 0.604 -0.054 0.097
0.194 0.369 -0.958 7.354 -0.244 -0.024 0.288 -0.097 -0.088 -0.149 0.04 -0.097 0.005 -0.199 0.002 0.095 -0.07 -0.088 -0.024 0.128 0.002 -0.032 0.288 0.245 -0.08 0.016
0.034 0.253 0.357 -0.244 2.496 0.037 0.184 0.04 0.028 0.102 0.06 0.008 0.048 0.09 -0.05 0.059 0.027 0.073 0.141 0.14 0.067 0.017 0.13 0.12 -0.006 0.001
0.084 0.105 0.131 -0.024 0.037 2.285 0.1 0.029 0.009 0.043 0.069 0.042 0.041 0.031 0.016 0.07 0.037 0.036 0.069 0.05 0.036 0.023 0.102 0.099 0.035 0.058
-0.245 -0.428 0.848 0.288 0.184 0.1 7.462 -0.038 -0.145 0.242 -0.157 0.191 0.264 0.213 -0.046 -0.182 0.19 0.187 0.345 -0.365 0.183 -0.006 -0.318 -0.307 0.255 -0.083
-0.103 -0.005 0.228 -0.097 0.04 0.029 -0.038 4.28 -0.037 0.073 -0.064 0.002 0.06 0.064 -0.061 -0.066 0.023 0.053 0.114 -0.036 0.057 -0.017 -0.064 -0.07 0.019 -0.077
-0.21 -0.112 0.196 -0.088 0.028 0.009 -0.145 -0.037 4.026 0.041 -0.134 -0.047 0.001 0.053 -0.086 -0.142 -0.02 0.02 0.035 -0.068 0.012 -0.038 -0.185 -0.183 -0.03 -0.145
0.147 0.28 0.38 -0.149 0.102 0.043 0.242 0.073 0.041 1.866 0.142 0.064 0.069 0.09 0.004 0.14 0.062 0.084 0.152 0.156 0.075 0.047 0.218 0.211 0.041 0.094
-0.147 -0.155 0.352 0.04 0.06 0.069 -0.157 -0.064 -0.134 0.142 6.326 0.089 0.195 0.105 -0.06 -0.118 0.107 0.116 0.264 -0.204 0.143 -0.022 -0.142 -0.152 0.142 -0.087
0.148 0.218 0.034 -0.097 0.008 0.042 0.191 0.002 -0.047 0.064 0.089 4.845 0.119 0.021 0.012 0.105 0.069 0.063 0.171 0.055 0.095 0.023 0.2 0.181 0.074 0.075
0.275 0.257 0.122 0.005 0.048 0.041 0.264 0.06 0.001 0.069 0.195 0.119 3.457 0.03 0.074 0.204 0.097 0.069 0.15 0.106 0.084 0.062 0.298 0.287 0.106 0.186
0.089 0.266 0.348 -0.199 0.09 0.031 0.213 0.064 0.053 0.09 0.105 0.021 0.03 1.465 -0.021 0.101 0.029 0.065 0.11 0.166 0.051 0.032 0.17 0.165 -0.003 0.047
-0.032 -0.041 -0.152 0.002 -0.05 0.016 -0.046 -0.061 -0.086 0.004 -0.06 0.012 0.074 -0.021 9.745 -0.046 0.023 0.013 0.076 -0.092 0.047 -0.022 -0.029 -0.041 0.042 -0.038
-0.14 -0.195 0.341 0.095 0.059 0.07 -0.182 -0.066 -0.142 0.14 -0.118 0.105 0.204 0.101 -0.046 7.098 0.118 0.116 0.263 -0.232 0.144 -0.02 -0.154 -0.162 0.16 -0.074
0.157 0.208 0.09 -0.07 0.027 0.037 0.19 0.023 -0.02 0.062 0.107 0.069 0.097 0.029 0.023 0.118 4.174 0.059 0.143 0.072 0.079 0.031 0.199 0.185 0.067 0.092
0.131 0.209 0.27 -0.088 0.073 0.036 0.187 0.053 0.02 0.084 0.116 0.063 0.069 0.065 0.013 0.116 0.059 2.288 0.129 0.106 0.066 0.039 0.179 0.172 0.049 0.087
0.322 0.343 0.479 -0.024 0.141 0.069 0.345 0.114 0.035 0.152 0.264 0.171 0.15 0.11 0.076 0.263 0.143 0.129 2.077 0.164 0.126 0.092 0.366 0.359 0.144 0.235
-0.337 -0.387 0.679 0.128 0.14 0.05 -0.365 -0.036 -0.068 0.156 -0.204 0.055 0.106 0.166 -0.092 -0.232 0.072 0.106 0.164 5.715 0.08 -0.033 -0.375 -0.36 0.096 -0.17
0.182 0.178 0.218 0.002 0.067 0.036 0.183 0.057 0.012 0.075 0.143 0.095 0.084 0.051 0.047 0.144 0.079 0.066 0.126 0.08 2.287 0.049 0.201 0.196 0.082 0.132
-0.026 0.007 0.104 -0.032 0.017 0.023 -0.006 -0.017 -0.038 0.047 -0.022 0.023 0.062 0.032 -0.022 -0.02 0.031 0.039 0.092 -0.033 0.049 5.249 -0.009 -0.014 0.036 -0.022
-0.183 -0.382 0.635 0.288 0.13 0.102 -0.318 -0.064 -0.185 0.218 -0.142 0.2 0.298 0.17 -0.029 -0.154 0.199 0.179 0.366 -0.375 0.201 -0.009 8.607 -0.252 0.274 -0.058
-0.195 -0.359 0.604 0.245 0.12 0.099 -0.307 -0.07 -0.183 0.211 -0.152 0.181 0.287 0.165 -0.041 -0.162 0.185 0.172 0.359 -0.36 0.196 -0.014 -0.252 7.98 0.255 -0.075
0.227 0.274 -0.054 -0.08 -0.006 0.035 0.255 0.019 -0.03 0.041 0.142 0.074 0.106 -0.003 0.042 0.16 0.067 0.049 0.144 0.096 0.082 0.036 0.274 0.255 4.756 0.128
-0.069 -0.076 0.097 0.016 0.001 0.058 -0.083 -0.077 -0.145 0.094 -0.087 0.075 0.186 0.047 -0.038 -0.074 0.092 0.087 0.235 -0.17 0.132 -0.022 -0.058 -0.075 0.128 7.088

 Final eigenvalues for each cluster >> 
 (rows correspond to clusters)
9.927 9.924 9.812 9.116 9.11 8.805 8.006 7.935 7.023 6.511 6.14 6.047 5.695 4.941 3.796 3.678 3.55 3.153 2.981 2.921 2.657 2.526 2.427 2.1 1.332 1.302
9.761 9.245 8.86 8.233 7.9 7.826 7.64 7.216 7.143 6.444 5.974 5.254 4.779 4.684 4.302 4.109 4.048 3.346 2.413 2.265 2.22 2.219 1.839 1.758 1.752 1.383

 theoretical Separation index matrix >>

-1 0.34
0.34 -1

 theoretical projection directions >>

**** cluster 1 and 2
0.136 -0.064 0.085 0.286 0.252 0.284 0.086 0.229 0.152 0.437 0.193 0.184 0.162 0.24 0.093 0.092 0.197 0.277 0.245 -0.009 0.123 0.107 0.068 0.082 0.189 0.223

 empirical Separation index matrix (alpha= 0.05 )>>

-1 0.405
0.405 -1

 empirical projection directions >>

**** cluster 1 and 2
-0.225 0.186 -0.035 -0.297 -0.338 -0.269 -0.193 -0.114 -0.135 -0.28 -0.239 -0.107 -0.201 -0.445 0.028 -0.096 -0.155 0.019 -0.161 -0.05 -0.054 -0.069 -0.094 -0.061 -0.071 -0.311
