
 Log information for the data set datasetJHG2v22nv1out0_2.dat >>

 alpha = 0.05 sepVal = 0.34

 Number of clusters >> 2

 cluster sizes >>
50 50

 Number of data points >> 100

 Number of dimensions >> 23

 Number of noisy dimensions >> 1

 noisy variables >>
21

 Number of outliers >> 0

 initial eigenvalues for each cluster >> 
 (rows correspond to clusters)
4.427 6.072 1.246 6.745 1.177 5.233 6.037 1.819 7.524 2.635 9.818 3.502 6.104 8.887 8.803 2.457 4.728 9.439 2.527 4.016 6.347 3.216
7.038 4.661 8.22 3.593 5.797 9.025 6.937 3.565 6.509 9.58 2.598 1.802 3.307 3.635 9.448 4.769 9.425 4.076 3.43 6.811 1.633 6.986

 Mean vectors and covariance matrices before rotation --- 1th cluster >>

 mean vector (mu'=Q*mu)>>
-8.868 0 0 0 0 0 0 0 0 0 0 0 0 0 0 0 0 0 0 0 0 0 0

 covariance matrix (Sigma'=Q*Sigma*t(Q))>>

5.277 -0.063 0.434 -0.627 0.986 0 -0.004 0.779 -0.518 0.006 -1.141 0.353 -0.326 -0.515 -1.098 0.837 0.065 -0.142 0.336 0.088 -0.348 0.156 0
-0.063 6.064 0.011 -0.057 0.026 0 0 0.018 -0.04 0 -0.071 -0.001 -0.039 -0.034 -0.073 0.014 -0.012 -0.009 0.005 -0.002 -0.037 0.001 0
0.434 0.011 1.314 0.047 0.152 0.001 0.001 0.131 0.013 0.001 -0.032 0.091 0.056 -0.007 -0.014 0.157 0.058 -0.003 0.064 0.03 0.043 0.036 0
-0.627 -0.057 0.047 6.335 0.109 -0.002 -0.003 0.061 -0.277 0 -0.468 -0.048 -0.289 -0.228 -0.49 0.025 -0.107 -0.06 0.008 -0.03 -0.268 -0.011 0
0.986 0.026 0.152 0.109 1.519 0.002 0.002 0.294 0.031 0.002 -0.068 0.205 0.129 -0.015 -0.027 0.355 0.132 -0.007 0.145 0.068 0.1 0.081 0
0 0 0.001 -0.002 0.002 5.233 0 0.001 -0.001 0 -0.003 0 -0.001 -0.001 -0.003 0.001 0 0 0 0 -0.001 0 0
-0.004 0 0.001 -0.003 0.002 0 6.037 0.001 -0.002 0 -0.004 0 -0.002 -0.002 -0.004 0.001 -0.001 -0.001 0 0 -0.002 0 0
0.779 0.018 0.131 0.061 0.294 0.001 0.001 2.07 0.005 0.002 -0.092 0.169 0.087 -0.029 -0.06 0.299 0.103 -0.01 0.122 0.055 0.063 0.067 0
-0.518 -0.04 0.013 -0.277 0.031 -0.001 -0.002 0.005 7.341 0 -0.294 -0.055 -0.201 -0.145 -0.313 -0.025 -0.084 -0.038 -0.012 -0.027 -0.185 -0.017 0
0.006 0 0.001 0 0.002 0 0 0.002 0 2.635 -0.001 0.001 0 0 -0.001 0.002 0.001 0 0.001 0 0 0.001 0
-1.141 -0.071 -0.032 -0.468 -0.068 -0.003 -0.004 -0.092 -0.294 -0.001 9.385 -0.155 -0.356 -0.22 -0.476 -0.16 -0.176 -0.056 -0.068 -0.065 -0.32 -0.054 0
0.353 -0.001 0.091 -0.048 0.205 0 0 0.169 -0.055 0.001 -0.155 3.596 -0.006 -0.066 -0.139 0.191 0.041 -0.019 0.077 0.028 -0.017 0.04 0
-0.326 -0.039 0.056 -0.289 0.129 -0.001 -0.002 0.087 -0.201 0 -0.356 -0.006 5.908 -0.171 -0.367 0.069 -0.061 -0.045 0.026 -0.012 -0.185 0.003 0
-0.515 -0.034 -0.007 -0.228 -0.015 -0.001 -0.002 -0.029 -0.145 0 -0.22 -0.066 -0.171 8.776 -0.24 -0.06 -0.081 -0.029 -0.026 -0.029 -0.155 -0.022 0
-1.098 -0.073 -0.014 -0.49 -0.027 -0.003 -0.004 -0.06 -0.313 -0.001 -0.476 -0.139 -0.367 -0.24 8.286 -0.124 -0.172 -0.062 -0.053 -0.061 -0.332 -0.047 0
0.837 0.014 0.157 0.025 0.355 0.001 0.001 0.299 -0.025 0.002 -0.16 0.191 0.069 -0.06 -0.124 2.808 0.107 -0.019 0.143 0.061 0.044 0.077 0
0.065 -0.012 0.058 -0.107 0.132 0 -0.001 0.103 -0.084 0.001 -0.176 0.041 -0.061 -0.081 -0.172 0.107 4.728 -0.022 0.043 0.009 -0.062 0.019 0
-0.142 -0.009 -0.003 -0.06 -0.007 0 -0.001 -0.01 -0.038 0 -0.056 -0.019 -0.045 -0.029 -0.062 -0.019 -0.022 9.432 -0.008 -0.008 -0.041 -0.006 0
0.336 0.005 0.064 0.008 0.145 0 0 0.122 -0.012 0.001 -0.068 0.077 0.026 -0.026 -0.053 0.143 0.043 -0.008 2.585 0.024 0.016 0.031 0
0.088 -0.002 0.03 -0.03 0.068 0 0 0.055 -0.027 0 -0.065 0.028 -0.012 -0.029 -0.061 0.061 0.009 -0.008 0.024 4.024 -0.015 0.012 0
-0.348 -0.037 0.043 -0.268 0.1 -0.001 -0.002 0.063 -0.185 0 -0.32 -0.017 -0.185 -0.155 -0.332 0.044 -0.062 -0.041 0.016 -0.015 6.174 -0.001 0
0.156 0.001 0.036 -0.011 0.081 0 0 0.067 -0.017 0.001 -0.054 0.04 0.003 -0.022 -0.047 0.077 0.019 -0.006 0.031 0.012 -0.001 3.233 0
0 0 0 0 0 0 0 0 0 0 0 0 0 0 0 0 0 0 0 0 0 0 2.741

 Mean vectors and covariance matrices before rotation --- 2th cluster >>

 mean vector (mu'=Q*mu)>>
8.868 0 0 0 0 0 0 0 0 0 0 0 0 0 0 0 0 0 0 0 0 0 0

 covariance matrix (Sigma'=Q*Sigma*t(Q))>>

5.674 0.317 -0.87 0.281 0.003 -1.112 -0.194 0.224 -0.174 -0.259 0.313 0.57 0.611 0.663 -0.341 0.358 -0.06 0.138 0.301 -0.097 1.048 -0.269 0
0.317 4.904 -0.003 0.145 0.172 -0.072 0.053 0.115 0.103 -0.024 0.136 0.226 0.297 0.346 -0.029 0.293 -0.005 0.081 0.15 0.033 0.409 0.068 0
-0.87 -0.003 7.798 0.043 -0.11 -0.494 -0.129 0.035 -0.152 -0.111 0.064 0.131 0.105 0.098 -0.147 -0.016 -0.026 0.014 0.049 -0.068 0.244 -0.175 0
0.281 0.145 0.043 3.676 0.114 0.009 0.046 0.065 0.078 -0.003 0.074 0.121 0.166 0.196 -0.002 0.177 0 0.047 0.084 0.027 0.219 0.059 0
0.003 0.172 -0.11 0.114 5.891 -0.178 0.005 0.091 0.035 -0.045 0.113 0.195 0.238 0.271 -0.059 0.205 -0.01 0.062 0.119 0.006 0.354 0.004 0
-1.112 -0.072 -0.494 0.009 -0.178 8.465 -0.167 0.008 -0.208 -0.123 0.037 0.09 0.039 0.018 -0.164 -0.102 -0.029 -0.006 0.015 -0.09 0.171 -0.225 0
-0.194 0.053 -0.129 0.046 0.005 -0.167 6.91 0.036 -0.023 -0.039 0.05 0.091 0.098 0.108 -0.051 0.061 -0.009 0.023 0.049 -0.013 0.166 -0.038 0
0.224 0.115 0.035 0.065 0.091 0.008 0.036 3.617 0.062 -0.002 0.059 0.096 0.132 0.155 -0.001 0.14 0 0.037 0.067 0.021 0.173 0.047 0
-0.174 0.103 -0.152 0.078 0.035 -0.208 -0.023 0.062 6.5 -0.05 0.082 0.144 0.165 0.184 -0.065 0.121 -0.011 0.04 0.082 -0.01 0.264 -0.033 0
-0.259 -0.024 -0.111 -0.003 -0.045 -0.123 -0.039 -0.002 -0.05 9.553 0.004 0.013 -0.001 -0.007 -0.036 -0.032 -0.006 -0.004 -0.001 -0.021 0.025 -0.053 0
0.313 0.136 0.064 0.074 0.113 0.037 0.05 0.059 0.082 0.004 2.664 0.106 0.149 0.178 0.007 0.166 0.001 0.043 0.076 0.029 0.19 0.065 0
0.57 0.226 0.131 0.121 0.195 0.09 0.091 0.096 0.144 0.013 0.106 1.97 0.242 0.29 0.019 0.277 0.003 0.071 0.124 0.052 0.303 0.119 0
0.611 0.297 0.105 0.166 0.238 0.039 0.098 0.132 0.165 -0.001 0.149 0.242 3.641 0.397 0.002 0.362 0 0.096 0.17 0.058 0.437 0.128 0
0.663 0.346 0.098 0.196 0.271 0.018 0.108 0.155 0.184 -0.007 0.178 0.29 0.397 4.103 -0.006 0.421 -0.001 0.112 0.201 0.064 0.523 0.14 0
-0.341 -0.029 -0.147 -0.002 -0.059 -0.164 -0.051 -0.001 -0.065 -0.036 0.007 0.019 0.002 -0.006 9.4 -0.04 -0.008 -0.005 0 -0.028 0.037 -0.069 0
0.358 0.293 -0.016 0.177 0.205 -0.102 0.061 0.14 0.121 -0.032 0.166 0.277 0.362 0.421 -0.04 5.123 -0.007 0.099 0.183 0.038 0.502 0.077 0
-0.06 -0.005 -0.026 0 -0.01 -0.029 -0.009 0 -0.011 -0.006 0.001 0.003 0 -0.001 -0.008 -0.007 9.423 -0.001 0 -0.005 0.007 -0.012 0
0.138 0.081 0.014 0.047 0.062 -0.006 0.023 0.037 0.04 -0.004 0.043 0.071 0.096 0.112 -0.005 0.099 -0.001 4.103 0.048 0.014 0.128 0.029 0
0.301 0.15 0.049 0.084 0.119 0.015 0.049 0.067 0.082 -0.001 0.076 0.124 0.17 0.201 0 0.183 0 0.048 3.516 0.029 0.223 0.063 0
-0.097 0.033 -0.068 0.027 0.006 -0.09 -0.013 0.021 -0.01 -0.021 0.029 0.052 0.058 0.064 -0.028 0.038 -0.005 0.014 0.029 6.805 0.096 -0.019 0
1.048 0.409 0.244 0.219 0.354 0.171 0.166 0.173 0.264 0.025 0.19 0.303 0.437 0.523 0.037 0.502 0.007 0.128 0.223 0.096 2.176 0.218 0
-0.269 0.068 -0.175 0.059 0.004 -0.225 -0.038 0.047 -0.033 -0.053 0.065 0.119 0.128 0.14 -0.069 0.077 -0.012 0.029 0.063 -0.019 0.218 6.934 0
0 0 0 0 0 0 0 0 0 0 0 0 0 0 0 0 0 0 0 0 0 0 2.741

 Final eigenvalues for each cluster >> 
 (rows correspond to clusters)
9.818 9.439 8.887 8.803 7.524 6.745 6.347 6.104 6.072 6.037 5.233 4.728 4.427 4.016 3.502 3.216 2.741 2.635 2.527 2.457 1.819 1.246 1.177
9.58 9.448 9.425 9.025 8.22 7.038 6.986 6.937 6.811 6.509 5.797 4.769 4.661 4.076 3.635 3.593 3.565 3.43 3.307 2.741 2.598 1.802 1.633

 *************************************************

 ********************* rotation ******************

 *************************************************


 The orthogonal matrix Q >>
0.262 0.286 0.111 0.259 0.3 0.163 0.166 0.153 0.235 0.239 0.078 0.314 0.264 0.227 0.109 0.272 0.209 0.018 0.113 0.047 0.257 0.231
0.286 -0.935 0.025 0.059 0.068 0.037 0.038 0.035 0.053 0.054 0.018 0.071 0.06 0.051 0.025 0.062 0.047 0.004 0.026 0.011 0.058 0.052
0.111 0.025 -0.99 0.023 0.026 0.014 0.015 0.014 0.021 0.021 0.007 0.028 0.023 0.02 0.01 0.024 0.018 0.002 0.01 0.004 0.023 0.02
0.259 0.059 0.023 -0.947 0.062 0.034 0.034 0.032 0.048 0.049 0.016 0.065 0.054 0.047 0.022 0.056 0.043 0.004 0.023 0.01 0.053 0.047
0.3 0.068 0.026 0.062 -0.929 0.039 0.039 0.036 0.056 0.057 0.019 0.075 0.063 0.054 0.026 0.065 0.05 0.004 0.027 0.011 0.061 0.055
0.163 0.037 0.014 0.034 0.039 -0.979 0.021 0.02 0.03 0.031 0.01 0.041 0.034 0.029 0.014 0.035 0.027 0.002 0.015 0.006 0.033 0.03
0.166 0.038 0.015 0.034 0.039 0.021 -0.978 0.02 0.031 0.031 0.01 0.041 0.035 0.03 0.014 0.036 0.028 0.002 0.015 0.006 0.034 0.03
0.153 0.035 0.014 0.032 0.036 0.02 0.02 -0.981 0.029 0.029 0.009 0.038 0.032 0.028 0.013 0.033 0.025 0.002 0.014 0.006 0.031 0.028
0.235 0.053 0.021 0.048 0.056 0.03 0.031 0.029 -0.956 0.045 0.015 0.059 0.049 0.042 0.02 0.051 0.039 0.003 0.021 0.009 0.048 0.043
0.239 0.054 0.021 0.049 0.057 0.031 0.031 0.029 0.045 -0.955 0.015 0.059 0.05 0.043 0.021 0.052 0.04 0.003 0.021 0.009 0.049 0.044
0.078 0.018 0.007 0.016 0.019 0.01 0.01 0.009 0.015 0.015 -0.995 0.019 0.016 0.014 0.007 0.017 0.013 0.001 0.007 0.003 0.016 0.014
0.314 0.071 0.028 0.065 0.075 0.041 0.041 0.038 0.059 0.059 0.019 -0.922 0.066 0.056 0.027 0.068 0.052 0.005 0.028 0.012 0.064 0.057
0.264 0.06 0.023 0.054 0.063 0.034 0.035 0.032 0.049 0.05 0.016 0.066 -0.945 0.047 0.023 0.057 0.044 0.004 0.024 0.01 0.054 0.048
0.227 0.051 0.02 0.047 0.054 0.029 0.03 0.028 0.042 0.043 0.014 0.056 0.047 -0.959 0.02 0.049 0.038 0.003 0.02 0.008 0.046 0.041
0.109 0.025 0.01 0.022 0.026 0.014 0.014 0.013 0.02 0.021 0.007 0.027 0.023 0.02 -0.991 0.024 0.018 0.002 0.01 0.004 0.022 0.02
0.272 0.062 0.024 0.056 0.065 0.035 0.036 0.033 0.051 0.052 0.017 0.068 0.057 0.049 0.024 -0.941 0.045 0.004 0.024 0.01 0.055 0.05
0.209 0.047 0.018 0.043 0.05 0.027 0.028 0.025 0.039 0.04 0.013 0.052 0.044 0.038 0.018 0.045 -0.965 0.003 0.019 0.008 0.043 0.038
0.018 0.004 0.002 0.004 0.004 0.002 0.002 0.002 0.003 0.003 0.001 0.005 0.004 0.003 0.002 0.004 0.003 -1 0.002 0.001 0.004 0.003
0.113 0.026 0.01 0.023 0.027 0.015 0.015 0.014 0.021 0.021 0.007 0.028 0.024 0.02 0.01 0.024 0.019 0.002 -0.99 0.004 0.023 0.021
0.047 0.011 0.004 0.01 0.011 0.006 0.006 0.006 0.009 0.009 0.003 0.012 0.01 0.008 0.004 0.01 0.008 0.001 0.004 -0.998 0.01 0.009
0.257 0.058 0.023 0.053 0.061 0.033 0.034 0.031 0.048 0.049 0.016 0.064 0.054 0.046 0.022 0.055 0.043 0.004 0.023 0.01 -0.948 0.047
0.231 0.052 0.02 0.047 0.055 0.03 0.03 0.028 0.043 0.044 0.014 0.057 0.048 0.041 0.02 0.05 0.038 0.003 0.021 0.009 0.047 -0.958

 Mean vectors and covariance matrices after rotation --- 1th cluster >>

 mean vector (mu'=Q*mu)>>
-1.361 -2.045 -2.319 -0.162 -1.006 -2.339 -0.97 -1.855 -2.413 -2.786 -2.538 -0.987 -2.657 -0.692 -0.419 -2.086 -1.449 -2.118 -2.28 -2.009 0 -2.297 -1.472

 covariance matrix (Sigma'=Q*Sigma*t(Q))>>

1.863 -0.067 -0.111 0.001 0.011 -0.04 0.072 -0.037 0.028 -0.053 -0.193 0.015 0.025 0.073 0.013 -0.1 -0.112 -0.089 -0.062 -0.168 0 -0.013 -0.129
-0.067 3.295 0.27 0.031 -0.005 0.116 0.276 0.05 -0.017 0.068 0.013 -0.009 0.021 0.284 0.003 0.095 0.019 0.139 0.105 0.031 0 0.175 -0.005
-0.111 0.27 4.637 0.043 0.023 0.027 0.56 0.027 0.05 0.195 -0.282 0.074 0.356 0.626 -0.009 -0.141 -0.063 0.523 -0.021 -0.452 0 0.133 -0.195
0.001 0.031 0.043 9.437 0.005 0 -0.021 0.01 0.012 0.027 0.032 0.009 0.03 -0.019 -0.002 0.004 0.024 0.044 0.003 0.007 0 -0.009 0.022
0.011 -0.005 0.023 0.005 2.534 0.004 0.074 -0.003 0.017 -0.001 -0.072 0.009 0.027 0.076 0.006 -0.026 -0.038 -0.001 -0.007 -0.066 0 0.024 -0.051
-0.04 0.116 0.027 0 0.004 6.084 0.022 0.012 0.009 0.082 0.026 0.024 0.113 0.043 -0.014 -0.032 0.049 0.201 -0.017 -0.07 0 -0.03 0.022
0.072 0.276 0.56 -0.021 0.074 0.022 8.578 0.109 0.177 0.274 0.296 0.106 0.325 -0.217 -0.005 0.039 0.214 0.368 0.045 0.073 0 -0.072 0.205
-0.037 0.05 0.027 0.01 -0.003 0.012 0.109 4.734 -0.008 0.032 -0.033 0.004 0.044 0.121 -0.004 -0.009 -0.002 0.099 0.006 -0.058 0 0.033 -0.023
0.028 -0.017 0.05 0.012 0.017 0.009 0.177 -0.008 2.498 -0.005 -0.18 0.022 0.065 0.181 0.015 -0.064 -0.096 -0.009 -0.018 -0.163 0 0.056 -0.126
-0.053 0.068 0.195 0.027 -0.001 0.082 0.274 0.032 -0.005 3.557 -0.055 0.001 0.049 0.285 0.004 0.04 -0.015 0.13 0.065 -0.05 0 0.142 -0.048
-0.193 0.013 -0.282 0.032 -0.072 0.026 0.296 -0.033 -0.18 -0.055 5.998 -0.077 -0.134 0.325 -0.027 0.032 -0.024 0.103 0.022 -0.033 0 0.1 -0.053
0.015 -0.009 0.074 0.009 0.009 0.024 0.106 0.004 0.022 0.001 -0.077 1.255 0.024 0.105 0.01 -0.011 -0.044 -0.011 0.01 -0.056 0 0.052 -0.056
0.025 0.021 0.356 0.03 0.027 0.113 0.325 0.044 0.065 0.049 -0.134 0.024 1.256 0.322 0.027 0.031 -0.075 0.035 0.08 -0.086 0 0.192 -0.107
0.073 0.284 0.626 -0.019 0.076 0.043 -0.217 0.121 0.181 0.285 0.325 0.105 0.322 9.606 -0.004 0.066 0.227 0.373 0.068 0.108 0 -0.05 0.222
0.013 0.003 -0.009 -0.002 0.006 -0.014 -0.005 -0.004 0.015 0.004 -0.027 0.01 0.027 -0.004 4.018 -0.027 -0.012 0.006 -0.017 -0.04 0 -0.016 -0.017
-0.1 0.095 -0.141 0.004 -0.026 -0.032 0.039 -0.009 -0.064 0.04 0.032 -0.011 0.031 0.066 -0.027 7.504 0.051 0.19 -0.022 -0.044 0 -0.033 0.027
-0.112 0.019 -0.063 0.024 -0.038 0.049 0.214 -0.002 -0.096 -0.015 -0.024 -0.044 -0.075 0.227 -0.012 0.051 5.227 0.071 0.045 0.011 0 0.101 -0.022
-0.089 0.139 0.523 0.044 -0.001 0.201 0.368 0.099 -0.009 0.13 0.103 -0.011 0.035 0.373 0.006 0.19 0.071 2.854 0.192 0.126 0 0.275 0.048
-0.062 0.105 -0.021 0.003 -0.007 -0.017 0.045 0.006 -0.018 0.065 0.022 0.01 0.08 0.068 -0.017 -0.022 0.045 0.192 6.333 -0.06 0 -0.019 0.019
-0.168 0.031 -0.452 0.007 -0.066 -0.07 0.073 -0.058 -0.163 -0.05 -0.033 -0.056 -0.086 0.108 -0.04 -0.044 0.011 0.126 -0.06 8.819 0 -0.055 -0.013
0 0 0 0 0 0 0 0 0 0 0 0 0 0 0 0 0 0 0 0 2.741 0 0
-0.013 0.175 0.133 -0.009 0.024 -0.03 -0.072 0.033 0.056 0.142 0.1 0.052 0.192 -0.05 -0.016 -0.033 0.101 0.275 -0.019 -0.055 0 6.674 0.075
-0.129 -0.005 -0.195 0.022 -0.051 0.022 0.205 -0.023 -0.126 -0.048 -0.053 -0.056 -0.107 0.222 -0.017 0.027 -0.022 0.048 0.019 -0.013 0 0.075 5.997

 Mean vectors and covariance matrices after rotation --- 2th cluster >>

 mean vector (mu'=Q*mu)>>
1.361 2.045 2.319 0.162 1.006 2.339 0.97 1.855 2.413 2.786 2.538 0.987 2.657 0.692 0.419 2.086 1.449 2.118 2.28 2.009 0 2.297 1.472

 covariance matrix (Sigma'=Q*Sigma*t(Q))>>

3.587 0.043 0.19 -0.007 0.004 0.021 0.019 -0.078 0.029 0.087 0.031 0.153 0.043 -0.004 0.023 0.043 0.158 -0.057 0.004 0.001 0 0.046 0.033
0.043 6.986 0.002 -0.032 -0.001 0.03 -0.011 -0.075 -0.021 0.186 0.016 0.032 0.008 -0.009 -0.005 -0.001 0.042 -0.074 0.03 -0.035 0 0.097 -0.001
0.19 0.002 7.078 -0.2 -0.059 0.058 -0.028 -0.418 -0.196 0.921 0.013 0.253 0.009 -0.1 -0.022 -0.011 0.341 -0.392 0.005 -0.306 0 0.474 -0.001
-0.007 -0.032 -0.2 4.093 0.011 0.013 -0.031 -0.065 0.014 -0.013 -0.004 -0.001 -0.023 0.015 0.001 -0.024 -0.032 -0.074 0.04 0.034 0 -0.024 -0.022
0.004 -0.001 -0.059 0.011 3.44 0.019 -0.014 -0.113 0.028 0.034 0.012 0.107 0.004 0.009 0.017 0.006 0.083 -0.105 0.03 0.027 0 0.002 0.002
0.021 0.03 0.058 0.013 0.019 3.349 -0.006 -0.215 0.064 0.105 0.041 0.265 0.038 0.01 0.042 0.042 0.233 -0.189 0.046 0.042 0 0.033 0.027
0.019 -0.011 -0.028 -0.031 -0.014 -0.006 9.444 -0.008 -0.047 0.097 -0.012 -0.033 -0.013 -0.017 -0.014 -0.015 -0.014 -0.011 -0.014 -0.056 0 0.054 -0.01
-0.078 -0.075 -0.418 -0.065 -0.113 -0.215 -0.008 9.266 -0.226 -0.086 -0.19 0.108 -0.15 -0.104 -0.015 -0.095 0.136 -0.14 -0.287 -0.268 0 -0.09 -0.055
0.029 -0.021 -0.196 0.014 0.028 0.064 -0.047 -0.226 4.819 0.14 0.033 0.151 0.003 0.024 0.022 -0.004 0.101 -0.223 0.103 0.058 0 0.043 -0.01
0.087 0.186 0.921 -0.013 0.034 0.105 0.097 -0.086 0.14 2.058 0.151 0.411 0.196 0.003 0.071 0.185 0.451 -0.02 0.044 0.049 0 0.17 0.139
0.031 0.016 0.013 -0.004 0.012 0.041 -0.012 -0.19 0.033 0.151 4.693 0.197 0.025 0.003 0.027 0.024 0.177 -0.172 0.046 0.014 0 0.061 0.015
0.153 0.032 0.253 -0.001 0.107 0.265 -0.033 0.108 0.151 0.411 0.197 7.986 0.128 0.09 -0.024 0.049 -0.237 0.067 0.356 0.192 0 0.265 0.019
0.043 0.008 0.009 -0.023 0.004 0.038 -0.013 -0.15 0.003 0.196 0.025 0.128 5.815 -0.005 0.012 0.013 0.125 -0.139 0.04 -0.018 0 0.093 0.008
-0.004 -0.009 -0.1 0.015 0.009 0.01 -0.017 -0.104 0.024 0.003 0.003 0.09 -0.005 2.607 0.015 -0.002 0.062 -0.099 0.024 0.028 0 -0.017 -0.004
0.023 -0.005 -0.022 0.001 0.017 0.042 -0.014 -0.015 0.022 0.071 0.027 -0.024 0.012 0.015 6.808 0 -0.032 -0.022 0.061 0.031 0 0.039 -0.003
0.043 -0.001 -0.011 -0.024 0.006 0.042 -0.015 -0.095 -0.004 0.185 0.024 0.049 0.013 -0.002 0 6.512 0.05 -0.093 0.049 -0.014 0 0.094 0
0.158 0.042 0.341 -0.032 0.083 0.233 -0.014 0.136 0.101 0.451 0.177 -0.237 0.125 0.062 -0.032 0.05 8.817 0.1 0.295 0.12 0 0.295 0.025
-0.057 -0.074 -0.392 -0.074 -0.105 -0.189 -0.011 -0.14 -0.223 -0.02 -0.172 0.067 -0.139 -0.099 -0.022 -0.093 0.1 9.453 -0.253 -0.262 0 -0.048 -0.055
0.004 0.03 0.005 0.04 0.03 0.046 -0.014 -0.287 0.103 0.044 0.046 0.356 0.04 0.024 0.061 0.049 0.295 -0.253 1.693 0.087 0 -0.015 0.031
0.001 -0.035 -0.306 0.034 0.027 0.042 -0.056 -0.268 0.058 0.049 0.014 0.192 -0.018 0.028 0.031 -0.014 0.12 -0.262 0.087 3.71 0 -0.02 -0.019
0 0 0 0 0 0 0 0 0 0 0 0 0 0 0 0 0 0 0 0 2.741 0 0
0.046 0.097 0.474 -0.024 0.002 0.033 0.054 -0.09 0.043 0.17 0.061 0.265 0.093 -0.017 0.039 0.094 0.295 -0.048 -0.015 -0.02 0 3.696 0.073
0.033 -0.001 -0.001 -0.022 0.002 0.027 -0.01 -0.055 -0.01 0.139 0.015 0.019 0.008 -0.004 -0.003 0 0.025 -0.055 0.031 -0.019 0 0.073 6.936

 Final eigenvalues for each cluster >> 
 (rows correspond to clusters)
9.818 9.439 8.887 8.803 7.524 6.745 6.347 6.104 6.072 6.037 5.233 4.728 4.427 4.016 3.502 3.216 2.741 2.635 2.527 2.457 1.819 1.246 1.177
9.58 9.448 9.425 9.025 8.22 7.038 6.986 6.937 6.811 6.509 5.797 4.769 4.661 4.076 3.635 3.593 3.565 3.43 3.307 2.741 2.598 1.802 1.633

 theoretical Separation index matrix >>

-1 0.34
0.34 -1

 theoretical projection directions >>

**** cluster 1 and 2
0.285 0.184 0.173 0.012 0.182 0.236 0.016 0.18 0.36 0.407 0.263 0.041 0.372 -0.004 0.035 0.151 0.067 0.192 0.276 0.196 0 0.179 0.129

 empirical Separation index matrix (alpha= 0.05 )>>

-1 0.386
0.386 -1

 empirical projection directions >>

**** cluster 1 and 2
-0.22 -0.226 -0.092 -0.063 -0.17 -0.219 -0.004 -0.011 -0.381 -0.311 -0.289 0.088 -0.375 -0.148 -0.151 -0.065 -0.08 -0.12 -0.407 -0.189 0.008 -0.238 -0.094
