
 Log information for the data set datasetJHG2v24nv0out0_3.dat >>

 alpha = 0.05 sepVal = 0.34

 Number of clusters >> 2

 cluster sizes >>
50 50

 Number of data points >> 100

 Number of dimensions >> 24

 Number of noisy dimensions >> 0

 noisy variables >>
0

 Number of outliers >> 0

 initial eigenvalues for each cluster >> 
 (rows correspond to clusters)
3.416 4.582 9.381 8.703 7.596 4.49 6.851 1.525 6.071 2.527 3.282 8.719 4.293 8.429 4.583 5.229 6.676 1.022 1.157 5.555 4.539 7.661 8.49 8.198
7.598 8.991 7.074 3.19 7.2 4.65 6.776 1.828 2.975 2.547 6.133 6.502 6.755 3.955 2.257 7.251 5.38 9.092 5.195 8.73 9.925 7.396 6.019 9.289

 Mean vectors and covariance matrices before rotation --- 1th cluster >>

 mean vector (mu'=Q*mu)>>
-8.706 0 0 0 0 0 0 0 0 0 0 0 0 0 0 0 0 0 0 0 0 0 0 0

 covariance matrix (Sigma'=Q*Sigma*t(Q))>>

5.504 0.142 -0.349 -1.075 -0.569 0.031 -0.402 0.61 -0.195 0.281 0.503 -0.98 0.189 -0.474 0.16 -0.023 -0.101 0.019 1.275 -0.027 0.088 -0.187 -0.27 -0.907
0.142 4.548 -0.095 -0.303 -0.178 -0.005 -0.143 0.088 -0.093 0.033 0.04 -0.276 -0.016 -0.136 -0.038 -0.064 -0.037 0.003 0.191 -0.021 -0.018 -0.058 -0.077 -0.266
-0.349 -0.095 9.325 -0.194 -0.132 -0.017 -0.121 -0.027 -0.097 -0.024 -0.076 -0.176 -0.078 -0.09 -0.107 -0.099 -0.033 -0.001 -0.043 -0.027 -0.054 -0.042 -0.051 -0.181
-1.075 -0.303 -0.194 8.044 -0.443 -0.055 -0.405 -0.07 -0.319 -0.071 -0.231 -0.6 -0.248 -0.305 -0.342 -0.321 -0.11 -0.001 -0.104 -0.09 -0.172 -0.143 -0.172 -0.611
-0.569 -0.178 -0.132 -0.443 7.304 -0.032 -0.262 -0.018 -0.202 -0.032 -0.12 -0.403 -0.143 -0.204 -0.201 -0.196 -0.071 0 -0.012 -0.056 -0.101 -0.094 -0.115 -0.407
0.031 -0.005 -0.017 -0.055 -0.032 4.489 -0.026 0.017 -0.016 0.006 0.008 -0.05 -0.002 -0.025 -0.006 -0.011 -0.007 0.001 0.037 -0.004 -0.003 -0.01 -0.014 -0.048
-0.402 -0.143 -0.121 -0.405 -0.262 -0.026 6.62 0.006 -0.174 -0.017 -0.083 -0.368 -0.112 -0.186 -0.162 -0.163 -0.062 0.001 0.033 -0.047 -0.081 -0.085 -0.105 -0.369
0.61 0.088 -0.027 -0.07 -0.018 0.017 0.006 1.654 0.027 0.067 0.141 -0.064 0.086 -0.028 0.099 0.06 0.003 0.004 0.261 0.013 0.051 -0.007 -0.016 -0.048
-0.195 -0.093 -0.097 -0.319 -0.202 -0.016 -0.174 0.027 5.944 -0.001 -0.037 -0.291 -0.07 -0.146 -0.105 -0.113 -0.047 0.001 0.072 -0.033 -0.052 -0.065 -0.082 -0.288
0.281 0.033 -0.024 -0.071 -0.032 0.006 -0.017 0.067 -0.001 2.56 0.066 -0.065 0.035 -0.031 0.037 0.017 -0.004 0.002 0.138 0.003 0.019 -0.011 -0.018 -0.057
0.503 0.04 -0.076 -0.231 -0.12 0.008 -0.083 0.141 -0.037 0.066 3.402 -0.211 0.049 -0.102 0.045 0.002 -0.021 0.004 0.294 -0.004 0.024 -0.04 -0.058 -0.194
-0.98 -0.276 -0.176 -0.6 -0.403 -0.05 -0.368 -0.064 -0.291 -0.065 -0.211 8.173 -0.226 -0.278 -0.312 -0.292 -0.1 -0.001 -0.096 -0.082 -0.157 -0.13 -0.157 -0.556
0.189 -0.016 -0.078 -0.248 -0.143 -0.002 -0.112 0.086 -0.07 0.035 0.049 -0.226 4.291 -0.111 -0.018 -0.043 -0.029 0.003 0.184 -0.015 -0.008 -0.047 -0.063 -0.216
-0.474 -0.136 -0.09 -0.305 -0.204 -0.025 -0.186 -0.028 -0.146 -0.031 -0.102 -0.278 -0.111 8.288 -0.154 -0.145 -0.051 0 -0.039 -0.041 -0.078 -0.066 -0.08 -0.283
0.16 -0.038 -0.107 -0.342 -0.201 -0.006 -0.162 0.099 -0.105 0.037 0.045 -0.312 -0.018 -0.154 4.54 -0.073 -0.042 0.003 0.216 -0.024 -0.02 -0.066 -0.087 -0.3
-0.023 -0.064 -0.099 -0.321 -0.196 -0.011 -0.163 0.06 -0.113 0.017 0.002 -0.292 -0.043 -0.145 -0.073 5.138 -0.043 0.002 0.137 -0.028 -0.036 -0.064 -0.082 -0.285
-0.101 -0.037 -0.033 -0.11 -0.071 -0.007 -0.062 0.003 -0.047 -0.004 -0.021 -0.1 -0.029 -0.051 -0.042 -0.043 6.659 0 0.012 -0.013 -0.021 -0.023 -0.029 -0.1
0.019 0.003 -0.001 -0.001 0 0.001 0.001 0.004 0.001 0.002 0.004 -0.001 0.003 0 0.003 0.002 0 1.022 0.008 0 0.002 0 0 -0.001
1.275 0.191 -0.043 -0.104 -0.012 0.037 0.033 0.261 0.072 0.138 0.294 -0.096 0.184 -0.039 0.216 0.137 0.012 0.008 1.684 0.031 0.112 -0.005 -0.023 -0.063
-0.027 -0.021 -0.027 -0.09 -0.056 -0.004 -0.047 0.013 -0.033 0.003 -0.004 -0.082 -0.015 -0.041 -0.024 -0.028 -0.013 0 0.031 5.546 -0.012 -0.018 -0.023 -0.081
0.088 -0.018 -0.054 -0.172 -0.101 -0.003 -0.081 0.051 -0.052 0.019 0.024 -0.157 -0.008 -0.078 -0.02 -0.036 -0.021 0.002 0.112 -0.012 4.529 -0.033 -0.044 -0.151
-0.187 -0.058 -0.042 -0.143 -0.094 -0.01 -0.085 -0.007 -0.065 -0.011 -0.04 -0.13 -0.047 -0.066 -0.066 -0.064 -0.023 0 -0.005 -0.018 -0.033 7.631 -0.037 -0.132
-0.27 -0.077 -0.051 -0.172 -0.115 -0.014 -0.105 -0.016 -0.082 -0.018 -0.058 -0.157 -0.063 -0.08 -0.087 -0.082 -0.029 0 -0.023 -0.023 -0.044 -0.037 8.445 -0.159
-0.907 -0.266 -0.181 -0.611 -0.407 -0.048 -0.369 -0.048 -0.288 -0.057 -0.194 -0.556 -0.216 -0.283 -0.3 -0.285 -0.1 -0.001 -0.063 -0.081 -0.151 -0.132 -0.159 7.634

 Mean vectors and covariance matrices before rotation --- 2th cluster >>

 mean vector (mu'=Q*mu)>>
8.706 0 0 0 0 0 0 0 0 0 0 0 0 0 0 0 0 0 0 0 0 0 0 0

 covariance matrix (Sigma'=Q*Sigma*t(Q))>>

5.827 -0.251 -0.185 0.579 -0.371 0.415 -0.019 1.109 0.085 0.431 -0.013 -0.143 -0.005 0.482 0.913 -0.007 0.185 -0.668 0.201 -0.155 -1.181 -0.236 -0.004 -0.5
-0.251 8.963 -0.032 0.022 -0.061 -0.001 -0.004 0.056 0.003 0.019 -0.011 -0.041 -0.001 0.012 0.043 -0.001 -0.017 -0.073 -0.011 -0.018 -0.121 -0.036 -0.03 -0.054
-0.185 -0.032 7.059 0.107 -0.032 0.089 -0.001 0.194 0.016 0.077 0.006 0.001 0 0.094 0.162 -0.001 0.053 -0.086 0.051 -0.019 -0.159 -0.023 0.023 -0.065
0.579 0.022 0.107 3.465 0.185 0.326 0.016 0.421 0.039 0.181 0.078 0.208 0.004 0.28 0.367 0.003 0.275 0.053 0.239 0.018 0.027 0.095 0.233 0.032
-0.371 -0.061 -0.032 0.185 7.131 0.15 -0.003 0.34 0.027 0.135 0.007 -0.008 -0.001 0.161 0.282 -0.001 0.085 -0.163 0.084 -0.037 -0.297 -0.047 0.031 -0.123
0.415 -0.001 0.089 0.326 0.15 5.012 0.015 0.52 0.046 0.22 0.077 0.194 0.004 0.323 0.448 0.002 0.291 -0.008 0.256 0.004 -0.081 0.073 0.232 -0.014
-0.019 -0.004 -0.001 0.016 -0.003 0.015 6.776 0.029 0.002 0.012 0.002 0.002 0 0.015 0.024 0 0.009 -0.011 0.009 -0.002 -0.02 -0.002 0.005 -0.008
1.109 0.056 0.194 0.421 0.34 0.52 0.029 2.458 0.059 0.275 0.133 0.361 0.008 0.438 0.553 0.006 0.451 0.139 0.389 0.041 0.133 0.178 0.394 0.09
0.085 0.003 0.016 0.039 0.027 0.046 0.002 0.059 2.981 0.026 0.011 0.03 0.001 0.04 0.052 0 0.039 0.008 0.034 0.003 0.005 0.014 0.034 0.005
0.431 0.019 0.077 0.181 0.135 0.22 0.012 0.275 0.026 2.666 0.055 0.147 0.003 0.187 0.24 0.002 0.188 0.048 0.163 0.015 0.038 0.07 0.162 0.03
-0.013 -0.011 0.006 0.078 0.007 0.077 0.002 0.133 0.011 0.055 6.145 0.025 0 0.073 0.113 0 0.055 -0.031 0.05 -0.006 -0.066 0.001 0.037 -0.025
-0.143 -0.041 0.001 0.208 -0.008 0.194 0.002 0.361 0.03 0.147 0.025 6.546 0.001 0.191 0.304 0 0.131 -0.111 0.122 -0.024 -0.22 -0.013 0.08 -0.086
-0.005 -0.001 0 0.004 -0.001 0.004 0 0.008 0.001 0.003 0 0.001 6.755 0.004 0.007 0 0.003 -0.003 0.002 -0.001 -0.005 -0.001 0.001 -0.002
0.482 0.012 0.094 0.28 0.161 0.323 0.015 0.438 0.04 0.187 0.073 0.191 0.004 4.237 0.38 0.003 0.266 0.025 0.233 0.011 -0.018 0.081 0.22 0.012
0.913 0.043 0.162 0.367 0.282 0.448 0.024 0.553 0.052 0.24 0.113 0.304 0.007 0.38 2.741 0.005 0.386 0.107 0.334 0.033 0.094 0.147 0.335 0.069
-0.007 -0.001 -0.001 0.003 -0.001 0.002 0 0.006 0 0.002 0 0 0 0.003 0.005 7.251 0.001 -0.003 0.001 -0.001 -0.005 -0.001 0 -0.002
0.185 -0.017 0.053 0.275 0.085 0.291 0.009 0.451 0.039 0.188 0.055 0.131 0.003 0.266 0.386 0.001 5.604 -0.05 0.2 -0.008 -0.136 0.037 0.168 -0.043
-0.668 -0.073 -0.086 0.053 -0.163 -0.008 -0.011 0.139 0.008 0.048 -0.031 -0.111 -0.003 0.025 0.107 -0.003 -0.05 8.9 -0.033 -0.047 -0.317 -0.095 -0.084 -0.141
0.201 -0.011 0.051 0.239 0.084 0.256 0.009 0.389 0.034 0.163 0.05 0.122 0.002 0.233 0.334 0.001 0.2 -0.033 5.373 -0.004 -0.102 0.038 0.153 -0.03
-0.155 -0.018 -0.019 0.018 -0.037 0.004 -0.002 0.041 0.003 0.015 -0.006 -0.024 -0.001 0.011 0.033 -0.001 -0.008 -0.047 -0.004 8.718 -0.078 -0.022 -0.017 -0.034
-1.181 -0.121 -0.159 0.027 -0.297 -0.081 -0.02 0.133 0.005 0.038 -0.066 -0.22 -0.005 -0.018 0.094 -0.005 -0.136 -0.317 -0.102 -0.078 9.415 -0.171 -0.182 -0.232
-0.236 -0.036 -0.023 0.095 -0.047 0.073 -0.002 0.178 0.014 0.07 0.001 -0.013 -0.001 0.081 0.147 -0.001 0.037 -0.095 0.038 -0.022 -0.171 7.365 0.008 -0.072
-0.004 -0.03 0.023 0.233 0.031 0.232 0.005 0.394 0.034 0.162 0.037 0.08 0.001 0.22 0.335 0 0.168 -0.084 0.153 -0.017 -0.182 0.008 6.135 -0.067
-0.5 -0.054 -0.065 0.032 -0.123 -0.014 -0.008 0.09 0.005 0.03 -0.025 -0.086 -0.002 0.012 0.069 -0.002 -0.043 -0.141 -0.03 -0.034 -0.232 -0.072 -0.067 9.185

 Final eigenvalues for each cluster >> 
 (rows correspond to clusters)
9.381 8.719 8.703 8.49 8.429 8.198 7.661 7.596 6.851 6.676 6.071 5.555 5.229 4.583 4.582 4.539 4.49 4.293 3.416 3.282 2.527 1.525 1.157 1.022
9.925 9.289 9.092 8.991 8.73 7.598 7.396 7.251 7.2 7.074 6.776 6.755 6.502 6.133 6.019 5.38 5.195 4.65 3.955 3.19 2.975 2.547 2.257 1.828

 *************************************************

 ********************* rotation ******************

 *************************************************


 The orthogonal matrix Q >>
0.289 0.045 0.218 0.18 0.052 0.317 0.299 0.075 0.108 0.078 0.196 0.212 0.14 0.091 0.276 0.204 0.179 0.037 0.273 0.026 0.226 0.272 0.25 0.305
0.045 -0.998 0.008 0.006 0.002 0.011 0.011 0.003 0.004 0.003 0.007 0.007 0.005 0.003 0.01 0.007 0.006 0.001 0.01 0.001 0.008 0.01 0.009 0.011
0.218 0.008 -0.963 0.03 0.009 0.054 0.051 0.013 0.018 0.013 0.033 0.036 0.024 0.015 0.047 0.034 0.03 0.006 0.046 0.004 0.038 0.046 0.042 0.052
0.18 0.006 0.03 -0.975 0.007 0.044 0.042 0.011 0.015 0.011 0.027 0.03 0.02 0.013 0.039 0.029 0.025 0.005 0.038 0.004 0.032 0.038 0.035 0.043
0.052 0.002 0.009 0.007 -0.998 0.013 0.012 0.003 0.004 0.003 0.008 0.009 0.006 0.004 0.011 0.008 0.007 0.002 0.011 0.001 0.009 0.011 0.01 0.012
0.317 0.011 0.054 0.044 0.013 -0.922 0.074 0.018 0.026 0.019 0.048 0.052 0.034 0.022 0.068 0.05 0.044 0.009 0.067 0.006 0.056 0.067 0.062 0.075
0.299 0.011 0.051 0.042 0.012 0.074 -0.93 0.017 0.025 0.018 0.046 0.049 0.032 0.021 0.064 0.047 0.042 0.009 0.063 0.006 0.052 0.063 0.058 0.071
0.075 0.003 0.013 0.011 0.003 0.018 0.017 -0.996 0.006 0.005 0.011 0.012 0.008 0.005 0.016 0.012 0.01 0.002 0.016 0.002 0.013 0.016 0.015 0.018
0.108 0.004 0.018 0.015 0.004 0.026 0.025 0.006 -0.991 0.006 0.016 0.018 0.012 0.008 0.023 0.017 0.015 0.003 0.023 0.002 0.019 0.023 0.021 0.025
0.078 0.003 0.013 0.011 0.003 0.019 0.018 0.005 0.006 -0.995 0.012 0.013 0.008 0.005 0.017 0.012 0.011 0.002 0.016 0.002 0.014 0.016 0.015 0.018
0.196 0.007 0.033 0.027 0.008 0.048 0.046 0.011 0.016 0.012 -0.97 0.032 0.021 0.014 0.042 0.031 0.027 0.006 0.041 0.004 0.034 0.041 0.038 0.046
0.212 0.007 0.036 0.03 0.009 0.052 0.049 0.012 0.018 0.013 0.032 -0.965 0.023 0.015 0.045 0.034 0.03 0.006 0.045 0.004 0.037 0.045 0.041 0.05
0.14 0.005 0.024 0.02 0.006 0.034 0.032 0.008 0.012 0.008 0.021 0.023 -0.985 0.01 0.03 0.022 0.019 0.004 0.03 0.003 0.024 0.029 0.027 0.033
0.091 0.003 0.015 0.013 0.004 0.022 0.021 0.005 0.008 0.005 0.014 0.015 0.01 -0.994 0.02 0.014 0.013 0.003 0.019 0.002 0.016 0.019 0.018 0.022
0.276 0.01 0.047 0.039 0.011 0.068 0.064 0.016 0.023 0.017 0.042 0.045 0.03 0.02 -0.941 0.044 0.038 0.008 0.058 0.006 0.048 0.058 0.054 0.065
0.204 0.007 0.034 0.029 0.008 0.05 0.047 0.012 0.017 0.012 0.031 0.034 0.022 0.014 0.044 -0.968 0.028 0.006 0.043 0.004 0.036 0.043 0.04 0.048
0.179 0.006 0.03 0.025 0.007 0.044 0.042 0.01 0.015 0.011 0.027 0.03 0.019 0.013 0.038 0.028 -0.975 0.005 0.038 0.004 0.031 0.038 0.035 0.042
0.037 0.001 0.006 0.005 0.002 0.009 0.009 0.002 0.003 0.002 0.006 0.006 0.004 0.003 0.008 0.006 0.005 -0.999 0.008 0.001 0.007 0.008 0.007 0.009
0.273 0.01 0.046 0.038 0.011 0.067 0.063 0.016 0.023 0.016 0.041 0.045 0.03 0.019 0.058 0.043 0.038 0.008 -0.942 0.006 0.048 0.057 0.053 0.065
0.026 0.001 0.004 0.004 0.001 0.006 0.006 0.002 0.002 0.002 0.004 0.004 0.003 0.002 0.006 0.004 0.004 0.001 0.006 -0.999 0.005 0.005 0.005 0.006
0.226 0.008 0.038 0.032 0.009 0.056 0.052 0.013 0.019 0.014 0.034 0.037 0.024 0.016 0.048 0.036 0.031 0.007 0.048 0.005 -0.961 0.048 0.044 0.053
0.272 0.01 0.046 0.038 0.011 0.067 0.063 0.016 0.023 0.016 0.041 0.045 0.029 0.019 0.058 0.043 0.038 0.008 0.057 0.005 0.048 -0.943 0.053 0.064
0.25 0.009 0.042 0.035 0.01 0.062 0.058 0.015 0.021 0.015 0.038 0.041 0.027 0.018 0.054 0.04 0.035 0.007 0.053 0.005 0.044 0.053 -0.951 0.059
0.305 0.011 0.052 0.043 0.012 0.075 0.071 0.018 0.025 0.018 0.046 0.05 0.033 0.022 0.065 0.048 0.042 0.009 0.065 0.006 0.053 0.064 0.059 -0.928

 Mean vectors and covariance matrices after rotation --- 1th cluster >>

 mean vector (mu'=Q*mu)>>
-2.178 -1.218 -2.763 -1.559 -2.403 -1.85 -0.936 -0.394 -0.453 -2.514 -0.794 -1.775 -0.675 -0.654 -2.373 -1.964 -2.365 -1.897 -2.659 -0.325 -2.607 -1.571 -0.227 -1.708

 covariance matrix (Sigma'=Q*Sigma*t(Q))>>

8.32 -0.094 -0.081 -0.087 -0.128 0.068 -0.006 -0.066 0.122 -0.712 0.05 -0.078 -0.079 -0.169 -0.29 -0.086 -0.173 -0.151 -0.021 0.011 -0.09 0.13 -0.006 -0.164
-0.094 4.296 0.01 -0.034 0.003 -0.067 -0.01 -0.002 -0.002 0.143 -0.025 -0.009 0.012 0.012 0.077 0.004 -0.08 -0.1 -0.091 0.015 -0.057 -0.051 -0.002 0.02
-0.081 0.01 4.519 -0.016 0.042 0.312 0.12 0.025 0.288 -0.062 0.172 0.069 -0.043 -0.149 -0.203 0.026 -0.084 -0.065 0.238 0.028 0.102 0.394 0.028 -0.055
-0.087 -0.034 -0.016 6.639 -0.038 0.086 0.021 -0.024 0.105 -0.26 0.053 -0.015 -0.038 -0.097 -0.146 -0.023 -0.087 -0.078 0.036 0.013 -0.015 0.128 0.003 -0.073
-0.128 0.003 0.042 -0.038 4.602 0.018 0.021 -0.008 0.08 0.171 0.024 0.011 0 -0.04 0.027 0.021 -0.11 -0.133 -0.03 0.03 -0.029 0.061 0.005 0.003
0.068 -0.067 0.312 0.086 0.018 8.645 -0.084 -0.206 -0.133 0.347 -0.048 -0.019 -0.015 -0.094 0.038 0.106 0.114 0.026 -0.035 0.058 0.04 -0.105 -0.033 -0.042
-0.006 -0.01 0.12 0.021 0.021 -0.084 6.033 -0.064 -0.073 0.285 -0.043 -0.005 0.013 0.001 0.099 0.047 0.017 -0.027 -0.071 0.025 -0.012 -0.096 -0.012 0.019
-0.066 -0.002 0.025 -0.024 -0.008 -0.206 -0.064 4.556 -0.128 0.236 -0.101 -0.036 0.032 0.07 0.18 0.005 -0.046 -0.083 -0.2 0.01 -0.1 -0.224 -0.015 0.047
0.122 -0.002 0.288 0.105 0.08 -0.133 -0.073 -0.128 7.408 0.694 -0.082 0.02 0.037 0.029 0.219 0.128 0.163 0.077 -0.057 0.042 0.056 -0.191 -0.025 0.064
-0.712 0.143 -0.062 -0.26 0.171 0.347 0.285 0.236 0.694 4.262 0.265 0.164 0.028 -0.114 0.118 0.055 -0.667 -0.691 0.049 0.106 -0.084 0.626 0.084 0.113
0.05 -0.025 0.172 0.053 0.024 -0.048 -0.043 -0.101 -0.082 0.265 8.398 -0.001 0.001 -0.031 0.054 0.065 0.074 0.026 -0.019 0.03 0.029 -0.069 -0.016 -0.003
-0.078 -0.009 0.069 -0.015 0.011 -0.019 -0.005 -0.036 0.02 0.164 -0.001 5.228 0 -0.032 0.035 0.026 -0.059 -0.088 -0.044 0.027 -0.024 0.002 -0.003 -0.001
-0.079 0.012 -0.043 -0.038 0 -0.015 0.013 0.032 0.037 0.028 0.001 0 2.534 0.013 0.031 -0.014 -0.077 -0.075 -0.042 0.002 -0.039 0.006 0.006 0.015
-0.169 0.012 -0.149 -0.097 -0.04 -0.094 0.001 0.07 0.029 -0.114 -0.031 -0.032 0.013 1.574 0.056 -0.065 -0.172 -0.157 -0.147 -0.01 -0.127 -0.062 0.006 0.019
-0.29 0.077 -0.203 -0.146 0.027 0.038 0.099 0.18 0.219 0.118 0.054 0.035 0.031 0.056 1.25 -0.052 -0.295 -0.267 -0.073 0 -0.107 0.13 0.036 0.076
-0.086 0.004 0.026 -0.023 0.021 0.106 0.047 0.005 0.128 0.055 0.065 0.026 -0.014 -0.065 -0.052 4.556 -0.078 -0.083 0.06 0.022 0.017 0.151 0.011 -0.016
-0.173 -0.08 -0.084 -0.087 -0.11 0.114 0.017 -0.046 0.163 -0.667 0.074 -0.059 -0.077 -0.172 -0.295 -0.078 7.484 -0.151 0.018 0.012 -0.069 0.185 0.001 -0.155
-0.151 -0.1 -0.065 -0.078 -0.133 0.026 -0.027 -0.083 0.077 -0.691 0.026 -0.088 -0.075 -0.157 -0.267 -0.083 -0.151 9.245 -0.05 0.01 -0.098 0.075 -0.011 -0.162
-0.021 -0.091 0.238 0.036 -0.03 -0.035 -0.071 -0.2 -0.057 0.049 -0.019 -0.044 -0.042 -0.147 -0.073 0.06 0.018 -0.05 8.157 0.056 -0.004 -0.033 -0.029 -0.096
0.011 0.015 0.028 0.013 0.03 0.058 0.025 0.01 0.042 0.106 0.03 0.027 0.002 -0.01 0 0.022 0.012 0.01 0.056 1.028 0.038 0.065 0.006 0.012
-0.09 -0.057 0.102 -0.015 -0.029 0.04 -0.012 -0.1 0.056 -0.084 0.029 -0.024 -0.039 -0.127 -0.107 0.017 -0.069 -0.098 -0.004 0.038 6.834 0.075 -0.009 -0.081
0.13 -0.051 0.394 0.128 0.061 -0.105 -0.096 -0.224 -0.191 0.626 -0.069 0.002 0.006 -0.062 0.13 0.151 0.185 0.075 -0.033 0.065 0.075 8.544 -0.037 0
-0.006 -0.002 0.028 0.003 0.005 -0.033 -0.012 -0.015 -0.025 0.084 -0.016 -0.003 0.006 0.006 0.036 0.011 0.001 -0.011 -0.029 0.006 -0.009 -0.037 5.551 0.009
-0.164 0.02 -0.055 -0.073 0.003 -0.042 0.019 0.047 0.064 0.113 -0.003 -0.001 0.015 0.019 0.076 -0.016 -0.155 -0.162 -0.096 0.012 -0.081 0 0.009 3.313

 Mean vectors and covariance matrices after rotation --- 2th cluster >>

 mean vector (mu'=Q*mu)>>
2.178 1.218 2.763 1.559 2.403 1.85 0.936 0.394 0.453 2.514 0.794 1.775 0.675 0.654 2.373 1.964 2.365 1.897 2.659 0.325 2.607 1.571 0.227 1.708

 covariance matrix (Sigma'=Q*Sigma*t(Q))>>

6.046 -0.031 0.056 0.034 0.104 0.028 0.048 0.016 0.084 -0.097 0.008 -0.066 0.013 -0.039 0.036 0.009 -0.038 -0.011 -0.132 0.096 -0.065 0.045 0.013 -0.004
-0.031 6.747 -0.072 -0.06 -0.104 -0.014 0.016 0.028 0.033 0.031 -0.108 -0.023 -0.075 -0.229 -0.044 0.117 -0.008 -0.004 -0.018 0.1 -0.019 -0.088 0.018 -0.009
0.056 -0.072 4.709 0.075 0.086 0.074 0.037 0.046 0.204 -0.029 0.032 -0.133 0.011 -0.049 0.04 0.105 -0.055 -0.009 -0.174 0.211 -0.15 0.042 0.035 -0.024
0.034 -0.06 0.075 5.457 0.143 0.034 0.019 0.003 0.108 -0.247 0.089 -0.104 0.059 0.12 0.039 -0.063 -0.073 -0.033 -0.177 0.068 -0.126 0.09 0.007 -0.03
0.104 -0.104 0.086 0.143 2.34 0.134 0.01 0.07 0.313 0.123 0.098 -0.177 0.034 0.035 0.06 0.185 -0.049 0.008 -0.166 0.285 -0.212 0.064 0.052 -0.036
0.028 -0.014 0.074 0.034 0.134 6.522 0.052 0.003 0.042 -0.102 0.02 -0.037 0.027 0 0.049 -0.036 -0.027 -0.007 -0.113 0.045 -0.029 0.065 0.004 0.009
0.048 0.016 0.037 0.019 0.01 0.052 3.009 0.033 0.061 0.315 -0.032 0.015 -0.022 -0.111 0.041 0.135 0.051 0.047 0.041 0.094 0.035 -0.004 0.021 0.035
0.016 0.028 0.046 0.003 0.07 0.003 0.033 8.983 -0.038 0.053 -0.004 0.038 0.012 -0.004 0.036 -0.03 0.024 0.016 0.01 -0.031 0.058 0.033 -0.006 0.03
0.084 0.033 0.204 0.108 0.313 0.042 0.061 -0.038 7.156 -0.022 0.143 0.043 0.126 0.271 0.137 -0.193 0.021 0.023 -0.049 -0.115 0.069 0.197 -0.023 0.055
-0.097 0.031 -0.029 -0.247 0.123 -0.102 0.315 0.053 -0.022 7.213 -0.476 -0.052 -0.227 -1.015 -0.004 0.13 -0.082 -0.045 -0.395 0.313 0.055 -0.126 0.038 0.063
0.008 -0.108 0.032 0.089 0.098 0.02 -0.032 -0.004 0.143 -0.476 4.095 -0.167 0.077 0.227 -0.005 -0.109 -0.131 -0.075 -0.231 0.064 -0.225 0.083 0.003 -0.082
-0.066 -0.023 -0.133 -0.104 -0.177 -0.037 0.015 0.038 0.043 -0.052 -0.167 7.202 -0.118 -0.346 -0.087 0.156 -0.032 -0.023 -0.048 0.145 -0.05 -0.145 0.025 -0.028
0.013 -0.075 0.011 0.059 0.034 0.027 -0.022 0.012 0.126 -0.227 0.077 -0.118 2.582 0.104 -0.006 -0.013 -0.077 -0.04 -0.139 0.085 -0.156 0.035 0.011 -0.054
-0.039 -0.229 -0.049 0.12 0.035 0 -0.111 -0.004 0.271 -1.015 0.227 -0.346 0.104 2.206 -0.089 -0.176 -0.278 -0.171 -0.426 0.132 -0.479 0.072 0.008 -0.198
0.036 -0.044 0.04 0.039 0.06 0.049 0.041 0.036 0.137 -0.004 -0.005 -0.087 -0.006 -0.089 5.224 0.088 -0.034 -0.003 -0.126 0.16 -0.091 0.02 0.027 -0.01
0.009 0.117 0.105 -0.063 0.185 -0.036 0.135 -0.03 -0.193 0.13 -0.109 0.156 -0.013 -0.176 0.088 9.832 0.081 0.046 0.04 -0.115 0.241 0.053 -0.023 0.11
-0.038 -0.008 -0.055 -0.073 -0.049 -0.027 0.051 0.024 0.021 -0.082 -0.131 -0.032 -0.077 -0.278 -0.034 0.081 7.368 -0.017 -0.082 0.108 -0.019 -0.073 0.016 -0.004
-0.011 -0.004 -0.009 -0.033 0.008 -0.007 0.047 0.016 0.023 -0.045 -0.075 -0.023 -0.04 -0.171 -0.003 0.046 -0.017 7.067 -0.07 0.077 -0.01 -0.026 0.011 0.004
-0.132 -0.018 -0.174 -0.177 -0.166 -0.113 0.041 0.01 -0.049 -0.395 -0.231 -0.048 -0.139 -0.426 -0.126 0.04 -0.082 -0.07 9.157 0.084 -0.043 -0.167 0.007 -0.041
0.096 0.1 0.211 0.068 0.285 0.045 0.094 -0.031 -0.115 0.313 0.064 0.145 0.085 0.132 0.16 -0.115 0.108 0.077 0.084 8.955 0.21 0.164 -0.022 0.114
-0.065 -0.019 -0.15 -0.126 -0.212 -0.029 0.035 0.058 0.069 0.055 -0.225 -0.05 -0.156 -0.479 -0.091 0.241 -0.019 -0.01 -0.043 0.21 6.736 -0.182 0.037 -0.019
0.045 -0.088 0.042 0.09 0.064 0.065 -0.004 0.033 0.197 -0.126 0.083 -0.145 0.035 0.072 0.02 0.053 -0.073 -0.026 -0.167 0.164 -0.182 3.24 0.027 -0.048
0.013 0.018 0.035 0.007 0.052 0.004 0.021 -0.006 -0.023 0.038 0.003 0.025 0.011 0.008 0.027 -0.023 0.016 0.011 0.007 -0.022 0.037 0.027 8.726 0.02
-0.004 -0.009 -0.024 -0.03 -0.036 0.009 0.035 0.03 0.055 0.063 -0.082 -0.028 -0.054 -0.198 -0.01 0.11 -0.004 0.004 -0.041 0.114 -0.019 -0.048 0.02 6.136

 Final eigenvalues for each cluster >> 
 (rows correspond to clusters)
9.381 8.719 8.703 8.49 8.429 8.198 7.661 7.596 6.851 6.676 6.071 5.555 5.229 4.583 4.582 4.539 4.49 4.293 3.416 3.282 2.527 1.525 1.157 1.022
9.925 9.289 9.092 8.991 8.73 7.598 7.396 7.251 7.2 7.074 6.776 6.755 6.502 6.133 6.019 5.38 5.195 4.65 3.955 3.19 2.975 2.547 2.257 1.828

 theoretical Separation index matrix >>

-1 0.34
0.34 -1

 theoretical projection directions >>

**** cluster 1 and 2
0.193 0.128 0.304 0.148 0.331 0.102 0.069 0.018 -0.034 0.285 0.061 0.17 0.162 0.427 0.4 0.12 0.211 0.159 0.189 -0.037 0.231 0.095 0.007 0.199

 empirical Separation index matrix (alpha= 0.05 )>>

-1 0.429
0.429 -1

 empirical projection directions >>

**** cluster 1 and 2
0.282 0.104 0.383 0.212 0.268 -0.009 0.03 -0.009 -0.166 0.331 0.084 0.172 -0.026 0.41 0.421 0.018 0.181 0.066 0.137 -0.082 0.202 0.051 -0.091 0.099
