
 Log information for the data set datasetJHG2v22nv3out0_1.dat >>

 alpha = 0.05 sepVal = 0.34

 Number of clusters >> 2

 cluster sizes >>
50 50

 Number of data points >> 100

 Number of dimensions >> 25

 Number of noisy dimensions >> 3

 noisy variables >>
10 13 23

 Number of outliers >> 0

 initial eigenvalues for each cluster >> 
 (rows correspond to clusters)
8.747 5.405 2.847 2.272 8.617 3.603 6.752 8.021 7.799 8.578 1.238 9.335 3.539 9.016 9.22 2.675 4.809 3.827 9.52 5.768 4.46 4.194
7.576 3.901 2.779 5.458 8.082 5.428 5.564 8.381 4.568 5.454 8.514 3.915 8.822 8.691 5.136 9.325 1.897 5.741 6.177 3.98 2.508 6.426

 Mean vectors and covariance matrices before rotation --- 1th cluster >>

 mean vector (mu'=Q*mu)>>
-9.376 0 0 0 0 0 0 0 0 0 0 0 0 0 0 0 0 0 0 0 0 0 0 0 0

 covariance matrix (Sigma'=Q*Sigma*t(Q))>>

6.056 0.303 1.149 0.5 -0.309 0.185 0.003 -0.235 -0.122 -0.539 0.452 -0.065 0.257 -0.136 -0.075 0.777 0.443 0.979 -0.817 0.122 0.809 0.456 0 0 0
0.303 5.577 0.35 0.143 0.041 0.062 0.157 0.064 0.045 0.075 0.119 0.003 0.086 0.011 0.004 0.232 0.197 0.344 0.029 0.087 0.326 0.173 0 0 0
1.149 0.35 3.471 0.25 0.146 0.114 0.365 0.188 0.124 0.262 0.202 0.018 0.157 0.048 0.023 0.41 0.385 0.637 0.202 0.183 0.624 0.325 0 0 0
0.5 0.143 0.25 2.373 0.063 0.046 0.152 0.08 0.053 0.114 0.081 0.008 0.064 0.021 0.01 0.165 0.157 0.258 0.091 0.075 0.253 0.132 0 0 0
-0.309 0.041 0.146 0.063 8.582 0.024 0.005 -0.026 -0.013 -0.061 0.057 -0.008 0.033 -0.016 -0.009 0.098 0.058 0.125 -0.096 0.017 0.105 0.059 0 0 0
0.185 0.062 0.114 0.046 0.024 3.624 0.063 0.031 0.021 0.043 0.038 0.003 0.029 0.008 0.004 0.076 0.069 0.116 0.03 0.032 0.113 0.059 0 0 0
0.003 0.157 0.365 0.152 0.005 0.063 6.873 0.029 0.024 0.011 0.129 -0.003 0.087 -0.003 -0.003 0.243 0.188 0.346 -0.047 0.077 0.318 0.17 0 0 0
-0.235 0.064 0.188 0.08 -0.026 0.031 0.029 8.007 -0.005 -0.045 0.071 -0.006 0.043 -0.013 -0.007 0.126 0.084 0.168 -0.083 0.029 0.147 0.081 0 0 0
-0.122 0.045 0.124 0.053 -0.013 0.021 0.024 -0.005 7.798 -0.022 0.046 -0.004 0.029 -0.007 -0.004 0.083 0.057 0.112 -0.046 0.021 0.099 0.054 0 0 0
-0.539 0.075 0.262 0.114 -0.061 0.043 0.011 -0.045 -0.022 8.471 0.102 -0.013 0.059 -0.028 -0.015 0.177 0.105 0.227 -0.168 0.031 0.19 0.106 0 0 0
0.452 0.119 0.202 0.081 0.057 0.038 0.129 0.071 0.046 0.102 1.302 0.008 0.052 0.019 0.009 0.133 0.129 0.21 0.085 0.063 0.208 0.108 0 0 0
-0.065 0.003 0.018 0.008 -0.008 0.003 -0.003 -0.006 -0.004 -0.013 0.008 9.333 0.004 -0.003 -0.002 0.012 0.006 0.015 -0.019 0.001 0.011 0.007 0 0 0
0.257 0.086 0.157 0.064 0.033 0.029 0.087 0.043 0.029 0.059 0.052 0.004 3.579 0.01 0.005 0.104 0.095 0.16 0.043 0.045 0.155 0.081 0 0 0
-0.136 0.011 0.048 0.021 -0.016 0.008 -0.003 -0.013 -0.007 -0.028 0.019 -0.003 0.01 9.009 -0.004 0.032 0.017 0.04 -0.04 0.004 0.032 0.018 0 0 0
-0.075 0.004 0.023 0.01 -0.009 0.004 -0.003 -0.007 -0.004 -0.015 0.009 -0.002 0.005 -0.004 9.218 0.015 0.008 0.019 -0.022 0.001 0.015 0.008 0 0 0
0.777 0.232 0.41 0.165 0.098 0.076 0.243 0.126 0.083 0.177 0.133 0.012 0.104 0.032 0.015 2.945 0.255 0.42 0.138 0.121 0.412 0.215 0 0 0
0.443 0.197 0.385 0.157 0.058 0.069 0.188 0.084 0.057 0.105 0.129 0.006 0.095 0.017 0.008 0.255 5.032 0.383 0.059 0.101 0.367 0.193 0 0 0
0.979 0.344 0.637 0.258 0.125 0.116 0.346 0.168 0.112 0.227 0.21 0.015 0.16 0.04 0.019 0.42 0.383 4.471 0.158 0.178 0.624 0.327 0 0 0
-0.817 0.029 0.202 0.091 -0.096 0.03 -0.047 -0.083 -0.046 -0.168 0.085 -0.019 0.043 -0.04 -0.022 0.138 0.059 0.158 9.291 0.006 0.118 0.07 0 0 0
0.122 0.087 0.183 0.075 0.017 0.032 0.077 0.029 0.021 0.031 0.063 0.001 0.045 0.004 0.001 0.121 0.101 0.178 0.006 5.812 0.168 0.089 0 0 0
0.809 0.326 0.624 0.253 0.105 0.113 0.318 0.147 0.099 0.19 0.208 0.011 0.155 0.032 0.015 0.412 0.367 0.624 0.118 0.168 5.06 0.315 0 0 0
0.456 0.173 0.325 0.132 0.059 0.059 0.17 0.081 0.054 0.106 0.108 0.007 0.081 0.018 0.008 0.215 0.193 0.327 0.07 0.089 0.315 4.36 0 0 0
0 0 0 0 0 0 0 0 0 0 0 0 0 0 0 0 0 0 0 0 0 0 6.811 2.065 0.633
0 0 0 0 0 0 0 0 0 0 0 0 0 0 0 0 0 0 0 0 0 0 2.065 8.901 2.744
0 0 0 0 0 0 0 0 0 0 0 0 0 0 0 0 0 0 0 0 0 0 0.633 2.744 9.132

 Mean vectors and covariance matrices before rotation --- 2th cluster >>

 mean vector (mu'=Q*mu)>>
9.376 0 0 0 0 0 0 0 0 0 0 0 0 0 0 0 0 0 0 0 0 0 0 0 0

 covariance matrix (Sigma'=Q*Sigma*t(Q))>>

6.404 0.026 1.283 0.3 -0.134 0.227 0.267 -0.153 0.028 0.032 -0.579 0.245 -0.793 -0.553 0.382 -1.02 0.816 0.096 0.091 0.187 0.114 0.001 0 0 0
0.026 3.901 0.025 0.014 0.002 0.01 0.013 0.001 0.001 0.001 0.004 0.006 0.004 0.003 0.014 0.003 0.014 0.006 0.012 0.005 0.002 0.001 0 0 0
1.283 0.025 3.762 0.578 0.087 0.427 0.565 0.076 0.033 0.061 0.257 0.235 0.272 0.211 0.588 0.229 0.557 0.246 0.546 0.183 0.084 0.043 0 0 0
0.3 0.014 0.578 5.725 0.012 0.198 0.257 0.004 0.017 0.028 0.005 0.128 -0.024 -0.008 0.284 -0.076 0.342 0.109 0.222 0.099 0.05 0.017 0 0 0
-0.134 0.002 0.087 0.012 8.068 0.009 0.009 -0.015 0.002 0.001 -0.057 0.015 -0.076 -0.053 0.018 -0.094 0.057 0.002 -0.006 0.012 0.008 -0.001 0 0 0
0.227 0.01 0.427 0.198 0.009 5.576 0.191 0.004 0.012 0.021 0.005 0.095 -0.015 -0.004 0.211 -0.054 0.253 0.081 0.165 0.074 0.037 0.012 0 0 0
0.267 0.013 0.565 0.257 0.009 0.191 5.811 0.002 0.016 0.027 -0.004 0.125 -0.034 -0.016 0.274 -0.087 0.335 0.104 0.211 0.097 0.049 0.016 0 0 0
-0.153 0.001 0.076 0.004 -0.015 0.004 0.002 8.364 0.001 0 -0.061 0.013 -0.081 -0.057 0.011 -0.099 0.051 -0.001 -0.013 0.01 0.007 -0.002 0 0 0
0.028 0.001 0.033 0.017 0.002 0.012 0.016 0.001 4.569 0.002 0.004 0.007 0.003 0.003 0.017 0.001 0.019 0.007 0.015 0.006 0.003 0.001 0 0 0
0.032 0.001 0.061 0.028 0.001 0.021 0.027 0 0.002 5.457 0.001 0.014 -0.002 -0.001 0.03 -0.008 0.036 0.012 0.023 0.011 0.005 0.002 0 0 0
-0.579 0.004 0.257 0.005 -0.057 0.005 -0.004 -0.061 0.004 0.001 8.287 0.042 -0.298 -0.211 0.03 -0.364 0.174 -0.008 -0.057 0.031 0.023 -0.007 0 0 0
0.245 0.006 0.235 0.128 0.015 0.095 0.125 0.013 0.007 0.014 0.042 3.97 0.04 0.032 0.132 0.026 0.135 0.054 0.117 0.043 0.02 0.009 0 0 0
-0.793 0.004 0.272 -0.024 -0.076 -0.015 -0.034 -0.081 0.003 -0.002 -0.298 0.04 8.434 -0.276 0.007 -0.469 0.19 -0.023 -0.1 0.03 0.025 -0.01 0 0 0
-0.553 0.003 0.211 -0.008 -0.053 -0.004 -0.016 -0.057 0.003 -0.001 -0.211 0.032 -0.276 8.496 0.014 -0.335 0.146 -0.013 -0.064 0.024 0.019 -0.007 0 0 0
0.382 0.014 0.588 0.284 0.018 0.211 0.274 0.011 0.017 0.03 0.03 0.132 0.007 0.014 5.436 -0.042 0.345 0.117 0.242 0.102 0.051 0.018 0 0 0
-1.02 0.003 0.229 -0.076 -0.094 -0.054 -0.087 -0.099 0.001 -0.008 -0.364 0.026 -0.469 -0.335 -0.042 8.767 0.171 -0.047 -0.161 0.019 0.021 -0.016 0 0 0
0.816 0.014 0.557 0.342 0.057 0.253 0.335 0.051 0.019 0.036 0.174 0.135 0.19 0.146 0.345 0.171 2.21 0.147 0.329 0.105 0.047 0.026 0 0 0
0.096 0.006 0.246 0.109 0.002 0.081 0.104 -0.001 0.007 0.012 -0.008 0.054 -0.023 -0.013 0.117 -0.047 0.147 5.785 0.088 0.042 0.021 0.006 0 0 0
0.091 0.012 0.546 0.222 -0.006 0.165 0.211 -0.013 0.015 0.023 -0.057 0.117 -0.1 -0.064 0.242 -0.161 0.329 0.088 6.344 0.09 0.047 0.012 0 0 0
0.187 0.005 0.183 0.099 0.012 0.074 0.097 0.01 0.006 0.011 0.031 0.043 0.03 0.024 0.102 0.019 0.105 0.042 0.09 4.013 0.016 0.007 0 0 0
0.114 0.002 0.084 0.05 0.008 0.037 0.049 0.007 0.003 0.005 0.023 0.02 0.025 0.019 0.051 0.021 0.047 0.021 0.047 0.016 2.515 0.004 0 0 0
0.001 0.001 0.043 0.017 -0.001 0.012 0.016 -0.002 0.001 0.002 -0.007 0.009 -0.01 -0.007 0.018 -0.016 0.026 0.006 0.012 0.007 0.004 6.427 0 0 0
0 0 0 0 0 0 0 0 0 0 0 0 0 0 0 0 0 0 0 0 0 0 6.811 2.065 0.633
0 0 0 0 0 0 0 0 0 0 0 0 0 0 0 0 0 0 0 0 0 0 2.065 8.901 2.744
0 0 0 0 0 0 0 0 0 0 0 0 0 0 0 0 0 0 0 0 0 0 0.633 2.744 9.132

 Final eigenvalues for each cluster >> 
 (rows correspond to clusters)
12.419 9.52 9.335 9.22 9.016 8.747 8.617 8.578 8.021 7.799 7.209 6.752 5.768 5.405 5.217 4.809 4.46 4.195 3.827 3.603 3.539 2.847 2.675 2.272 1.238
12.419 9.325 8.822 8.691 8.514 8.381 8.082 7.576 7.209 6.426 6.177 5.741 5.564 5.458 5.454 5.428 5.217 5.136 4.568 3.98 3.915 3.901 2.779 2.508 1.897

 *************************************************

 ********************* rotation ******************

 *************************************************


 The orthogonal matrix Q >>
0.081 0.213 0.087 0.217 0.061 0.239 0.195 0.032 0.021 0.346 0.354 0.264 0.036 0.303 0.04 0.182 0.31 0.248 0.293 0.03 0.079 0.315
0.213 -0.958 0.017 0.043 0.012 0.047 0.038 0.006 0.004 0.068 0.07 0.052 0.007 0.06 0.008 0.036 0.061 0.049 0.058 0.006 0.016 0.062
0.087 0.017 -0.993 0.017 0.005 0.019 0.016 0.003 0.002 0.028 0.029 0.021 0.003 0.024 0.003 0.015 0.025 0.02 0.024 0.002 0.006 0.025
0.217 0.043 0.017 -0.957 0.012 0.048 0.039 0.006 0.004 0.069 0.071 0.053 0.007 0.061 0.008 0.036 0.062 0.05 0.059 0.006 0.016 0.063
0.061 0.012 0.005 0.012 -0.997 0.014 0.011 0.002 0.001 0.02 0.02 0.015 0.002 0.017 0.002 0.01 0.018 0.014 0.017 0.002 0.004 0.018
0.239 0.047 0.019 0.048 0.014 -0.947 0.043 0.007 0.005 0.077 0.078 0.058 0.008 0.067 0.009 0.04 0.068 0.055 0.065 0.007 0.018 0.07
0.195 0.038 0.016 0.039 0.011 0.043 -0.965 0.006 0.004 0.062 0.064 0.048 0.007 0.055 0.007 0.033 0.056 0.045 0.053 0.005 0.014 0.057
0.032 0.006 0.003 0.006 0.002 0.007 0.006 -0.999 0.001 0.01 0.01 0.008 0.001 0.009 0.001 0.005 0.009 0.007 0.009 0.001 0.002 0.009
0.021 0.004 0.002 0.004 0.001 0.005 0.004 0.001 -1 0.007 0.007 0.005 0.001 0.006 0.001 0.004 0.006 0.005 0.006 0.001 0.002 0.006
0.346 0.068 0.028 0.069 0.02 0.077 0.062 0.01 0.007 -0.889 0.114 0.084 0.012 0.097 0.013 0.058 0.099 0.08 0.094 0.01 0.025 0.101
0.354 0.07 0.029 0.071 0.02 0.078 0.064 0.01 0.007 0.114 -0.884 0.086 0.012 0.099 0.013 0.06 0.102 0.081 0.096 0.01 0.026 0.103
0.264 0.052 0.021 0.053 0.015 0.058 0.048 0.008 0.005 0.084 0.086 -0.936 0.009 0.074 0.01 0.044 0.076 0.06 0.072 0.007 0.019 0.077
0.036 0.007 0.003 0.007 0.002 0.008 0.007 0.001 0.001 0.012 0.012 0.009 -0.999 0.01 0.001 0.006 0.01 0.008 0.01 0.001 0.003 0.011
0.303 0.06 0.024 0.061 0.017 0.067 0.055 0.009 0.006 0.097 0.099 0.074 0.01 -0.915 0.011 0.051 0.087 0.07 0.082 0.008 0.022 0.088
0.04 0.008 0.003 0.008 0.002 0.009 0.007 0.001 0.001 0.013 0.013 0.01 0.001 0.011 -0.998 0.007 0.012 0.009 0.011 0.001 0.003 0.012
0.182 0.036 0.015 0.036 0.01 0.04 0.033 0.005 0.004 0.058 0.06 0.044 0.006 0.051 0.007 -0.969 0.052 0.042 0.049 0.005 0.013 0.053
0.31 0.061 0.025 0.062 0.018 0.068 0.056 0.009 0.006 0.099 0.102 0.076 0.01 0.087 0.012 0.052 -0.911 0.071 0.084 0.009 0.023 0.09
0.248 0.049 0.02 0.05 0.014 0.055 0.045 0.007 0.005 0.08 0.081 0.06 0.008 0.07 0.009 0.042 0.071 -0.943 0.067 0.007 0.018 0.072
0.293 0.058 0.024 0.059 0.017 0.065 0.053 0.009 0.006 0.094 0.096 0.072 0.01 0.082 0.011 0.049 0.084 0.067 -0.92 0.008 0.021 0.086
0.03 0.006 0.002 0.006 0.002 0.007 0.005 0.001 0.001 0.01 0.01 0.007 0.001 0.008 0.001 0.005 0.009 0.007 0.008 -0.999 0.002 0.009
0.079 0.016 0.006 0.016 0.004 0.018 0.014 0.002 0.002 0.025 0.026 0.019 0.003 0.022 0.003 0.013 0.023 0.018 0.021 0.002 -0.994 0.023
0.315 0.062 0.025 0.063 0.018 0.07 0.057 0.009 0.006 0.101 0.103 0.077 0.011 0.088 0.012 0.053 0.09 0.072 0.086 0.009 0.023 -0.908

 Mean vectors and covariance matrices after rotation --- 1th cluster >>

 mean vector (mu'=Q*mu)>>
-0.818 -2.033 -2.471 -2.904 -2.846 -1.704 -0.339 -2.953 -0.198 0 -0.379 -1.995 0 -2.24 -0.282 -2.327 -2.752 -3.249 -0.743 -0.575 -0.298 -1.828 0 -0.761 -3.322

 covariance matrix (Sigma'=Q*Sigma*t(Q))>>

3.162 -0.125 -0.487 -0.188 -0.523 0.031 0.061 -0.236 0.086 0 -0.049 -0.062 0 -0.269 0.102 0.098 -0.303 -0.356 0.352 0.049 0.137 -0.009 0 -0.717 -0.322
-0.125 2.415 -0.063 0.126 -0.032 0.04 -0.014 0.154 0.055 0 0.013 0.076 0 0.167 0.01 0.034 0.156 0.136 -0.064 0.1 0.096 0.1 0 0.724 0.372
-0.487 -0.063 9.098 -0.207 -0.239 -0.241 -0.11 -0.145 -0.013 0 -0.021 -0.199 0 0.014 -0.096 -0.398 -0.105 -0.182 -0.42 0.002 -0.006 -0.176 0 -0.404 0.161
-0.188 0.126 -0.207 4.857 -0.187 0.001 -0.03 0.092 0.051 0 -0.006 0.012 0 0.141 -0.005 -0.042 0.028 -0.009 -0.121 0.084 0.093 0.033 0 0.307 0.396
-0.523 -0.032 -0.239 -0.187 8.779 -0.236 -0.116 -0.114 -0.015 0 -0.021 -0.193 0 0.053 -0.103 -0.402 -0.1 -0.175 -0.454 0.004 -0.007 -0.176 0 -0.38 0.244
0.031 0.04 -0.241 0.001 -0.236 2.707 0.013 0.001 0.069 0 -0.012 0.019 0 0.001 0.044 0.05 -0.024 -0.059 0.087 0.084 0.116 0.056 0 0.168 0.116
0.061 -0.014 -0.11 -0.03 -0.116 0.013 3.552 -0.037 0.021 0 -0.01 -0.008 0 -0.044 0.022 0.026 -0.06 -0.071 0.071 0.015 0.034 0.003 0 -0.125 -0.037
-0.236 0.154 -0.145 0.092 -0.114 0.001 -0.037 4.335 0.054 0 0.005 0.036 0 0.191 -0.012 -0.044 0.112 0.076 -0.161 0.101 0.097 0.06 0 0.585 0.466
0.086 0.055 -0.013 0.051 -0.015 0.069 0.021 0.054 7.798 0 -0.004 0.036 0 0.03 0.014 0.088 -0.043 -0.023 0.067 -0.01 -0.004 0.017 0 -0.109 0.071
0 0 0 0 0 0 0 0 0 9.132 0 0 2.744 0 0 0 0 0 0 0 0 0 0.633 0 0
-0.049 0.013 -0.021 -0.006 -0.021 -0.012 -0.01 0.005 -0.004 0 9.218 -0.013 0 0.02 -0.012 -0.029 -0.016 -0.02 -0.047 -0.003 -0.005 -0.017 0 -0.06 0.055
-0.062 0.076 -0.199 0.012 -0.193 0.019 -0.008 0.036 0.036 0 -0.013 5.405 0 0.061 0.008 0 -0.054 -0.077 -0.025 0.046 0.063 0.009 0 -0.019 0.227
0 0 0 0 0 0 0 0 0 2.744 0 0 8.901 0 0 0 0 0 0 0 0 0 2.065 0 0
-0.269 0.167 0.014 0.141 0.053 0.001 -0.044 0.191 0.03 0 0.02 0.061 0 3.839 -0.03 -0.046 0.203 0.186 -0.21 0.085 0.059 0.073 0 0.801 0.48
0.102 0.01 -0.096 -0.005 -0.103 0.044 0.022 -0.012 0.014 0 -0.012 0.008 0 -0.03 5.793 0.065 -0.082 -0.08 0.098 0.002 0.021 0.006 0 -0.203 -0.013
0.098 0.034 -0.398 -0.042 -0.402 0.05 0.026 -0.044 0.088 0 -0.029 0 0 -0.046 0.065 3.903 -0.136 -0.183 0.161 0.09 0.146 0.042 0 -0.122 0.098
-0.303 0.156 -0.105 0.028 -0.1 -0.024 -0.06 0.112 -0.043 0 -0.016 -0.054 0 0.203 -0.082 -0.136 9.391 -0.124 -0.309 -0.044 -0.061 -0.109 0 -0.472 0.493
-0.356 0.136 -0.182 -0.009 -0.175 -0.059 -0.071 0.076 -0.023 0 -0.02 -0.077 0 0.186 -0.08 -0.183 -0.124 8.435 -0.334 -0.016 -0.026 -0.111 0 -0.405 0.494
0.352 -0.064 -0.42 -0.121 -0.454 0.087 0.071 -0.161 0.067 0 -0.047 -0.025 0 -0.21 0.098 0.161 -0.309 -0.334 4.822 0.024 0.104 -0.001 0 -0.77 -0.23
0.049 0.1 0.002 0.084 0.004 0.084 0.015 0.101 -0.01 0 -0.003 0.046 0 0.085 0.002 0.09 -0.044 -0.016 0.024 8.599 -0.018 0.013 0 -0.123 0.179
0.137 0.096 -0.006 0.093 -0.007 0.116 0.034 0.097 -0.004 0 -0.005 0.063 0 0.059 0.021 0.146 -0.061 -0.026 0.104 -0.018 8.011 0.03 0 -0.156 0.128
-0.009 0.1 -0.176 0.033 -0.176 0.056 0.003 0.06 0.017 0 -0.017 0.009 0 0.073 0.006 0.042 -0.109 -0.111 -0.001 0.013 0.03 6.746 0 -0.241 0.245
0 0 0 0 0 0 0 0 0 0.633 0 0 2.065 0 0 0 0 0 0 0 0 0 6.811 0 0
-0.717 0.724 -0.404 0.307 -0.38 0.168 -0.125 0.585 -0.109 0 -0.06 -0.019 0 0.801 -0.203 -0.122 -0.472 -0.405 -0.77 -0.123 -0.156 -0.241 0 7.24 1.926
-0.322 0.372 0.161 0.396 0.244 0.116 -0.037 0.466 0.071 0 0.055 0.227 0 0.48 -0.013 0.098 0.493 0.494 -0.23 0.179 0.128 0.245 0 1.926 2.141

 Mean vectors and covariance matrices after rotation --- 2th cluster >>

 mean vector (mu'=Q*mu)>>
0.818 2.033 2.471 2.904 2.846 1.704 0.339 2.953 0.198 0 0.379 1.995 0 2.24 0.282 2.327 2.752 3.249 0.743 0.575 0.298 1.828 0 0.761 3.322

 covariance matrix (Sigma'=Q*Sigma*t(Q))>>

3.403 0.088 -0.292 -0.092 -0.404 -0.065 0.28 -0.603 -0.012 0 0.435 -0.371 0 -0.089 0.095 -0.27 -0.083 -0.627 -0.071 -0.033 0.022 0.122 0 -0.934 -0.465
0.088 5.508 0.035 0.16 -0.135 0.033 0.165 -0.135 0.003 0 0.091 0.011 0 0.017 0.021 -0.03 0.012 -0.083 0.03 -0.004 0.018 0.054 0 -0.22 -0.152
-0.292 0.035 4.063 0.156 0.116 0.301 0.297 0.071 0.007 0 -0.07 0.169 0 0.061 -0.029 0.08 0.092 0.15 0.058 0.044 0.054 0.031 0 0.459 0.127
-0.092 0.16 0.156 2.131 0.142 0.433 0.48 -0.006 0.011 0 0.094 0.135 0 0.133 0.011 0.094 0.201 0.081 0.065 0.07 0.088 0.16 0 0.706 0.156
-0.404 -0.135 0.116 0.142 8.565 -0.035 0.017 0.036 0 0 -0.223 0.173 0 -0.065 -0.061 -0.005 -0.119 0.125 0.056 -0.026 -0.013 -0.141 0 -0.402 -0.144
-0.065 0.033 0.301 0.433 -0.035 9.101 -0.262 0.278 0.017 0 -0.149 0.286 0 0.114 -0.007 0.169 0.056 0.363 0.111 -0.025 -0.046 0.004 0 -0.009 -0.022
0.28 0.165 0.297 0.48 0.017 -0.262 8.503 0.29 0.023 0 0.017 0.224 0 0.202 0.048 0.211 0.169 0.338 0.104 -0.015 -0.046 0.134 0 0.24 0.043
-0.603 -0.135 0.071 -0.006 0.036 0.278 0.29 6.442 -0.004 0 -0.231 0.157 0 -0.073 -0.084 -0.009 -0.073 0.1 0.034 0.022 0.041 -0.133 0 0.055 0.03
-0.012 0.003 0.007 0.011 0 0.017 0.023 -0.004 4.568 0 0 0.007 0 0.002 -0.001 0.001 0.004 0.002 0.003 0.002 0.003 0.003 0 0.011 0
0 0 0 0 0 0 0 0 0 9.132 0 0 2.744 0 0 0 0 0 0 0 0 0 0.633 0 0
0.435 0.091 -0.07 0.094 -0.223 -0.149 0.017 -0.231 0 0 5.371 -0.136 0 0.009 0.067 -0.083 -0.003 -0.234 -0.009 -0.028 -0.009 0.1 0 -0.475 -0.249
-0.371 0.011 0.169 0.135 0.173 0.286 0.224 0.157 0.007 0 -0.136 4.105 0 0.063 -0.043 0.11 0.09 0.228 0.059 0.045 0.045 0.003 0 0.562 0.193
0 0 0 0 0 0 0 0 0 2.744 0 0 8.901 0 0 0 0 0 0 0 0 0 2.065 0 0
-0.089 0.017 0.061 0.133 -0.065 0.114 0.202 -0.073 0.002 0 0.009 0.063 0 5.438 -0.005 -0.007 0.011 -0.011 0.036 0.008 0.027 0.019 0 -0.063 -0.076
0.095 0.021 -0.029 0.011 -0.061 -0.007 0.048 -0.084 -0.001 0 0.067 -0.043 0 -0.005 3.996 -0.033 -0.004 -0.082 -0.005 -0.004 0.004 0.025 0 -0.126 -0.07
-0.27 -0.03 0.08 0.094 -0.005 0.169 0.211 -0.009 0.001 0 -0.083 0.11 0 -0.007 -0.033 5.75 -0.005 0.058 0.038 0.015 0.03 -0.03 0 0.044 -0.01
-0.083 0.012 0.092 0.201 -0.119 0.056 0.169 -0.073 0.004 0 -0.003 0.09 0 0.011 -0.004 -0.005 6.173 0.006 0.051 -0.004 0.017 0.011 0 -0.199 -0.135
-0.627 -0.083 0.15 0.081 0.125 0.363 0.338 0.1 0.002 0 -0.234 0.228 0 -0.011 -0.082 0.058 0.006 5.655 0.059 0.042 0.056 -0.086 0 0.372 0.133
-0.071 0.03 0.058 0.065 0.056 0.111 0.104 0.034 0.003 0 -0.009 0.059 0 0.036 -0.005 0.038 0.051 0.059 2.53 0.019 0.02 0.028 0 0.219 0.062
-0.033 -0.004 0.044 0.07 -0.026 -0.025 -0.015 0.022 0.002 0 -0.028 0.045 0 0.008 -0.004 0.015 -0.004 0.042 0.019 8.076 -0.005 -0.008 0 -0.055 -0.027
0.022 0.018 0.054 0.088 -0.013 -0.046 -0.046 0.041 0.003 0 -0.009 0.045 0 0.027 0.004 0.03 0.017 0.056 0.02 -0.005 8.373 0.013 0 -0.006 -0.011
0.122 0.054 0.031 0.16 -0.141 0.004 0.134 -0.133 0.003 0 0.1 0.003 0 0.019 0.025 -0.03 0.011 -0.086 0.028 -0.008 0.013 5.621 0 -0.242 -0.159
0 0 0 0 0 0 0 0 0 0.633 0 0 2.065 0 0 0 0 0 0 0 0 0 6.811 0 0
-0.934 -0.22 0.459 0.706 -0.402 -0.009 0.24 0.055 0.011 0 -0.475 0.562 0 -0.063 -0.126 0.044 -0.199 0.372 0.219 -0.055 -0.006 -0.242 0 6.599 -0.451
-0.465 -0.152 0.127 0.156 -0.144 -0.022 0.043 0.03 0 0 -0.249 0.193 0 -0.076 -0.07 -0.01 -0.135 0.133 0.062 -0.027 -0.011 -0.159 0 -0.451 8.35

 Final eigenvalues for each cluster >> 
 (rows correspond to clusters)
12.419 9.52 9.335 9.22 9.016 8.747 8.617 8.578 8.021 7.799 7.209 6.752 5.768 5.405 5.217 4.809 4.46 4.195 3.827 3.603 3.539 2.847 2.675 2.272 1.238
12.419 9.325 8.822 8.691 8.514 8.381 8.082 7.576 7.209 6.426 6.177 5.741 5.564 5.458 5.454 5.428 5.217 5.136 4.568 3.98 3.915 3.901 2.779 2.508 1.897

 theoretical Separation index matrix >>

-1 0.34
0.34 -1

 theoretical projection directions >>

**** cluster 1 and 2
0.373 0.247 0.242 0.399 0.227 0.115 -0.028 0.307 0.006 0 0.039 0.206 0 0.232 0.041 0.288 0.198 0.265 0.15 0.023 -0.002 0.163 0 0.039 0.281

 empirical Separation index matrix (alpha= 0.05 )>>

-1 0.358
0.358 -1

 empirical projection directions >>

**** cluster 1 and 2
-0.398 -0.249 -0.139 -0.35 -0.191 0.027 0.111 -0.191 0.073 -0.026 -0.042 -0.231 0.055 -0.263 0.156 -0.257 -0.033 -0.309 -0.319 -0.007 -0.06 -0.181 0.003 0.031 -0.305
